Start date day,Month,Year
01,02,2023
Day,Party,0%,1%,2%,3%,4%,5%,6%,7%,8%,9%,10%,11%,12%,13%,14%,15%,16%,17%,18%,19%,20%,21%,22%,23%,24%,25%,26%,27%,28%,29%,30%,31%,32%,33%,34%,35%,36%,37%,38%,39%,40%,41%,42%,43%,44%,45%,46%,47%,48%,49%,50%,51%,52%,53%,54%,55%,56%,57%,58%,59%,60%,61%,62%,63%,64%,65%,66%,67%,68%,69%,70%,71%,72%,73%,74%,75%,76%,77%,78%,79%,80%,81%,82%,83%,84%,85%,86%,87%,88%,89%,90%,91%,92%,93%,94%,95%,96%,97%,98%,99%,100%
0,GRN FP,8.831,9.867,10.171,10.346,10.515,10.649,10.731,10.822,10.911,10.988,11.038,11.101,11.175,11.238,11.29,11.321,11.359,11.393,11.451,11.493,11.533,11.569,11.61,11.638,11.675,11.704,11.731,11.775,11.812,11.847,11.883,11.916,11.958,11.987,12.024,12.058,12.093,12.124,12.158,12.185,12.219,12.255,12.289,12.316,12.346,12.37,12.404,12.426,12.461,12.493,12.518,12.546,12.582,12.606,12.641,12.676,12.706,12.733,12.766,12.798,12.824,12.862,12.897,12.928,12.977,13.003,13.036,13.069,13.106,13.135,13.171,13.2,13.234,13.272,13.312,13.349,13.383,13.415,13.459,13.494,13.53,13.573,13.619,13.668,13.717,13.763,13.816,13.863,13.916,13.98,14.025,14.114,14.187,14.255,14.343,14.448,14.563,14.726,14.942,15.263,15.978
1,GRN FP,8.831,9.867,10.171,10.346,10.515,10.649,10.731,10.822,10.911,10.988,11.038,11.101,11.175,11.238,11.29,11.321,11.359,11.393,11.451,11.493,11.533,11.569,11.61,11.638,11.675,11.704,11.731,11.775,11.812,11.847,11.883,11.916,11.958,11.987,12.024,12.058,12.093,12.124,12.158,12.185,12.219,12.255,12.289,12.316,12.346,12.37,12.404,12.426,12.461,12.493,12.518,12.546,12.582,12.606,12.641,12.676,12.706,12.733,12.766,12.798,12.824,12.862,12.897,12.928,12.977,13.003,13.036,13.069,13.106,13.135,13.171,13.2,13.234,13.272,13.312,13.349,13.383,13.415,13.459,13.494,13.53,13.573,13.619,13.668,13.717,13.763,13.816,13.863,13.916,13.98,14.025,14.114,14.187,14.255,14.343,14.448,14.563,14.726,14.942,15.263,15.978
2,GRN FP,8.685,9.782,10.073,10.278,10.451,10.561,10.642,10.743,10.836,10.911,10.988,11.065,11.123,11.172,11.218,11.254,11.296,11.341,11.388,11.428,11.461,11.494,11.536,11.573,11.619,11.663,11.698,11.732,11.77,11.8,11.836,11.873,11.901,11.952,11.984,12.015,12.044,12.071,12.105,12.142,12.18,12.222,12.253,12.29,12.316,12.342,12.366,12.389,12.422,12.458,12.485,12.523,12.561,12.59,12.623,12.65,12.673,12.704,12.735,12.762,12.796,12.82,12.85,12.895,12.934,12.959,12.992,13.025,13.06,13.104,13.143,13.189,13.218,13.251,13.282,13.315,13.367,13.397,13.435,13.469,13.516,13.562,13.604,13.648,13.695,13.762,13.811,13.853,13.905,13.975,14.032,14.085,14.144,14.217,14.315,14.41,14.555,14.728,14.958,15.22,15.984
3,GRN FP,8.685,9.782,10.073,10.278,10.451,10.561,10.642,10.743,10.836,10.911,10.988,11.065,11.123,11.172,11.218,11.254,11.296,11.341,11.388,11.428,11.461,11.494,11.536,11.573,11.619,11.663,11.698,11.732,11.77,11.8,11.836,11.873,11.901,11.952,11.984,12.015,12.044,12.071,12.105,12.142,12.18,12.222,12.253,12.29,12.316,12.342,12.366,12.389,12.422,12.458,12.485,12.523,12.561,12.59,12.623,12.65,12.673,12.704,12.735,12.762,12.796,12.82,12.85,12.895,12.934,12.959,12.992,13.025,13.06,13.104,13.143,13.189,13.218,13.251,13.282,13.315,13.367,13.397,13.435,13.469,13.516,13.562,13.604,13.648,13.695,13.762,13.811,13.853,13.905,13.975,14.032,14.085,14.144,14.217,14.315,14.41,14.555,14.728,14.958,15.22,15.984
4,GRN FP,8.626,9.671,9.936,10.162,10.315,10.453,10.584,10.677,10.739,10.82,10.893,10.96,11.024,11.076,11.129,11.178,11.228,11.264,11.312,11.351,11.394,11.445,11.485,11.535,11.569,11.601,11.635,11.671,11.714,11.743,11.778,11.819,11.854,11.893,11.924,11.957,11.993,12.026,12.068,12.092,12.124,12.156,12.191,12.227,12.263,12.303,12.332,12.37,12.407,12.436,12.473,12.506,12.542,12.57,12.596,12.625,12.657,12.684,12.711,12.741,12.773,12.805,12.838,12.871,12.902,12.931,12.968,13.004,13.037,13.067,13.096,13.128,13.163,13.2,13.228,13.269,13.305,13.341,13.385,13.429,13.467,13.513,13.569,13.616,13.66,13.708,13.784,13.834,13.884,13.932,13.996,14.06,14.162,14.254,14.33,14.425,14.529,14.656,14.871,15.276,15.959
5,GRN FP,8.626,9.671,9.936,10.162,10.315,10.453,10.584,10.677,10.739,10.82,10.893,10.96,11.024,11.076,11.129,11.178,11.228,11.264,11.312,11.351,11.394,11.445,11.485,11.535,11.569,11.601,11.635,11.671,11.714,11.743,11.778,11.819,11.854,11.893,11.924,11.957,11.993,12.026,12.068,12.092,12.124,12.156,12.191,12.227,12.263,12.303,12.332,12.37,12.407,12.436,12.473,12.506,12.542,12.57,12.596,12.625,12.657,12.684,12.711,12.741,12.773,12.805,12.838,12.871,12.902,12.931,12.968,13.004,13.037,13.067,13.096,13.128,13.163,13.2,13.228,13.269,13.305,13.341,13.385,13.429,13.467,13.513,13.569,13.616,13.66,13.708,13.784,13.834,13.884,13.932,13.996,14.06,14.162,14.254,14.33,14.425,14.529,14.656,14.871,15.276,15.959
6,GRN FP,8.539,9.561,9.91,10.128,10.271,10.394,10.515,10.612,10.684,10.749,10.831,10.893,10.951,10.993,11.05,11.097,11.141,11.205,11.254,11.298,11.331,11.368,11.425,11.458,11.511,11.553,11.578,11.619,11.666,11.714,11.752,11.787,11.819,11.852,11.89,11.928,11.963,11.998,12.024,12.068,12.103,12.142,12.177,12.205,12.234,12.26,12.288,12.321,12.347,12.375,12.408,12.447,12.488,12.519,12.558,12.585,12.611,12.644,12.675,12.702,12.729,12.761,12.792,12.826,12.857,12.879,12.92,12.946,12.985,13.004,13.034,13.062,13.092,13.114,13.145,13.183,13.226,13.267,13.314,13.357,13.411,13.471,13.517,13.579,13.637,13.688,13.74,13.803,13.86,13.92,13.987,14.039,14.118,14.206,14.289,14.405,14.55,14.672,14.881,15.167,16.051
7,GRN FP,8.539,9.561,9.91,10.128,10.271,10.394,10.515,10.612,10.684,10.749,10.831,10.893,10.951,10.993,11.05,11.097,11.141,11.205,11.254,11.298,11.331,11.368,11.425,11.458,11.511,11.553,11.578,11.619,11.666,11.714,11.752,11.787,11.819,11.852,11.89,11.928,11.963,11.998,12.024,12.068,12.103,12.142,12.177,12.205,12.234,12.26,12.288,12.321,12.347,12.375,12.408,12.447,12.488,12.519,12.558,12.585,12.611,12.644,12.675,12.702,12.729,12.761,12.792,12.826,12.857,12.879,12.92,12.946,12.985,13.004,13.034,13.062,13.092,13.114,13.145,13.183,13.226,13.267,13.314,13.357,13.411,13.471,13.517,13.579,13.637,13.688,13.74,13.803,13.86,13.92,13.987,14.039,14.118,14.206,14.289,14.405,14.55,14.672,14.881,15.167,16.051
8,GRN FP,8.55,9.495,9.84,10.043,10.188,10.306,10.426,10.539,10.622,10.706,10.774,10.832,10.888,10.961,11.027,11.073,11.13,11.171,11.212,11.251,11.289,11.337,11.391,11.435,11.473,11.511,11.55,11.594,11.628,11.673,11.713,11.743,11.768,11.8,11.838,11.871,11.904,11.939,11.978,12.002,12.023,12.065,12.099,12.135,12.162,12.192,12.223,12.254,12.281,12.321,12.356,12.394,12.425,12.455,12.483,12.524,12.566,12.59,12.63,12.663,12.696,12.733,12.762,12.798,12.825,12.847,12.885,12.918,12.956,12.995,13.026,13.053,13.088,13.135,13.161,13.202,13.238,13.272,13.323,13.365,13.415,13.464,13.523,13.579,13.633,13.683,13.731,13.796,13.833,13.882,13.951,14.004,14.088,14.162,14.258,14.374,14.502,14.656,14.878,15.174,16.061
9,GRN FP,8.55,9.495,9.84,10.043,10.188,10.306,10.426,10.539,10.622,10.706,10.774,10.832,10.888,10.961,11.027,11.073,11.13,11.171,11.212,11.251,11.289,11.337,11.391,11.435,11.473,11.511,11.55,11.594,11.628,11.673,11.713,11.743,11.768,11.8,11.838,11.871,11.904,11.939,11.978,12.002,12.023,12.065,12.099,12.135,12.162,12.192,12.223,12.254,12.281,12.321,12.356,12.394,12.425,12.455,12.483,12.524,12.566,12.59,12.63,12.663,12.696,12.733,12.762,12.798,12.825,12.847,12.885,12.918,12.956,12.995,13.026,13.053,13.088,13.135,13.161,13.202,13.238,13.272,13.323,13.365,13.415,13.464,13.523,13.579,13.633,13.683,13.731,13.796,13.833,13.882,13.951,14.004,14.088,14.162,14.258,14.374,14.502,14.656,14.878,15.174,16.061
10,GRN FP,8.376,9.375,9.732,9.957,10.186,10.276,10.391,10.464,10.556,10.64,10.711,10.785,10.841,10.906,10.955,11.016,11.06,11.094,11.139,11.189,11.239,11.299,11.347,11.382,11.422,11.466,11.511,11.558,11.592,11.628,11.666,11.696,11.722,11.757,11.804,11.833,11.87,11.903,11.935,11.975,12.003,12.029,12.06,12.095,12.12,12.148,12.183,12.217,12.25,12.285,12.312,12.348,12.389,12.418,12.447,12.489,12.523,12.552,12.585,12.621,12.655,12.69,12.723,12.765,12.808,12.837,12.865,12.895,12.93,12.96,13.001,13.035,13.086,13.112,13.158,13.207,13.241,13.283,13.323,13.36,13.404,13.452,13.491,13.532,13.584,13.628,13.677,13.719,13.772,13.825,13.893,13.984,14.055,14.134,14.249,14.365,14.474,14.63,14.83,15.078,15.938
11,GRN FP,8.376,9.375,9.732,9.957,10.186,10.276,10.391,10.464,10.556,10.64,10.711,10.785,10.841,10.906,10.955,11.016,11.06,11.094,11.139,11.189,11.239,11.299,11.347,11.382,11.422,11.466,11.511,11.558,11.592,11.628,11.666,11.696,11.722,11.757,11.804,11.833,11.87,11.903,11.935,11.975,12.003,12.029,12.06,12.095,12.12,12.148,12.183,12.217,12.25,12.285,12.312,12.348,12.389,12.418,12.447,12.489,12.523,12.552,12.585,12.621,12.655,12.69,12.723,12.765,12.808,12.837,12.865,12.895,12.93,12.96,13.001,13.035,13.086,13.112,13.158,13.207,13.241,13.283,13.323,13.36,13.404,13.452,13.491,13.532,13.584,13.628,13.677,13.719,13.772,13.825,13.893,13.984,14.055,14.134,14.249,14.365,14.474,14.63,14.83,15.078,15.938
12,GRN FP,8.278,9.442,9.642,9.924,10.071,10.205,10.314,10.412,10.5,10.575,10.661,10.72,10.785,10.856,10.919,10.972,11.038,11.076,11.128,11.167,11.214,11.254,11.298,11.335,11.387,11.429,11.461,11.49,11.522,11.561,11.611,11.649,11.683,11.719,11.752,11.782,11.816,11.851,11.879,11.914,11.955,11.988,12.02,12.053,12.098,12.127,12.162,12.195,12.235,12.272,12.306,12.333,12.364,12.392,12.424,12.451,12.489,12.53,12.558,12.595,12.624,12.663,12.69,12.716,12.749,12.79,12.821,12.862,12.891,12.918,12.951,12.984,13.027,13.063,13.1,13.141,13.183,13.219,13.26,13.303,13.348,13.395,13.438,13.483,13.53,13.581,13.649,13.707,13.772,13.834,13.896,13.972,14.039,14.127,14.235,14.311,14.435,14.631,14.853,15.174,15.966
13,GRN FP,8.278,9.442,9.642,9.924,10.071,10.205,10.314,10.412,10.5,10.575,10.661,10.72,10.785,10.856,10.919,10.972,11.038,11.076,11.128,11.167,11.214,11.254,11.298,11.335,11.387,11.429,11.461,11.49,11.522,11.561,11.611,11.649,11.683,11.719,11.752,11.782,11.816,11.851,11.879,11.914,11.955,11.988,12.02,12.053,12.098,12.127,12.162,12.195,12.235,12.272,12.306,12.333,12.364,12.392,12.424,12.451,12.489,12.53,12.558,12.595,12.624,12.663,12.69,12.716,12.749,12.79,12.821,12.862,12.891,12.918,12.951,12.984,13.027,13.063,13.1,13.141,13.183,13.219,13.26,13.303,13.348,13.395,13.438,13.483,13.53,13.581,13.649,13.707,13.772,13.834,13.896,13.972,14.039,14.127,14.235,14.311,14.435,14.631,14.853,15.174,15.966
14,GRN FP,8.352,9.307,9.558,9.789,9.967,10.109,10.255,10.345,10.449,10.522,10.598,10.669,10.753,10.813,10.874,10.917,10.979,11.039,11.079,11.118,11.173,11.216,11.249,11.29,11.335,11.368,11.401,11.437,11.47,11.513,11.548,11.596,11.629,11.679,11.71,11.743,11.778,11.818,11.862,11.887,11.917,11.954,11.982,12.015,12.047,12.081,12.108,12.15,12.179,12.217,12.247,12.279,12.313,12.344,12.379,12.417,12.441,12.472,12.497,12.53,12.56,12.597,12.632,12.674,12.707,12.745,12.775,12.807,12.845,12.873,12.916,12.958,12.992,13.036,13.079,13.111,13.152,13.187,13.234,13.275,13.306,13.362,13.415,13.459,13.509,13.553,13.617,13.662,13.739,13.815,13.901,13.961,14.059,14.172,14.249,14.347,14.452,14.611,14.793,15.134,16.211
15,GRN FP,8.352,9.307,9.558,9.789,9.967,10.109,10.255,10.345,10.449,10.522,10.598,10.669,10.753,10.813,10.874,10.917,10.979,11.039,11.079,11.118,11.173,11.216,11.249,11.29,11.335,11.368,11.401,11.437,11.47,11.513,11.548,11.596,11.629,11.679,11.71,11.743,11.778,11.818,11.862,11.887,11.917,11.954,11.982,12.015,12.047,12.081,12.108,12.15,12.179,12.217,12.247,12.279,12.313,12.344,12.379,12.417,12.441,12.472,12.497,12.53,12.56,12.597,12.632,12.674,12.707,12.745,12.775,12.807,12.845,12.873,12.916,12.958,12.992,13.036,13.079,13.111,13.152,13.187,13.234,13.275,13.306,13.362,13.415,13.459,13.509,13.553,13.617,13.662,13.739,13.815,13.901,13.961,14.059,14.172,14.249,14.347,14.452,14.611,14.793,15.134,16.211
16,GRN FP,8.409,9.167,9.56,9.833,9.96,10.097,10.215,10.312,10.415,10.502,10.56,10.631,10.679,10.724,10.8,10.855,10.917,10.985,11.05,11.098,11.139,11.177,11.216,11.254,11.304,11.338,11.375,11.412,11.446,11.492,11.533,11.563,11.594,11.636,11.672,11.719,11.754,11.789,11.815,11.851,11.883,11.917,11.946,11.984,12.016,12.054,12.098,12.129,12.152,12.186,12.212,12.238,12.275,12.307,12.335,12.358,12.395,12.424,12.45,12.477,12.506,12.534,12.572,12.602,12.638,12.682,12.731,12.769,12.8,12.834,12.869,12.914,12.947,12.98,13.021,13.06,13.107,13.137,13.183,13.233,13.278,13.32,13.361,13.418,13.478,13.536,13.581,13.627,13.695,13.765,13.852,13.935,13.997,14.122,14.231,14.35,14.465,14.587,14.83,15.145,16.436
17,GRN FP,8.409,9.167,9.56,9.833,9.96,10.097,10.215,10.312,10.415,10.502,10.56,10.631,10.679,10.724,10.8,10.855,10.917,10.985,11.05,11.098,11.139,11.177,11.216,11.254,11.304,11.338,11.375,11.412,11.446,11.492,11.533,11.563,11.594,11.636,11.672,11.719,11.754,11.789,11.815,11.851,11.883,11.917,11.946,11.984,12.016,12.054,12.098,12.129,12.152,12.186,12.212,12.238,12.275,12.307,12.335,12.358,12.395,12.424,12.45,12.477,12.506,12.534,12.572,12.602,12.638,12.682,12.731,12.769,12.8,12.834,12.869,12.914,12.947,12.98,13.021,13.06,13.107,13.137,13.183,13.233,13.278,13.32,13.361,13.418,13.478,13.536,13.581,13.627,13.695,13.765,13.852,13.935,13.997,14.122,14.231,14.35,14.465,14.587,14.83,15.145,16.436
18,GRN FP,8.262,9.078,9.519,9.773,9.907,10.036,10.163,10.286,10.373,10.439,10.526,10.595,10.646,10.696,10.749,10.804,10.864,10.905,10.968,11.012,11.057,11.11,11.152,11.212,11.255,11.301,11.339,11.378,11.424,11.466,11.495,11.535,11.572,11.599,11.63,11.664,11.696,11.728,11.756,11.786,11.824,11.854,11.896,11.932,11.972,12.005,12.044,12.089,12.13,12.161,12.188,12.218,12.247,12.281,12.317,12.341,12.366,12.394,12.417,12.445,12.481,12.522,12.554,12.58,12.61,12.646,12.679,12.715,12.756,12.795,12.83,12.859,12.9,12.945,12.982,13.019,13.067,13.109,13.153,13.196,13.232,13.289,13.329,13.381,13.436,13.504,13.567,13.639,13.71,13.787,13.866,13.935,14.006,14.096,14.187,14.279,14.418,14.584,14.783,15.106,16.049
19,GRN FP,8.262,9.078,9.519,9.773,9.907,10.036,10.163,10.286,10.373,10.439,10.526,10.595,10.646,10.696,10.749,10.804,10.864,10.905,10.968,11.012,11.057,11.11,11.152,11.212,11.255,11.301,11.339,11.378,11.424,11.466,11.495,11.535,11.572,11.599,11.63,11.664,11.696,11.728,11.756,11.786,11.824,11.854,11.896,11.932,11.972,12.005,12.044,12.089,12.13,12.161,12.188,12.218,12.247,12.281,12.317,12.341,12.366,12.394,12.417,12.445,12.481,12.522,12.554,12.58,12.61,12.646,12.679,12.715,12.756,12.795,12.83,12.859,12.9,12.945,12.982,13.019,13.067,13.109,13.153,13.196,13.232,13.289,13.329,13.381,13.436,13.504,13.567,13.639,13.71,13.787,13.866,13.935,14.006,14.096,14.187,14.279,14.418,14.584,14.783,15.106,16.049
20,GRN FP,8.217,9.144,9.586,9.742,9.938,10.079,10.169,10.249,10.358,10.418,10.479,10.56,10.63,10.675,10.739,10.788,10.843,10.892,10.939,10.991,11.036,11.08,11.122,11.164,11.207,11.249,11.295,11.337,11.377,11.422,11.46,11.496,11.535,11.569,11.601,11.639,11.671,11.702,11.738,11.766,11.808,11.839,11.865,11.896,11.922,11.956,11.996,12.021,12.053,12.088,12.131,12.156,12.193,12.233,12.268,12.302,12.326,12.357,12.388,12.422,12.446,12.48,12.51,12.546,12.578,12.619,12.645,12.689,12.731,12.774,12.809,12.835,12.883,12.924,12.964,13.016,13.061,13.103,13.139,13.176,13.218,13.266,13.313,13.371,13.435,13.483,13.546,13.6,13.68,13.741,13.819,13.876,13.963,14.066,14.17,14.265,14.397,14.538,14.79,15.118,16.337
21,GRN FP,8.217,9.144,9.586,9.742,9.938,10.079,10.169,10.249,10.358,10.418,10.479,10.56,10.63,10.675,10.739,10.788,10.843,10.892,10.939,10.991,11.036,11.08,11.122,11.164,11.207,11.249,11.295,11.337,11.377,11.422,11.46,11.496,11.535,11.569,11.601,11.639,11.671,11.702,11.738,11.766,11.808,11.839,11.865,11.896,11.922,11.956,11.996,12.021,12.053,12.088,12.131,12.156,12.193,12.233,12.268,12.302,12.326,12.357,12.388,12.422,12.446,12.48,12.51,12.546,12.578,12.619,12.645,12.689,12.731,12.774,12.809,12.835,12.883,12.924,12.964,13.016,13.061,13.103,13.139,13.176,13.218,13.266,13.313,13.371,13.435,13.483,13.546,13.6,13.68,13.741,13.819,13.876,13.963,14.066,14.17,14.265,14.397,14.538,14.79,15.118,16.337
22,GRN FP,7.855,9.217,9.478,9.733,9.898,10.021,10.125,10.227,10.308,10.397,10.461,10.521,10.587,10.656,10.706,10.76,10.82,10.862,10.899,10.945,10.987,11.035,11.077,11.119,11.165,11.204,11.247,11.288,11.332,11.373,11.415,11.452,11.481,11.528,11.566,11.603,11.644,11.682,11.713,11.753,11.78,11.82,11.845,11.873,11.912,11.934,11.967,11.993,12.03,12.06,12.096,12.12,12.156,12.179,12.216,12.252,12.29,12.323,12.356,12.394,12.429,12.466,12.493,12.516,12.555,12.587,12.629,12.663,12.686,12.725,12.762,12.797,12.839,12.879,12.921,12.965,13.001,13.037,13.088,13.135,13.174,13.235,13.287,13.34,13.4,13.437,13.497,13.55,13.623,13.704,13.782,13.871,13.933,14.039,14.125,14.264,14.403,14.549,14.778,15.094,16.095
23,GRN FP,7.855,9.217,9.478,9.733,9.898,10.021,10.125,10.227,10.308,10.397,10.461,10.521,10.587,10.656,10.706,10.76,10.82,10.862,10.899,10.945,10.987,11.035,11.077,11.119,11.165,11.204,11.247,11.288,11.332,11.373,11.415,11.452,11.481,11.528,11.566,11.603,11.644,11.682,11.713,11.753,11.78,11.82,11.845,11.873,11.912,11.934,11.967,11.993,12.03,12.06,12.096,12.12,12.156,12.179,12.216,12.252,12.29,12.323,12.356,12.394,12.429,12.466,12.493,12.516,12.555,12.587,12.629,12.663,12.686,12.725,12.762,12.797,12.839,12.879,12.921,12.965,13.001,13.037,13.088,13.135,13.174,13.235,13.287,13.34,13.4,13.437,13.497,13.55,13.623,13.704,13.782,13.871,13.933,14.039,14.125,14.264,14.403,14.549,14.778,15.094,16.095
24,GRN FP,7.822,9.123,9.478,9.68,9.844,9.988,10.093,10.161,10.243,10.328,10.406,10.486,10.546,10.601,10.657,10.704,10.762,10.806,10.854,10.914,10.974,11.01,11.064,11.096,11.13,11.166,11.206,11.249,11.294,11.33,11.371,11.41,11.447,11.482,11.524,11.564,11.595,11.631,11.668,11.703,11.728,11.767,11.801,11.837,11.867,11.898,11.926,11.958,11.994,12.031,12.056,12.09,12.127,12.155,12.199,12.231,12.27,12.299,12.339,12.366,12.386,12.422,12.455,12.486,12.521,12.555,12.59,12.614,12.644,12.671,12.708,12.743,12.792,12.827,12.875,12.922,12.967,12.997,13.04,13.091,13.131,13.183,13.226,13.291,13.344,13.412,13.463,13.531,13.579,13.655,13.74,13.836,13.934,14.029,14.095,14.201,14.359,14.519,14.701,15.08,15.923
25,GRN FP,7.822,9.123,9.478,9.68,9.844,9.988,10.093,10.161,10.243,10.328,10.406,10.486,10.546,10.601,10.657,10.704,10.762,10.806,10.854,10.914,10.974,11.01,11.064,11.096,11.13,11.166,11.206,11.249,11.294,11.33,11.371,11.41,11.447,11.482,11.524,11.564,11.595,11.631,11.668,11.703,11.728,11.767,11.801,11.837,11.867,11.898,11.926,11.958,11.994,12.031,12.056,12.09,12.127,12.155,12.199,12.231,12.27,12.299,12.339,12.366,12.386,12.422,12.455,12.486,12.521,12.555,12.59,12.614,12.644,12.671,12.708,12.743,12.792,12.827,12.875,12.922,12.967,12.997,13.04,13.091,13.131,13.183,13.226,13.291,13.344,13.412,13.463,13.531,13.579,13.655,13.74,13.836,13.934,14.029,14.095,14.201,14.359,14.519,14.701,15.08,15.923
26,GRN FP,7.761,9.012,9.334,9.586,9.723,9.864,10.001,10.112,10.196,10.283,10.354,10.423,10.491,10.549,10.619,10.687,10.763,10.809,10.86,10.914,10.957,11.004,11.046,11.099,11.137,11.169,11.204,11.242,11.287,11.329,11.365,11.402,11.434,11.476,11.509,11.55,11.579,11.614,11.636,11.666,11.7,11.732,11.759,11.789,11.819,11.855,11.88,11.909,11.936,11.965,12.003,12.041,12.067,12.102,12.14,12.189,12.229,12.261,12.284,12.315,12.345,12.373,12.424,12.452,12.482,12.519,12.55,12.576,12.618,12.648,12.686,12.722,12.76,12.795,12.831,12.874,12.915,12.96,12.995,13.046,13.094,13.132,13.181,13.227,13.262,13.316,13.378,13.449,13.518,13.599,13.653,13.724,13.814,13.907,14.025,14.169,14.314,14.443,14.638,14.967,15.899
27,GRN FP,7.761,9.012,9.334,9.586,9.723,9.864,10.001,10.112,10.196,10.283,10.354,10.423,10.491,10.549,10.619,10.687,10.763,10.809,10.86,10.914,10.957,11.004,11.046,11.099,11.137,11.169,11.204,11.242,11.287,11.329,11.365,11.402,11.434,11.476,11.509,11.55,11.579,11.614,11.636,11.666,11.7,11.732,11.759,11.789,11.819,11.855,11.88,11.909,11.936,11.965,12.003,12.041,12.067,12.102,12.14,12.189,12.229,12.261,12.284,12.315,12.345,12.373,12.424,12.452,12.482,12.519,12.55,12.576,12.618,12.648,12.686,12.722,12.76,12.795,12.831,12.874,12.915,12.96,12.995,13.046,13.094,13.132,13.181,13.227,13.262,13.316,13.378,13.449,13.518,13.599,13.653,13.724,13.814,13.907,14.025,14.169,14.314,14.443,14.638,14.967,15.899
28,GRN FP,7.532,9.06,9.367,9.595,9.743,9.849,9.97,10.082,10.168,10.26,10.345,10.415,10.477,10.534,10.586,10.653,10.714,10.77,10.835,10.877,10.917,10.96,10.996,11.049,11.097,11.141,11.176,11.206,11.248,11.291,11.326,11.356,11.391,11.424,11.458,11.493,11.528,11.56,11.594,11.634,11.668,11.707,11.741,11.771,11.801,11.832,11.867,11.904,11.939,11.966,11.996,12.029,12.056,12.082,12.117,12.142,12.179,12.211,12.239,12.258,12.282,12.325,12.362,12.404,12.435,12.476,12.509,12.554,12.582,12.608,12.64,12.676,12.717,12.749,12.782,12.832,12.869,12.908,12.951,12.991,13.046,13.101,13.137,13.189,13.246,13.306,13.354,13.427,13.493,13.563,13.63,13.694,13.766,13.852,13.955,14.099,14.212,14.383,14.561,14.871,15.699
29,GRN FP,7.532,9.06,9.367,9.595,9.743,9.849,9.97,10.082,10.168,10.26,10.345,10.415,10.477,10.534,10.586,10.653,10.714,10.77,10.835,10.877,10.917,10.96,10.996,11.049,11.097,11.141,11.176,11.206,11.248,11.291,11.326,11.356,11.391,11.424,11.458,11.493,11.528,11.56,11.594,11.634,11.668,11.707,11.741,11.771,11.801,11.832,11.867,11.904,11.939,11.966,11.996,12.029,12.056,12.082,12.117,12.142,12.179,12.211,12.239,12.258,12.282,12.325,12.362,12.404,12.435,12.476,12.509,12.554,12.582,12.608,12.64,12.676,12.717,12.749,12.782,12.832,12.869,12.908,12.951,12.991,13.046,13.101,13.137,13.189,13.246,13.306,13.354,13.427,13.493,13.563,13.63,13.694,13.766,13.852,13.955,14.099,14.212,14.383,14.561,14.871,15.699
30,GRN FP,8.052,9.066,9.367,9.544,9.691,9.815,9.943,10.062,10.128,10.211,10.276,10.35,10.406,10.486,10.549,10.616,10.654,10.701,10.772,10.818,10.871,10.925,10.969,11.027,11.06,11.109,11.145,11.192,11.223,11.256,11.298,11.337,11.378,11.414,11.446,11.475,11.511,11.54,11.57,11.599,11.635,11.669,11.7,11.732,11.769,11.807,11.829,11.862,11.891,11.919,11.957,11.985,12.024,12.058,12.091,12.115,12.147,12.184,12.206,12.239,12.269,12.305,12.336,12.367,12.4,12.432,12.47,12.503,12.533,12.566,12.601,12.632,12.666,12.697,12.74,12.787,12.817,12.857,12.897,12.946,13.003,13.048,13.103,13.147,13.207,13.272,13.318,13.37,13.431,13.515,13.592,13.674,13.762,13.856,13.954,14.058,14.179,14.305,14.521,14.827,15.715
31,GRN FP,8.052,9.066,9.367,9.544,9.691,9.815,9.943,10.062,10.128,10.211,10.276,10.35,10.406,10.486,10.549,10.616,10.654,10.701,10.772,10.818,10.871,10.925,10.969,11.027,11.06,11.109,11.145,11.192,11.223,11.256,11.298,11.337,11.378,11.414,11.446,11.475,11.511,11.54,11.57,11.599,11.635,11.669,11.7,11.732,11.769,11.807,11.829,11.862,11.891,11.919,11.957,11.985,12.024,12.058,12.091,12.115,12.147,12.184,12.206,12.239,12.269,12.305,12.336,12.367,12.4,12.432,12.47,12.503,12.533,12.566,12.601,12.632,12.666,12.697,12.74,12.787,12.817,12.857,12.897,12.946,13.003,13.048,13.103,13.147,13.207,13.272,13.318,13.37,13.431,13.515,13.592,13.674,13.762,13.856,13.954,14.058,14.179,14.305,14.521,14.827,15.715
32,GRN FP,7.851,8.988,9.334,9.516,9.671,9.797,9.907,10.019,10.133,10.232,10.289,10.347,10.4,10.453,10.511,10.571,10.624,10.678,10.753,10.805,10.855,10.904,10.943,10.981,11.014,11.061,11.102,11.14,11.185,11.221,11.255,11.291,11.323,11.358,11.392,11.426,11.458,11.503,11.526,11.557,11.587,11.625,11.659,11.687,11.729,11.761,11.794,11.829,11.863,11.893,11.925,11.957,11.985,12.023,12.058,12.081,12.115,12.155,12.181,12.21,12.242,12.279,12.308,12.335,12.378,12.407,12.434,12.464,12.5,12.533,12.561,12.597,12.637,12.668,12.708,12.742,12.8,12.84,12.885,12.918,12.957,13.013,13.075,13.128,13.182,13.229,13.291,13.339,13.394,13.483,13.554,13.623,13.72,13.83,13.913,14.017,14.09,14.265,14.45,14.849,15.432
33,GRN FP,7.851,8.988,9.334,9.516,9.671,9.797,9.907,10.019,10.133,10.232,10.289,10.347,10.4,10.453,10.511,10.571,10.624,10.678,10.753,10.805,10.855,10.904,10.943,10.981,11.014,11.061,11.102,11.14,11.185,11.221,11.255,11.291,11.323,11.358,11.392,11.426,11.458,11.503,11.526,11.557,11.587,11.625,11.659,11.687,11.729,11.761,11.794,11.829,11.863,11.893,11.925,11.957,11.985,12.023,12.058,12.081,12.115,12.155,12.181,12.21,12.242,12.279,12.308,12.335,12.378,12.407,12.434,12.464,12.5,12.533,12.561,12.597,12.637,12.668,12.708,12.742,12.8,12.84,12.885,12.918,12.957,13.013,13.075,13.128,13.182,13.229,13.291,13.339,13.394,13.483,13.554,13.623,13.72,13.83,13.913,14.017,14.09,14.265,14.45,14.849,15.432
34,GRN FP,7.865,8.999,9.283,9.496,9.621,9.771,9.879,9.986,10.067,10.143,10.215,10.289,10.347,10.425,10.486,10.542,10.586,10.639,10.698,10.743,10.796,10.841,10.883,10.931,10.976,11.022,11.064,11.105,11.147,11.185,11.211,11.251,11.286,11.327,11.371,11.4,11.433,11.468,11.504,11.53,11.559,11.59,11.631,11.653,11.684,11.716,11.743,11.771,11.802,11.84,11.869,11.902,11.944,11.971,11.989,12.024,12.05,12.077,12.112,12.145,12.17,12.209,12.238,12.266,12.301,12.337,12.376,12.409,12.443,12.485,12.53,12.567,12.603,12.645,12.685,12.723,12.756,12.796,12.843,12.888,12.932,12.977,13.039,13.074,13.123,13.177,13.243,13.311,13.368,13.434,13.507,13.586,13.661,13.734,13.837,13.938,14.062,14.215,14.396,14.686,15.76
35,GRN FP,7.865,8.999,9.283,9.496,9.621,9.771,9.879,9.986,10.067,10.143,10.215,10.289,10.347,10.425,10.486,10.542,10.586,10.639,10.698,10.743,10.796,10.841,10.883,10.931,10.976,11.022,11.064,11.105,11.147,11.185,11.211,11.251,11.286,11.327,11.371,11.4,11.433,11.468,11.504,11.53,11.559,11.59,11.631,11.653,11.684,11.716,11.743,11.771,11.802,11.84,11.869,11.902,11.944,11.971,11.989,12.024,12.05,12.077,12.112,12.145,12.17,12.209,12.238,12.266,12.301,12.337,12.376,12.409,12.443,12.485,12.53,12.567,12.603,12.645,12.685,12.723,12.756,12.796,12.843,12.888,12.932,12.977,13.039,13.074,13.123,13.177,13.243,13.311,13.368,13.434,13.507,13.586,13.661,13.734,13.837,13.938,14.062,14.215,14.396,14.686,15.76
36,GRN FP,7.742,9.013,9.312,9.489,9.621,9.757,9.858,9.956,10.056,10.123,10.204,10.277,10.328,10.389,10.465,10.532,10.58,10.63,10.684,10.726,10.767,10.814,10.846,10.899,10.948,10.989,11.033,11.072,11.112,11.149,11.186,11.226,11.255,11.294,11.327,11.366,11.401,11.43,11.465,11.495,11.525,11.551,11.582,11.62,11.649,11.681,11.727,11.762,11.789,11.821,11.845,11.872,11.908,11.938,11.968,11.988,12.019,12.05,12.084,12.106,12.143,12.175,12.208,12.244,12.272,12.308,12.335,12.374,12.41,12.441,12.479,12.524,12.551,12.584,12.626,12.658,12.706,12.742,12.779,12.823,12.866,12.913,12.974,13.025,13.066,13.117,13.185,13.262,13.324,13.379,13.457,13.517,13.585,13.664,13.744,13.835,13.965,14.142,14.353,14.668,15.59
37,GRN FP,7.742,9.013,9.312,9.489,9.621,9.757,9.858,9.956,10.056,10.123,10.204,10.277,10.328,10.389,10.465,10.532,10.58,10.63,10.684,10.726,10.767,10.814,10.846,10.899,10.948,10.989,11.033,11.072,11.112,11.149,11.186,11.226,11.255,11.294,11.327,11.366,11.401,11.43,11.465,11.495,11.525,11.551,11.582,11.62,11.649,11.681,11.727,11.762,11.789,11.821,11.845,11.872,11.908,11.938,11.968,11.988,12.019,12.05,12.084,12.106,12.143,12.175,12.208,12.244,12.272,12.308,12.335,12.374,12.41,12.441,12.479,12.524,12.551,12.584,12.626,12.658,12.706,12.742,12.779,12.823,12.866,12.913,12.974,13.025,13.066,13.117,13.185,13.262,13.324,13.379,13.457,13.517,13.585,13.664,13.744,13.835,13.965,14.142,14.353,14.668,15.59
38,GRN FP,7.754,8.983,9.315,9.508,9.633,9.757,9.844,9.926,10.009,10.097,10.168,10.233,10.32,10.372,10.424,10.467,10.527,10.578,10.625,10.684,10.725,10.782,10.835,10.875,10.934,10.97,11.01,11.059,11.088,11.132,11.17,11.201,11.235,11.279,11.31,11.341,11.372,11.406,11.432,11.471,11.503,11.53,11.569,11.604,11.629,11.658,11.688,11.715,11.744,11.775,11.803,11.829,11.854,11.887,11.917,11.95,11.968,11.997,12.027,12.057,12.089,12.124,12.149,12.182,12.219,12.249,12.278,12.316,12.354,12.393,12.432,12.464,12.503,12.543,12.583,12.621,12.676,12.715,12.748,12.791,12.826,12.868,12.905,12.95,13.004,13.058,13.115,13.196,13.267,13.334,13.388,13.462,13.536,13.621,13.712,13.848,13.975,14.096,14.268,14.672,15.649
39,GRN FP,7.754,8.983,9.315,9.508,9.633,9.757,9.844,9.926,10.009,10.097,10.168,10.233,10.32,10.372,10.424,10.467,10.527,10.578,10.625,10.684,10.725,10.782,10.835,10.875,10.934,10.97,11.01,11.059,11.088,11.132,11.17,11.201,11.235,11.279,11.31,11.341,11.372,11.406,11.432,11.471,11.503,11.53,11.569,11.604,11.629,11.658,11.688,11.715,11.744,11.775,11.803,11.829,11.854,11.887,11.917,11.95,11.968,11.997,12.027,12.057,12.089,12.124,12.149,12.182,12.219,12.249,12.278,12.316,12.354,12.393,12.432,12.464,12.503,12.543,12.583,12.621,12.676,12.715,12.748,12.791,12.826,12.868,12.905,12.95,13.004,13.058,13.115,13.196,13.267,13.334,13.388,13.462,13.536,13.621,13.712,13.848,13.975,14.096,14.268,14.672,15.649
40,GRN FP,7.965,8.989,9.327,9.461,9.609,9.736,9.854,9.934,9.999,10.071,10.145,10.223,10.288,10.346,10.405,10.447,10.498,10.563,10.614,10.656,10.698,10.744,10.783,10.841,10.872,10.921,10.965,11.011,11.051,11.092,11.136,11.175,11.197,11.233,11.265,11.302,11.331,11.361,11.402,11.436,11.47,11.507,11.529,11.554,11.583,11.608,11.638,11.67,11.694,11.737,11.765,11.793,11.826,11.85,11.893,11.919,11.952,11.98,12.008,12.038,12.071,12.095,12.123,12.156,12.194,12.227,12.261,12.293,12.326,12.353,12.378,12.419,12.456,12.493,12.53,12.573,12.614,12.657,12.695,12.743,12.794,12.842,12.895,12.936,12.992,13.037,13.101,13.148,13.226,13.297,13.36,13.448,13.514,13.605,13.701,13.824,13.939,14.071,14.261,14.52,15.52
41,GRN FP,7.965,8.989,9.327,9.461,9.609,9.736,9.854,9.934,9.999,10.071,10.145,10.223,10.288,10.346,10.405,10.447,10.498,10.563,10.614,10.656,10.698,10.744,10.783,10.841,10.872,10.921,10.965,11.011,11.051,11.092,11.136,11.175,11.197,11.233,11.265,11.302,11.331,11.361,11.402,11.436,11.47,11.507,11.529,11.554,11.583,11.608,11.638,11.67,11.694,11.737,11.765,11.793,11.826,11.85,11.893,11.919,11.952,11.98,12.008,12.038,12.071,12.095,12.123,12.156,12.194,12.227,12.261,12.293,12.326,12.353,12.378,12.419,12.456,12.493,12.53,12.573,12.614,12.657,12.695,12.743,12.794,12.842,12.895,12.936,12.992,13.037,13.101,13.148,13.226,13.297,13.36,13.448,13.514,13.605,13.701,13.824,13.939,14.071,14.261,14.52,15.52
42,GRN FP,7.886,8.978,9.291,9.442,9.62,9.712,9.809,9.912,9.987,10.072,10.143,10.211,10.274,10.344,10.388,10.424,10.472,10.522,10.571,10.624,10.662,10.727,10.762,10.821,10.867,10.898,10.94,10.977,11.017,11.054,11.096,11.125,11.16,11.194,11.227,11.271,11.3,11.333,11.363,11.397,11.438,11.467,11.501,11.534,11.565,11.593,11.616,11.643,11.67,11.7,11.729,11.758,11.789,11.823,11.856,11.882,11.911,11.943,11.981,12.011,12.04,12.066,12.101,12.136,12.166,12.199,12.235,12.265,12.296,12.325,12.36,12.393,12.432,12.47,12.502,12.531,12.577,12.616,12.654,12.687,12.724,12.768,12.811,12.859,12.901,12.954,13.008,13.082,13.158,13.235,13.301,13.383,13.444,13.527,13.643,13.754,13.887,14.03,14.261,14.599,15.395
43,GRN FP,7.886,8.978,9.291,9.442,9.62,9.712,9.809,9.912,9.987,10.072,10.143,10.211,10.274,10.344,10.388,10.424,10.472,10.522,10.571,10.624,10.662,10.727,10.762,10.821,10.867,10.898,10.94,10.977,11.017,11.054,11.096,11.125,11.16,11.194,11.227,11.271,11.3,11.333,11.363,11.397,11.438,11.467,11.501,11.534,11.565,11.593,11.616,11.643,11.67,11.7,11.729,11.758,11.789,11.823,11.856,11.882,11.911,11.943,11.981,12.011,12.04,12.066,12.101,12.136,12.166,12.199,12.235,12.265,12.296,12.325,12.36,12.393,12.432,12.47,12.502,12.531,12.577,12.616,12.654,12.687,12.724,12.768,12.811,12.859,12.901,12.954,13.008,13.082,13.158,13.235,13.301,13.383,13.444,13.527,13.643,13.754,13.887,14.03,14.261,14.599,15.395
44,GRN FP,7.945,8.958,9.284,9.469,9.623,9.727,9.842,9.943,10.004,10.071,10.129,10.197,10.259,10.309,10.348,10.407,10.451,10.51,10.563,10.614,10.653,10.702,10.745,10.79,10.834,10.876,10.909,10.942,10.986,11.014,11.052,11.089,11.113,11.152,11.183,11.212,11.248,11.28,11.318,11.349,11.385,11.422,11.454,11.494,11.522,11.544,11.578,11.6,11.628,11.657,11.7,11.73,11.763,11.791,11.821,11.86,11.895,11.928,11.948,11.978,12.013,12.04,12.069,12.1,12.132,12.167,12.192,12.224,12.253,12.281,12.315,12.345,12.388,12.426,12.466,12.493,12.525,12.557,12.594,12.628,12.668,12.704,12.747,12.814,12.863,12.915,12.961,13.037,13.1,13.154,13.207,13.291,13.381,13.454,13.579,13.764,13.863,13.985,14.133,14.4,15.545
45,GRN FP,7.945,8.958,9.284,9.469,9.623,9.727,9.842,9.943,10.004,10.071,10.129,10.197,10.259,10.309,10.348,10.407,10.451,10.51,10.563,10.614,10.653,10.702,10.745,10.79,10.834,10.876,10.909,10.942,10.986,11.014,11.052,11.089,11.113,11.152,11.183,11.212,11.248,11.28,11.318,11.349,11.385,11.422,11.454,11.494,11.522,11.544,11.578,11.6,11.628,11.657,11.7,11.73,11.763,11.791,11.821,11.86,11.895,11.928,11.948,11.978,12.013,12.04,12.069,12.1,12.132,12.167,12.192,12.224,12.253,12.281,12.315,12.345,12.388,12.426,12.466,12.493,12.525,12.557,12.594,12.628,12.668,12.704,12.747,12.814,12.863,12.915,12.961,13.037,13.1,13.154,13.207,13.291,13.381,13.454,13.579,13.764,13.863,13.985,14.133,14.4,15.545
46,GRN FP,7.716,9.033,9.277,9.443,9.573,9.714,9.808,9.893,9.983,10.051,10.114,10.178,10.237,10.297,10.338,10.391,10.439,10.482,10.531,10.573,10.613,10.658,10.702,10.744,10.799,10.833,10.871,10.911,10.944,10.982,11.027,11.066,11.1,11.131,11.163,11.203,11.242,11.275,11.304,11.335,11.364,11.39,11.425,11.456,11.487,11.516,11.55,11.582,11.61,11.642,11.667,11.699,11.728,11.755,11.788,11.811,11.835,11.866,11.888,11.91,11.942,11.981,12.008,12.048,12.083,12.113,12.146,12.187,12.222,12.258,12.286,12.323,12.356,12.389,12.422,12.455,12.482,12.526,12.557,12.588,12.64,12.667,12.713,12.754,12.8,12.849,12.895,12.952,13.017,13.094,13.165,13.218,13.292,13.399,13.523,13.61,13.728,13.882,14.104,14.358,15.652
47,GRN FP,7.716,9.033,9.277,9.443,9.573,9.714,9.808,9.893,9.983,10.051,10.114,10.178,10.237,10.297,10.338,10.391,10.439,10.482,10.531,10.573,10.613,10.658,10.702,10.744,10.799,10.833,10.871,10.911,10.944,10.982,11.027,11.066,11.1,11.131,11.163,11.203,11.242,11.275,11.304,11.335,11.364,11.39,11.425,11.456,11.487,11.516,11.55,11.582,11.61,11.642,11.667,11.699,11.728,11.755,11.788,11.811,11.835,11.866,11.888,11.91,11.942,11.981,12.008,12.048,12.083,12.113,12.146,12.187,12.222,12.258,12.286,12.323,12.356,12.389,12.422,12.455,12.482,12.526,12.557,12.588,12.64,12.667,12.713,12.754,12.8,12.849,12.895,12.952,13.017,13.094,13.165,13.218,13.292,13.399,13.523,13.61,13.728,13.882,14.104,14.358,15.652
48,GRN FP,7.648,9.032,9.301,9.423,9.551,9.674,9.787,9.861,9.932,10.02,10.093,10.16,10.225,10.269,10.318,10.37,10.429,10.474,10.519,10.57,10.611,10.648,10.684,10.725,10.765,10.802,10.839,10.875,10.903,10.933,10.964,11.009,11.051,11.098,11.134,11.168,11.21,11.242,11.27,11.297,11.328,11.356,11.381,11.414,11.443,11.468,11.493,11.514,11.54,11.572,11.599,11.627,11.654,11.694,11.73,11.758,11.797,11.83,11.856,11.882,11.911,11.937,11.975,12.012,12.044,12.069,12.098,12.13,12.162,12.191,12.225,12.257,12.29,12.322,12.356,12.395,12.435,12.477,12.512,12.55,12.594,12.629,12.67,12.712,12.756,12.805,12.861,12.906,12.972,13.032,13.096,13.154,13.234,13.324,13.438,13.526,13.684,13.82,14.038,14.365,15.44
49,GRN FP,7.648,9.032,9.301,9.423,9.551,9.674,9.787,9.861,9.932,10.02,10.093,10.16,10.225,10.269,10.318,10.37,10.429,10.474,10.519,10.57,10.611,10.648,10.684,10.725,10.765,10.802,10.839,10.875,10.903,10.933,10.964,11.009,11.051,11.098,11.134,11.168,11.21,11.242,11.27,11.297,11.328,11.356,11.381,11.414,11.443,11.468,11.493,11.514,11.54,11.572,11.599,11.627,11.654,11.694,11.73,11.758,11.797,11.83,11.856,11.882,11.911,11.937,11.975,12.012,12.044,12.069,12.098,12.13,12.162,12.191,12.225,12.257,12.29,12.322,12.356,12.395,12.435,12.477,12.512,12.55,12.594,12.629,12.67,12.712,12.756,12.805,12.861,12.906,12.972,13.032,13.096,13.154,13.234,13.324,13.438,13.526,13.684,13.82,14.038,14.365,15.44
50,GRN FP,8.017,9.083,9.337,9.479,9.608,9.707,9.788,9.89,9.961,10.025,10.085,10.129,10.198,10.265,10.311,10.369,10.418,10.468,10.507,10.558,10.61,10.65,10.685,10.723,10.761,10.807,10.841,10.876,10.914,10.952,10.981,11.016,11.041,11.084,11.116,11.146,11.172,11.201,11.231,11.257,11.283,11.304,11.34,11.368,11.404,11.435,11.473,11.498,11.522,11.549,11.577,11.607,11.641,11.673,11.701,11.727,11.755,11.785,11.81,11.83,11.855,11.892,11.922,11.951,11.99,12.025,12.063,12.087,12.117,12.145,12.175,12.204,12.232,12.259,12.29,12.328,12.362,12.395,12.439,12.487,12.523,12.568,12.611,12.655,12.693,12.748,12.797,12.84,12.893,12.976,13.032,13.1,13.196,13.276,13.358,13.483,13.591,13.757,13.926,14.134,15.434
51,GRN FP,8.017,9.083,9.337,9.479,9.608,9.707,9.788,9.89,9.961,10.025,10.085,10.129,10.198,10.265,10.311,10.369,10.418,10.468,10.507,10.558,10.61,10.65,10.685,10.723,10.761,10.807,10.841,10.876,10.914,10.952,10.981,11.016,11.041,11.084,11.116,11.146,11.172,11.201,11.231,11.257,11.283,11.304,11.34,11.368,11.404,11.435,11.473,11.498,11.522,11.549,11.577,11.607,11.641,11.673,11.701,11.727,11.755,11.785,11.81,11.83,11.855,11.892,11.922,11.951,11.99,12.025,12.063,12.087,12.117,12.145,12.175,12.204,12.232,12.259,12.29,12.328,12.362,12.395,12.439,12.487,12.523,12.568,12.611,12.655,12.693,12.748,12.797,12.84,12.893,12.976,13.032,13.1,13.196,13.276,13.358,13.483,13.591,13.757,13.926,14.134,15.434
52,GRN FP,7.927,9.058,9.318,9.436,9.594,9.711,9.802,9.878,9.948,10.011,10.068,10.132,10.187,10.244,10.297,10.351,10.407,10.451,10.498,10.554,10.606,10.646,10.686,10.728,10.762,10.8,10.84,10.867,10.895,10.934,10.959,10.999,11.03,11.061,11.086,11.107,11.129,11.161,11.198,11.23,11.259,11.29,11.314,11.339,11.365,11.394,11.416,11.447,11.471,11.5,11.531,11.56,11.582,11.618,11.65,11.671,11.698,11.726,11.752,11.773,11.799,11.818,11.847,11.878,11.916,11.943,11.97,12.007,12.036,12.064,12.102,12.138,12.18,12.205,12.236,12.276,12.318,12.355,12.385,12.435,12.468,12.503,12.547,12.597,12.634,12.682,12.72,12.762,12.808,12.867,12.947,13.007,13.071,13.151,13.248,13.346,13.465,13.608,13.822,14.179,15.247
53,GRN FP,7.927,9.058,9.318,9.436,9.594,9.711,9.802,9.878,9.948,10.011,10.068,10.132,10.187,10.244,10.297,10.351,10.407,10.451,10.498,10.554,10.606,10.646,10.686,10.728,10.762,10.8,10.84,10.867,10.895,10.934,10.959,10.999,11.03,11.061,11.086,11.107,11.129,11.161,11.198,11.23,11.259,11.29,11.314,11.339,11.365,11.394,11.416,11.447,11.471,11.5,11.531,11.56,11.582,11.618,11.65,11.671,11.698,11.726,11.752,11.773,11.799,11.818,11.847,11.878,11.916,11.943,11.97,12.007,12.036,12.064,12.102,12.138,12.18,12.205,12.236,12.276,12.318,12.355,12.385,12.435,12.468,12.503,12.547,12.597,12.634,12.682,12.72,12.762,12.808,12.867,12.947,13.007,13.071,13.151,13.248,13.346,13.465,13.608,13.822,14.179,15.247
54,GRN FP,8.024,8.958,9.246,9.476,9.597,9.702,9.807,9.887,9.955,10.038,10.087,10.145,10.21,10.26,10.318,10.361,10.424,10.462,10.502,10.539,10.58,10.605,10.642,10.684,10.718,10.752,10.785,10.822,10.857,10.896,10.921,10.952,10.99,11.018,11.045,11.084,11.122,11.149,11.178,11.215,11.245,11.269,11.297,11.313,11.335,11.372,11.402,11.434,11.459,11.491,11.517,11.54,11.571,11.597,11.627,11.65,11.684,11.711,11.739,11.771,11.799,11.824,11.859,11.884,11.906,11.932,11.965,11.992,12.02,12.056,12.08,12.11,12.145,12.177,12.212,12.236,12.269,12.298,12.335,12.37,12.404,12.443,12.481,12.529,12.566,12.617,12.667,12.706,12.76,12.807,12.86,12.922,12.997,13.055,13.141,13.258,13.387,13.542,13.712,14.115,14.938
55,GRN FP,8.024,8.958,9.246,9.476,9.597,9.702,9.807,9.887,9.955,10.038,10.087,10.145,10.21,10.26,10.318,10.361,10.424,10.462,10.502,10.539,10.58,10.605,10.642,10.684,10.718,10.752,10.785,10.822,10.857,10.896,10.921,10.952,10.99,11.018,11.045,11.084,11.122,11.149,11.178,11.215,11.245,11.269,11.297,11.313,11.335,11.372,11.402,11.434,11.459,11.491,11.517,11.54,11.571,11.597,11.627,11.65,11.684,11.711,11.739,11.771,11.799,11.824,11.859,11.884,11.906,11.932,11.965,11.992,12.02,12.056,12.08,12.11,12.145,12.177,12.212,12.236,12.269,12.298,12.335,12.37,12.404,12.443,12.481,12.529,12.566,12.617,12.667,12.706,12.76,12.807,12.86,12.922,12.997,13.055,13.141,13.258,13.387,13.542,13.712,14.115,14.938
56,GRN FP,7.934,8.976,9.25,9.455,9.579,9.692,9.766,9.832,9.915,9.982,10.072,10.145,10.194,10.252,10.299,10.367,10.417,10.454,10.496,10.551,10.586,10.625,10.664,10.694,10.726,10.755,10.789,10.833,10.864,10.893,10.919,10.948,10.972,11.003,11.038,11.071,11.092,11.112,11.14,11.172,11.201,11.228,11.255,11.282,11.308,11.339,11.366,11.387,11.422,11.444,11.468,11.494,11.518,11.54,11.57,11.595,11.625,11.651,11.675,11.7,11.726,11.753,11.786,11.811,11.833,11.854,11.883,11.919,11.951,11.987,12.018,12.051,12.077,12.107,12.146,12.182,12.21,12.246,12.278,12.32,12.361,12.399,12.429,12.471,12.515,12.551,12.589,12.647,12.695,12.75,12.798,12.846,12.919,13.001,13.068,13.209,13.322,13.469,13.621,13.948,14.795
57,GRN FP,7.934,8.976,9.25,9.455,9.579,9.692,9.766,9.832,9.915,9.982,10.072,10.145,10.194,10.252,10.299,10.367,10.417,10.454,10.496,10.551,10.586,10.625,10.664,10.694,10.726,10.755,10.789,10.833,10.864,10.893,10.919,10.948,10.972,11.003,11.038,11.071,11.092,11.112,11.14,11.172,11.201,11.228,11.255,11.282,11.308,11.339,11.366,11.387,11.422,11.444,11.468,11.494,11.518,11.54,11.57,11.595,11.625,11.651,11.675,11.7,11.726,11.753,11.786,11.811,11.833,11.854,11.883,11.919,11.951,11.987,12.018,12.051,12.077,12.107,12.146,12.182,12.21,12.246,12.278,12.32,12.361,12.399,12.429,12.471,12.515,12.551,12.589,12.647,12.695,12.75,12.798,12.846,12.919,13.001,13.068,13.209,13.322,13.469,13.621,13.948,14.795
58,GRN FP,8.264,9.047,9.332,9.484,9.627,9.708,9.787,9.883,9.959,10.02,10.072,10.138,10.189,10.236,10.286,10.334,10.369,10.409,10.446,10.483,10.53,10.58,10.614,10.65,10.689,10.732,10.759,10.788,10.828,10.859,10.889,10.917,10.945,10.972,10.997,11.018,11.044,11.066,11.1,11.13,11.155,11.183,11.214,11.243,11.27,11.293,11.32,11.35,11.376,11.4,11.433,11.464,11.486,11.513,11.539,11.56,11.593,11.613,11.642,11.673,11.696,11.73,11.758,11.788,11.81,11.837,11.864,11.892,11.921,11.944,11.972,11.999,12.03,12.071,12.108,12.135,12.171,12.203,12.232,12.25,12.275,12.307,12.345,12.378,12.424,12.466,12.498,12.554,12.596,12.652,12.696,12.771,12.825,12.911,12.993,13.084,13.179,13.315,13.536,13.883,14.706
59,GRN FP,8.264,9.047,9.332,9.484,9.627,9.708,9.787,9.883,9.959,10.02,10.072,10.138,10.189,10.236,10.286,10.334,10.369,10.409,10.446,10.483,10.53,10.58,10.614,10.65,10.689,10.732,10.759,10.788,10.828,10.859,10.889,10.917,10.945,10.972,10.997,11.018,11.044,11.066,11.1,11.13,11.155,11.183,11.214,11.243,11.27,11.293,11.32,11.35,11.376,11.4,11.433,11.464,11.486,11.513,11.539,11.56,11.593,11.613,11.642,11.673,11.696,11.73,11.758,11.788,11.81,11.837,11.864,11.892,11.921,11.944,11.972,11.999,12.03,12.071,12.108,12.135,12.171,12.203,12.232,12.25,12.275,12.307,12.345,12.378,12.424,12.466,12.498,12.554,12.596,12.652,12.696,12.771,12.825,12.911,12.993,13.084,13.179,13.315,13.536,13.883,14.706
60,GRN FP,8.03,9.045,9.251,9.444,9.625,9.736,9.821,9.916,9.975,10.055,10.106,10.155,10.205,10.271,10.324,10.376,10.436,10.487,10.522,10.56,10.594,10.621,10.652,10.692,10.729,10.769,10.809,10.835,10.87,10.898,10.924,10.954,10.979,11.018,11.053,11.083,11.115,11.151,11.173,11.192,11.222,11.248,11.273,11.304,11.329,11.363,11.398,11.417,11.439,11.461,11.483,11.514,11.537,11.568,11.593,11.629,11.656,11.685,11.716,11.737,11.766,11.798,11.827,11.852,11.876,11.906,11.935,11.969,11.992,12.025,12.058,12.079,12.11,12.134,12.165,12.193,12.221,12.258,12.29,12.332,12.368,12.402,12.438,12.487,12.524,12.579,12.615,12.663,12.71,12.76,12.812,12.865,12.927,13.029,13.091,13.204,13.343,13.472,13.646,13.944,14.909
61,GRN FP,8.03,9.045,9.251,9.444,9.625,9.736,9.821,9.916,9.975,10.055,10.106,10.155,10.205,10.271,10.324,10.376,10.436,10.487,10.522,10.56,10.594,10.621,10.652,10.692,10.729,10.769,10.809,10.835,10.87,10.898,10.924,10.954,10.979,11.018,11.053,11.083,11.115,11.151,11.173,11.192,11.222,11.248,11.273,11.304,11.329,11.363,11.398,11.417,11.439,11.461,11.483,11.514,11.537,11.568,11.593,11.629,11.656,11.685,11.716,11.737,11.766,11.798,11.827,11.852,11.876,11.906,11.935,11.969,11.992,12.025,12.058,12.079,12.11,12.134,12.165,12.193,12.221,12.258,12.29,12.332,12.368,12.402,12.438,12.487,12.524,12.579,12.615,12.663,12.71,12.76,12.812,12.865,12.927,13.029,13.091,13.204,13.343,13.472,13.646,13.944,14.909
62,GRN FP,8.06,9.105,9.33,9.489,9.631,9.754,9.852,9.927,10.019,10.089,10.145,10.212,10.263,10.306,10.357,10.416,10.466,10.507,10.545,10.594,10.644,10.674,10.709,10.745,10.782,10.824,10.851,10.887,10.924,10.947,10.98,11.008,11.04,11.065,11.089,11.12,11.153,11.186,11.23,11.252,11.281,11.309,11.336,11.362,11.388,11.413,11.443,11.48,11.508,11.538,11.556,11.589,11.611,11.638,11.67,11.694,11.718,11.746,11.769,11.798,11.835,11.858,11.886,11.909,11.935,11.973,11.994,12.037,12.067,12.097,12.126,12.161,12.199,12.232,12.262,12.294,12.317,12.36,12.39,12.414,12.441,12.472,12.519,12.57,12.619,12.654,12.709,12.755,12.802,12.858,12.931,12.978,13.047,13.125,13.219,13.295,13.436,13.541,13.754,14.138,15.074
63,GRN FP,8.06,9.105,9.33,9.489,9.631,9.754,9.852,9.927,10.019,10.089,10.145,10.212,10.263,10.306,10.357,10.416,10.466,10.507,10.545,10.594,10.644,10.674,10.709,10.745,10.782,10.824,10.851,10.887,10.924,10.947,10.98,11.008,11.04,11.065,11.089,11.12,11.153,11.186,11.23,11.252,11.281,11.309,11.336,11.362,11.388,11.413,11.443,11.48,11.508,11.538,11.556,11.589,11.611,11.638,11.67,11.694,11.718,11.746,11.769,11.798,11.835,11.858,11.886,11.909,11.935,11.973,11.994,12.037,12.067,12.097,12.126,12.161,12.199,12.232,12.262,12.294,12.317,12.36,12.39,12.414,12.441,12.472,12.519,12.57,12.619,12.654,12.709,12.755,12.802,12.858,12.931,12.978,13.047,13.125,13.219,13.295,13.436,13.541,13.754,14.138,15.074
64,GRN FP,8.143,9.095,9.393,9.548,9.698,9.792,9.887,9.969,10.04,10.119,10.187,10.256,10.306,10.355,10.412,10.458,10.501,10.546,10.581,10.631,10.667,10.703,10.739,10.775,10.817,10.848,10.88,10.909,10.941,10.971,11.005,11.037,11.072,11.107,11.139,11.173,11.208,11.243,11.268,11.301,11.338,11.365,11.401,11.428,11.458,11.492,11.521,11.555,11.579,11.608,11.638,11.678,11.699,11.727,11.756,11.779,11.802,11.82,11.858,11.887,11.917,11.94,11.971,11.995,12.024,12.047,12.073,12.111,12.139,12.172,12.197,12.238,12.268,12.293,12.33,12.364,12.396,12.422,12.46,12.499,12.544,12.575,12.634,12.675,12.713,12.762,12.808,12.846,12.885,12.931,12.998,13.077,13.168,13.251,13.324,13.4,13.542,13.678,13.849,14.227,15.382
65,GRN FP,8.143,9.095,9.393,9.548,9.698,9.792,9.887,9.969,10.04,10.119,10.187,10.256,10.306,10.355,10.412,10.458,10.501,10.546,10.581,10.631,10.667,10.703,10.739,10.775,10.817,10.848,10.88,10.909,10.941,10.971,11.005,11.037,11.072,11.107,11.139,11.173,11.208,11.243,11.268,11.301,11.338,11.365,11.401,11.428,11.458,11.492,11.521,11.555,11.579,11.608,11.638,11.678,11.699,11.727,11.756,11.779,11.802,11.82,11.858,11.887,11.917,11.94,11.971,11.995,12.024,12.047,12.073,12.111,12.139,12.172,12.197,12.238,12.268,12.293,12.33,12.364,12.396,12.422,12.46,12.499,12.544,12.575,12.634,12.675,12.713,12.762,12.808,12.846,12.885,12.931,12.998,13.077,13.168,13.251,13.324,13.4,13.542,13.678,13.849,14.227,15.382
66,GRN FP,8.133,9.127,9.403,9.563,9.715,9.811,9.897,9.965,10.066,10.126,10.221,10.292,10.35,10.399,10.45,10.5,10.554,10.58,10.637,10.674,10.712,10.753,10.791,10.825,10.856,10.887,10.928,10.957,11.001,11.036,11.07,11.106,11.143,11.173,11.198,11.23,11.259,11.295,11.326,11.347,11.385,11.415,11.447,11.475,11.501,11.531,11.56,11.593,11.62,11.646,11.676,11.707,11.74,11.764,11.792,11.829,11.859,11.884,11.916,11.939,11.978,11.999,12.027,12.052,12.083,12.118,12.147,12.18,12.22,12.254,12.285,12.312,12.35,12.381,12.416,12.448,12.472,12.518,12.551,12.585,12.617,12.667,12.709,12.753,12.808,12.861,12.902,12.966,13.028,13.081,13.14,13.205,13.267,13.341,13.412,13.515,13.617,13.741,13.916,14.283,15.071
67,GRN FP,8.133,9.127,9.403,9.563,9.715,9.811,9.897,9.965,10.066,10.126,10.221,10.292,10.35,10.399,10.45,10.5,10.554,10.58,10.637,10.674,10.712,10.753,10.791,10.825,10.856,10.887,10.928,10.957,11.001,11.036,11.07,11.106,11.143,11.173,11.198,11.23,11.259,11.295,11.326,11.347,11.385,11.415,11.447,11.475,11.501,11.531,11.56,11.593,11.62,11.646,11.676,11.707,11.74,11.764,11.792,11.829,11.859,11.884,11.916,11.939,11.978,11.999,12.027,12.052,12.083,12.118,12.147,12.18,12.22,12.254,12.285,12.312,12.35,12.381,12.416,12.448,12.472,12.518,12.551,12.585,12.617,12.667,12.709,12.753,12.808,12.861,12.902,12.966,13.028,13.081,13.14,13.205,13.267,13.341,13.412,13.515,13.617,13.741,13.916,14.283,15.071
68,GRN FP,7.933,9.191,9.436,9.602,9.758,9.861,9.969,10.077,10.174,10.243,10.31,10.368,10.414,10.457,10.511,10.556,10.609,10.641,10.684,10.722,10.76,10.803,10.839,10.878,10.922,10.965,11.017,11.05,11.081,11.118,11.155,11.185,11.204,11.234,11.27,11.294,11.332,11.372,11.4,11.426,11.457,11.478,11.505,11.53,11.569,11.596,11.622,11.646,11.678,11.703,11.724,11.757,11.789,11.816,11.843,11.88,11.91,11.945,11.97,12.005,12.033,12.073,12.1,12.133,12.164,12.188,12.215,12.244,12.276,12.314,12.347,12.382,12.417,12.449,12.478,12.515,12.545,12.573,12.615,12.658,12.703,12.745,12.781,12.815,12.876,12.931,12.989,13.059,13.11,13.152,13.216,13.274,13.352,13.434,13.53,13.606,13.685,13.829,13.998,14.305,15.064
69,GRN FP,7.933,9.191,9.436,9.602,9.758,9.861,9.969,10.077,10.174,10.243,10.31,10.368,10.414,10.457,10.511,10.556,10.609,10.641,10.684,10.722,10.76,10.803,10.839,10.878,10.922,10.965,11.017,11.05,11.081,11.118,11.155,11.185,11.204,11.234,11.27,11.294,11.332,11.372,11.4,11.426,11.457,11.478,11.505,11.53,11.569,11.596,11.622,11.646,11.678,11.703,11.724,11.757,11.789,11.816,11.843,11.88,11.91,11.945,11.97,12.005,12.033,12.073,12.1,12.133,12.164,12.188,12.215,12.244,12.276,12.314,12.347,12.382,12.417,12.449,12.478,12.515,12.545,12.573,12.615,12.658,12.703,12.745,12.781,12.815,12.876,12.931,12.989,13.059,13.11,13.152,13.216,13.274,13.352,13.434,13.53,13.606,13.685,13.829,13.998,14.305,15.064
70,GRN FP,8.036,9.211,9.464,9.664,9.788,9.928,10.052,10.118,10.194,10.263,10.322,10.411,10.47,10.516,10.564,10.613,10.658,10.703,10.748,10.798,10.852,10.89,10.932,10.965,10.996,11.028,11.065,11.098,11.132,11.172,11.202,11.232,11.258,11.296,11.33,11.36,11.387,11.419,11.44,11.474,11.494,11.54,11.569,11.6,11.627,11.653,11.687,11.713,11.741,11.775,11.8,11.827,11.862,11.892,11.921,11.943,11.972,12.008,12.041,12.067,12.102,12.133,12.166,12.2,12.239,12.271,12.309,12.349,12.38,12.421,12.451,12.484,12.513,12.548,12.585,12.614,12.651,12.686,12.715,12.753,12.798,12.844,12.887,12.927,12.965,13.005,13.071,13.124,13.187,13.243,13.304,13.354,13.437,13.505,13.584,13.685,13.829,13.953,14.111,14.35,15.146
71,GRN FP,8.036,9.211,9.464,9.664,9.788,9.928,10.052,10.118,10.194,10.263,10.322,10.411,10.47,10.516,10.564,10.613,10.658,10.703,10.748,10.798,10.852,10.89,10.932,10.965,10.996,11.028,11.065,11.098,11.132,11.172,11.202,11.232,11.258,11.296,11.33,11.36,11.387,11.419,11.44,11.474,11.494,11.54,11.569,11.6,11.627,11.653,11.687,11.713,11.741,11.775,11.8,11.827,11.862,11.892,11.921,11.943,11.972,12.008,12.041,12.067,12.102,12.133,12.166,12.2,12.239,12.271,12.309,12.349,12.38,12.421,12.451,12.484,12.513,12.548,12.585,12.614,12.651,12.686,12.715,12.753,12.798,12.844,12.887,12.927,12.965,13.005,13.071,13.124,13.187,13.243,13.304,13.354,13.437,13.505,13.584,13.685,13.829,13.953,14.111,14.35,15.146
72,GRN FP,8.044,9.206,9.518,9.752,9.87,9.984,10.093,10.175,10.25,10.324,10.39,10.447,10.53,10.588,10.637,10.701,10.738,10.775,10.82,10.858,10.895,10.948,10.981,11.018,11.047,11.09,11.126,11.159,11.187,11.217,11.243,11.277,11.301,11.331,11.364,11.397,11.424,11.462,11.491,11.537,11.57,11.599,11.634,11.659,11.689,11.72,11.753,11.773,11.816,11.847,11.876,11.91,11.94,11.965,12.001,12.03,12.061,12.093,12.126,12.158,12.198,12.227,12.252,12.278,12.315,12.343,12.378,12.411,12.439,12.465,12.496,12.528,12.561,12.594,12.627,12.665,12.701,12.746,12.784,12.825,12.862,12.902,12.944,12.987,13.034,13.076,13.134,13.176,13.237,13.296,13.363,13.419,13.475,13.553,13.63,13.727,13.862,14.042,14.219,14.535,15.401
73,GRN FP,8.044,9.206,9.518,9.752,9.87,9.984,10.093,10.175,10.25,10.324,10.39,10.447,10.53,10.588,10.637,10.701,10.738,10.775,10.82,10.858,10.895,10.948,10.981,11.018,11.047,11.09,11.126,11.159,11.187,11.217,11.243,11.277,11.301,11.331,11.364,11.397,11.424,11.462,11.491,11.537,11.57,11.599,11.634,11.659,11.689,11.72,11.753,11.773,11.816,11.847,11.876,11.91,11.94,11.965,12.001,12.03,12.061,12.093,12.126,12.158,12.198,12.227,12.252,12.278,12.315,12.343,12.378,12.411,12.439,12.465,12.496,12.528,12.561,12.594,12.627,12.665,12.701,12.746,12.784,12.825,12.862,12.902,12.944,12.987,13.034,13.076,13.134,13.176,13.237,13.296,13.363,13.419,13.475,13.553,13.63,13.727,13.862,14.042,14.219,14.535,15.401
74,GRN FP,8.316,9.207,9.475,9.731,9.877,10.009,10.109,10.185,10.282,10.356,10.435,10.494,10.562,10.625,10.676,10.722,10.759,10.796,10.836,10.875,10.92,10.957,10.995,11.032,11.068,11.104,11.137,11.176,11.22,11.258,11.294,11.327,11.36,11.392,11.432,11.461,11.493,11.527,11.569,11.599,11.626,11.652,11.683,11.713,11.743,11.767,11.798,11.829,11.861,11.889,11.928,11.96,11.992,12.026,12.062,12.086,12.12,12.15,12.185,12.219,12.253,12.287,12.314,12.342,12.366,12.392,12.421,12.454,12.484,12.526,12.57,12.594,12.629,12.662,12.71,12.745,12.787,12.83,12.859,12.907,12.943,12.98,13.02,13.051,13.097,13.139,13.182,13.238,13.282,13.323,13.387,13.453,13.508,13.597,13.699,13.804,13.941,14.091,14.338,14.652,15.307
75,GRN FP,8.316,9.207,9.475,9.731,9.877,10.009,10.109,10.185,10.282,10.356,10.435,10.494,10.562,10.625,10.676,10.722,10.759,10.796,10.836,10.875,10.92,10.957,10.995,11.032,11.068,11.104,11.137,11.176,11.22,11.258,11.294,11.327,11.36,11.392,11.432,11.461,11.493,11.527,11.569,11.599,11.626,11.652,11.683,11.713,11.743,11.767,11.798,11.829,11.861,11.889,11.928,11.96,11.992,12.026,12.062,12.086,12.12,12.15,12.185,12.219,12.253,12.287,12.314,12.342,12.366,12.392,12.421,12.454,12.484,12.526,12.57,12.594,12.629,12.662,12.71,12.745,12.787,12.83,12.859,12.907,12.943,12.98,13.02,13.051,13.097,13.139,13.182,13.238,13.282,13.323,13.387,13.453,13.508,13.597,13.699,13.804,13.941,14.091,14.338,14.652,15.307
76,GRN FP,8.268,9.26,9.506,9.767,9.918,10.035,10.113,10.225,10.332,10.41,10.471,10.543,10.606,10.654,10.711,10.765,10.82,10.873,10.92,10.962,10.994,11.043,11.079,11.104,11.149,11.191,11.223,11.251,11.281,11.316,11.358,11.386,11.422,11.456,11.488,11.521,11.552,11.583,11.618,11.654,11.683,11.716,11.741,11.763,11.798,11.821,11.859,11.889,11.921,11.953,11.995,12.021,12.049,12.08,12.116,12.141,12.172,12.209,12.24,12.267,12.301,12.328,12.361,12.391,12.424,12.463,12.498,12.529,12.554,12.581,12.612,12.65,12.681,12.727,12.762,12.795,12.831,12.877,12.916,12.96,13.005,13.04,13.081,13.115,13.153,13.188,13.229,13.294,13.35,13.421,13.48,13.535,13.6,13.699,13.771,13.878,14.042,14.187,14.472,14.765,15.3
77,GRN FP,8.268,9.26,9.506,9.767,9.918,10.035,10.113,10.225,10.332,10.41,10.471,10.543,10.606,10.654,10.711,10.765,10.82,10.873,10.92,10.962,10.994,11.043,11.079,11.104,11.149,11.191,11.223,11.251,11.281,11.316,11.358,11.386,11.422,11.456,11.488,11.521,11.552,11.583,11.618,11.654,11.683,11.716,11.741,11.763,11.798,11.821,11.859,11.889,11.921,11.953,11.995,12.021,12.049,12.08,12.116,12.141,12.172,12.209,12.24,12.267,12.301,12.328,12.361,12.391,12.424,12.463,12.498,12.529,12.554,12.581,12.612,12.65,12.681,12.727,12.762,12.795,12.831,12.877,12.916,12.96,13.005,13.04,13.081,13.115,13.153,13.188,13.229,13.294,13.35,13.421,13.48,13.535,13.6,13.699,13.771,13.878,14.042,14.187,14.472,14.765,15.3
78,GRN FP,8.467,9.35,9.628,9.781,9.967,10.085,10.197,10.308,10.399,10.47,10.527,10.602,10.657,10.719,10.765,10.821,10.863,10.904,10.95,10.995,11.033,11.073,11.104,11.144,11.182,11.217,11.252,11.299,11.333,11.363,11.401,11.44,11.472,11.512,11.543,11.569,11.594,11.624,11.649,11.677,11.728,11.76,11.786,11.815,11.849,11.877,11.902,11.94,11.972,12.003,12.034,12.071,12.1,12.124,12.165,12.206,12.236,12.27,12.303,12.335,12.369,12.399,12.431,12.457,12.482,12.515,12.551,12.587,12.625,12.657,12.697,12.734,12.764,12.796,12.82,12.861,12.902,12.943,12.985,13.023,13.058,13.099,13.141,13.185,13.225,13.273,13.313,13.377,13.437,13.494,13.552,13.617,13.689,13.782,13.869,13.956,14.098,14.228,14.468,14.781,15.61
79,GRN FP,8.467,9.35,9.628,9.781,9.967,10.085,10.197,10.308,10.399,10.47,10.527,10.602,10.657,10.719,10.765,10.821,10.863,10.904,10.95,10.995,11.033,11.073,11.104,11.144,11.182,11.217,11.252,11.299,11.333,11.363,11.401,11.44,11.472,11.512,11.543,11.569,11.594,11.624,11.649,11.677,11.728,11.76,11.786,11.815,11.849,11.877,11.902,11.94,11.972,12.003,12.034,12.071,12.1,12.124,12.165,12.206,12.236,12.27,12.303,12.335,12.369,12.399,12.431,12.457,12.482,12.515,12.551,12.587,12.625,12.657,12.697,12.734,12.764,12.796,12.82,12.861,12.902,12.943,12.985,13.023,13.058,13.099,13.141,13.185,13.225,13.273,13.313,13.377,13.437,13.494,13.552,13.617,13.689,13.782,13.869,13.956,14.098,14.228,14.468,14.781,15.61
80,GRN FP,8.483,9.37,9.702,9.922,10.077,10.189,10.297,10.377,10.448,10.524,10.596,10.656,10.715,10.758,10.814,10.878,10.928,10.982,11.017,11.068,11.102,11.143,11.175,11.211,11.249,11.277,11.316,11.362,11.404,11.43,11.463,11.498,11.527,11.565,11.602,11.63,11.667,11.697,11.727,11.762,11.797,11.832,11.864,11.896,11.928,11.956,11.991,12.017,12.042,12.072,12.102,12.132,12.157,12.188,12.23,12.256,12.286,12.317,12.357,12.393,12.427,12.458,12.498,12.526,12.551,12.582,12.618,12.648,12.684,12.724,12.767,12.8,12.834,12.87,12.903,12.932,12.973,13.006,13.041,13.084,13.125,13.166,13.213,13.26,13.296,13.338,13.39,13.432,13.484,13.542,13.617,13.681,13.76,13.843,13.914,14.022,14.149,14.303,14.539,14.975,15.65
81,GRN FP,8.483,9.37,9.702,9.922,10.077,10.189,10.297,10.377,10.448,10.524,10.596,10.656,10.715,10.758,10.814,10.878,10.928,10.982,11.017,11.068,11.102,11.143,11.175,11.211,11.249,11.277,11.316,11.362,11.404,11.43,11.463,11.498,11.527,11.565,11.602,11.63,11.667,11.697,11.727,11.762,11.797,11.832,11.864,11.896,11.928,11.956,11.991,12.017,12.042,12.072,12.102,12.132,12.157,12.188,12.23,12.256,12.286,12.317,12.357,12.393,12.427,12.458,12.498,12.526,12.551,12.582,12.618,12.648,12.684,12.724,12.767,12.8,12.834,12.87,12.903,12.932,12.973,13.006,13.041,13.084,13.125,13.166,13.213,13.26,13.296,13.338,13.39,13.432,13.484,13.542,13.617,13.681,13.76,13.843,13.914,14.022,14.149,14.303,14.539,14.975,15.65
82,GRN FP,8.518,9.424,9.737,9.945,10.119,10.226,10.357,10.455,10.517,10.586,10.669,10.724,10.777,10.828,10.885,10.944,10.984,11.026,11.064,11.109,11.15,11.201,11.239,11.276,11.307,11.346,11.388,11.418,11.449,11.487,11.53,11.562,11.603,11.641,11.673,11.708,11.744,11.786,11.81,11.843,11.86,11.898,11.926,11.954,11.983,12.013,12.046,12.077,12.105,12.132,12.163,12.192,12.214,12.251,12.282,12.307,12.345,12.382,12.411,12.449,12.471,12.501,12.528,12.563,12.595,12.636,12.669,12.71,12.742,12.781,12.814,12.845,12.887,12.923,12.967,12.997,13.028,13.07,13.105,13.133,13.171,13.215,13.247,13.297,13.35,13.39,13.442,13.49,13.554,13.617,13.694,13.775,13.83,13.914,13.989,14.083,14.215,14.362,14.6,15.072,15.774
83,GRN FP,8.518,9.424,9.737,9.945,10.119,10.226,10.357,10.455,10.517,10.586,10.669,10.724,10.777,10.828,10.885,10.944,10.984,11.026,11.064,11.109,11.15,11.201,11.239,11.276,11.307,11.346,11.388,11.418,11.449,11.487,11.53,11.562,11.603,11.641,11.673,11.708,11.744,11.786,11.81,11.843,11.86,11.898,11.926,11.954,11.983,12.013,12.046,12.077,12.105,12.132,12.163,12.192,12.214,12.251,12.282,12.307,12.345,12.382,12.411,12.449,12.471,12.501,12.528,12.563,12.595,12.636,12.669,12.71,12.742,12.781,12.814,12.845,12.887,12.923,12.967,12.997,13.028,13.07,13.105,13.133,13.171,13.215,13.247,13.297,13.35,13.39,13.442,13.49,13.554,13.617,13.694,13.775,13.83,13.914,13.989,14.083,14.215,14.362,14.6,15.072,15.774
84,GRN FP,8.664,9.415,9.776,9.98,10.158,10.269,10.391,10.494,10.605,10.69,10.765,10.822,10.874,10.927,10.974,11.013,11.062,11.1,11.14,11.197,11.232,11.286,11.314,11.358,11.395,11.437,11.474,11.509,11.55,11.577,11.599,11.643,11.681,11.709,11.738,11.771,11.806,11.829,11.852,11.877,11.912,11.941,11.966,11.992,12.022,12.062,12.092,12.125,12.16,12.183,12.221,12.253,12.28,12.315,12.343,12.371,12.406,12.435,12.468,12.5,12.535,12.563,12.597,12.644,12.682,12.713,12.745,12.776,12.811,12.852,12.885,12.917,12.943,12.982,13.007,13.049,13.079,13.116,13.154,13.186,13.232,13.276,13.324,13.362,13.394,13.444,13.497,13.543,13.601,13.662,13.732,13.806,13.884,13.962,14.032,14.148,14.278,14.467,14.714,15.083,15.763
85,GRN FP,8.664,9.415,9.776,9.98,10.158,10.269,10.391,10.494,10.605,10.69,10.765,10.822,10.874,10.927,10.974,11.013,11.062,11.1,11.14,11.197,11.232,11.286,11.314,11.358,11.395,11.437,11.474,11.509,11.55,11.577,11.599,11.643,11.681,11.709,11.738,11.771,11.806,11.829,11.852,11.877,11.912,11.941,11.966,11.992,12.022,12.062,12.092,12.125,12.16,12.183,12.221,12.253,12.28,12.315,12.343,12.371,12.406,12.435,12.468,12.5,12.535,12.563,12.597,12.644,12.682,12.713,12.745,12.776,12.811,12.852,12.885,12.917,12.943,12.982,13.007,13.049,13.079,13.116,13.154,13.186,13.232,13.276,13.324,13.362,13.394,13.444,13.497,13.543,13.601,13.662,13.732,13.806,13.884,13.962,14.032,14.148,14.278,14.467,14.714,15.083,15.763
86,GRN FP,8.611,9.506,9.777,10.023,10.17,10.312,10.424,10.529,10.617,10.689,10.757,10.824,10.888,10.949,11.02,11.073,11.118,11.172,11.218,11.26,11.304,11.34,11.374,11.411,11.445,11.48,11.518,11.544,11.586,11.624,11.661,11.693,11.732,11.758,11.782,11.817,11.845,11.883,11.91,11.934,11.963,11.996,12.033,12.067,12.1,12.132,12.174,12.197,12.227,12.256,12.291,12.313,12.347,12.384,12.408,12.438,12.47,12.498,12.535,12.569,12.598,12.631,12.669,12.698,12.733,12.767,12.808,12.84,12.87,12.9,12.932,12.974,13.004,13.035,13.059,13.094,13.135,13.185,13.221,13.25,13.292,13.329,13.371,13.415,13.465,13.507,13.565,13.604,13.665,13.716,13.785,13.848,13.917,14.004,14.116,14.21,14.326,14.508,14.783,15.065,16.109
87,GRN FP,8.611,9.506,9.777,10.023,10.17,10.312,10.424,10.529,10.617,10.689,10.757,10.824,10.888,10.949,11.02,11.073,11.118,11.172,11.218,11.26,11.304,11.34,11.374,11.411,11.445,11.48,11.518,11.544,11.586,11.624,11.661,11.693,11.732,11.758,11.782,11.817,11.845,11.883,11.91,11.934,11.963,11.996,12.033,12.067,12.1,12.132,12.174,12.197,12.227,12.256,12.291,12.313,12.347,12.384,12.408,12.438,12.47,12.498,12.535,12.569,12.598,12.631,12.669,12.698,12.733,12.767,12.808,12.84,12.87,12.9,12.932,12.974,13.004,13.035,13.059,13.094,13.135,13.185,13.221,13.25,13.292,13.329,13.371,13.415,13.465,13.507,13.565,13.604,13.665,13.716,13.785,13.848,13.917,14.004,14.116,14.21,14.326,14.508,14.783,15.065,16.109
88,GRN FP,8.688,9.534,9.842,10.04,10.225,10.377,10.535,10.641,10.751,10.818,10.872,10.933,10.995,11.077,11.131,11.169,11.22,11.249,11.293,11.332,11.364,11.407,11.445,11.48,11.52,11.563,11.598,11.633,11.663,11.711,11.745,11.771,11.794,11.827,11.868,11.888,11.924,11.953,11.98,12.01,12.034,12.071,12.097,12.131,12.16,12.191,12.216,12.248,12.276,12.306,12.34,12.381,12.42,12.449,12.486,12.519,12.556,12.581,12.612,12.643,12.676,12.719,12.746,12.782,12.814,12.843,12.872,12.909,12.938,12.964,12.999,13.033,13.07,13.096,13.132,13.165,13.198,13.227,13.25,13.282,13.33,13.37,13.417,13.455,13.504,13.547,13.599,13.662,13.734,13.785,13.862,13.933,14.008,14.091,14.188,14.299,14.432,14.601,14.792,15.139,15.864
89,GRN FP,8.688,9.534,9.842,10.04,10.225,10.377,10.535,10.641,10.751,10.818,10.872,10.933,10.995,11.077,11.131,11.169,11.22,11.249,11.293,11.332,11.364,11.407,11.445,11.48,11.52,11.563,11.598,11.633,11.663,11.711,11.745,11.771,11.794,11.827,11.868,11.888,11.924,11.953,11.98,12.01,12.034,12.071,12.097,12.131,12.16,12.191,12.216,12.248,12.276,12.306,12.34,12.381,12.42,12.449,12.486,12.519,12.556,12.581,12.612,12.643,12.676,12.719,12.746,12.782,12.814,12.843,12.872,12.909,12.938,12.964,12.999,13.033,13.07,13.096,13.132,13.165,13.198,13.227,13.25,13.282,13.33,13.37,13.417,13.455,13.504,13.547,13.599,13.662,13.734,13.785,13.862,13.933,14.008,14.091,14.188,14.299,14.432,14.601,14.792,15.139,15.864
90,GRN FP,8.85,9.625,9.877,10.176,10.315,10.468,10.602,10.689,10.786,10.868,10.928,10.993,11.046,11.097,11.154,11.213,11.252,11.309,11.351,11.383,11.44,11.474,11.512,11.549,11.585,11.616,11.653,11.692,11.725,11.763,11.793,11.83,11.862,11.893,11.927,11.954,11.988,12.013,12.041,12.074,12.112,12.147,12.18,12.216,12.247,12.275,12.305,12.339,12.366,12.396,12.425,12.459,12.493,12.526,12.548,12.577,12.607,12.64,12.664,12.693,12.724,12.759,12.792,12.824,12.858,12.884,12.918,12.944,12.97,13.017,13.044,13.082,13.116,13.143,13.183,13.21,13.241,13.273,13.313,13.352,13.395,13.424,13.471,13.515,13.56,13.622,13.666,13.713,13.775,13.834,13.901,13.969,14.063,14.141,14.245,14.359,14.483,14.645,14.821,15.13,15.848
91,GRN FP,8.85,9.625,9.877,10.176,10.315,10.468,10.602,10.689,10.786,10.868,10.928,10.993,11.046,11.097,11.154,11.213,11.252,11.309,11.351,11.383,11.44,11.474,11.512,11.549,11.585,11.616,11.653,11.692,11.725,11.763,11.793,11.83,11.862,11.893,11.927,11.954,11.988,12.013,12.041,12.074,12.112,12.147,12.18,12.216,12.247,12.275,12.305,12.339,12.366,12.396,12.425,12.459,12.493,12.526,12.548,12.577,12.607,12.64,12.664,12.693,12.724,12.759,12.792,12.824,12.858,12.884,12.918,12.944,12.97,13.017,13.044,13.082,13.116,13.143,13.183,13.21,13.241,13.273,13.313,13.352,13.395,13.424,13.471,13.515,13.56,13.622,13.666,13.713,13.775,13.834,13.901,13.969,14.063,14.141,14.245,14.359,14.483,14.645,14.821,15.13,15.848
92,GRN FP,8.663,9.759,10.048,10.251,10.462,10.577,10.683,10.789,10.877,10.954,11.012,11.065,11.111,11.166,11.218,11.288,11.33,11.368,11.405,11.453,11.491,11.525,11.575,11.623,11.663,11.695,11.724,11.757,11.795,11.832,11.874,11.909,11.937,11.959,11.981,12.013,12.051,12.077,12.109,12.145,12.183,12.211,12.249,12.274,12.314,12.342,12.375,12.404,12.432,12.456,12.491,12.516,12.543,12.573,12.596,12.623,12.651,12.681,12.711,12.736,12.763,12.797,12.84,12.88,12.916,12.954,12.996,13.027,13.05,13.082,13.105,13.134,13.166,13.205,13.238,13.272,13.305,13.34,13.373,13.41,13.447,13.49,13.531,13.576,13.618,13.659,13.713,13.767,13.819,13.875,13.947,14.03,14.107,14.174,14.268,14.364,14.526,14.666,14.88,15.258,15.879
93,GRN FP,8.663,9.759,10.048,10.251,10.462,10.577,10.683,10.789,10.877,10.954,11.012,11.065,11.111,11.166,11.218,11.288,11.33,11.368,11.405,11.453,11.491,11.525,11.575,11.623,11.663,11.695,11.724,11.757,11.795,11.832,11.874,11.909,11.937,11.959,11.981,12.013,12.051,12.077,12.109,12.145,12.183,12.211,12.249,12.274,12.314,12.342,12.375,12.404,12.432,12.456,12.491,12.516,12.543,12.573,12.596,12.623,12.651,12.681,12.711,12.736,12.763,12.797,12.84,12.88,12.916,12.954,12.996,13.027,13.05,13.082,13.105,13.134,13.166,13.205,13.238,13.272,13.305,13.34,13.373,13.41,13.447,13.49,13.531,13.576,13.618,13.659,13.713,13.767,13.819,13.875,13.947,14.03,14.107,14.174,14.268,14.364,14.526,14.666,14.88,15.258,15.879
94,GRN FP,8.912,9.917,10.147,10.355,10.489,10.614,10.728,10.823,10.905,10.97,11.042,11.11,11.164,11.227,11.28,11.328,11.391,11.442,11.494,11.534,11.573,11.61,11.655,11.686,11.728,11.762,11.804,11.83,11.875,11.904,11.947,11.973,12.004,12.03,12.061,12.094,12.124,12.149,12.188,12.216,12.239,12.267,12.295,12.331,12.364,12.394,12.426,12.449,12.473,12.505,12.537,12.576,12.607,12.638,12.669,12.691,12.721,12.761,12.785,12.812,12.834,12.86,12.896,12.924,12.962,12.995,13.023,13.057,13.086,13.116,13.148,13.184,13.218,13.253,13.288,13.339,13.371,13.411,13.451,13.488,13.522,13.567,13.618,13.668,13.708,13.75,13.801,13.842,13.9,13.956,14.011,14.086,14.161,14.23,14.332,14.444,14.576,14.71,14.884,15.171,15.86
95,GRN FP,8.912,9.917,10.147,10.355,10.489,10.614,10.728,10.823,10.905,10.97,11.042,11.11,11.164,11.227,11.28,11.328,11.391,11.442,11.494,11.534,11.573,11.61,11.655,11.686,11.728,11.762,11.804,11.83,11.875,11.904,11.947,11.973,12.004,12.03,12.061,12.094,12.124,12.149,12.188,12.216,12.239,12.267,12.295,12.331,12.364,12.394,12.426,12.449,12.473,12.505,12.537,12.576,12.607,12.638,12.669,12.691,12.721,12.761,12.785,12.812,12.834,12.86,12.896,12.924,12.962,12.995,13.023,13.057,13.086,13.116,13.148,13.184,13.218,13.253,13.288,13.339,13.371,13.411,13.451,13.488,13.522,13.567,13.618,13.668,13.708,13.75,13.801,13.842,13.9,13.956,14.011,14.086,14.161,14.23,14.332,14.444,14.576,14.71,14.884,15.171,15.86
96,GRN FP,9.007,9.931,10.261,10.432,10.613,10.711,10.792,10.867,10.97,11.039,11.106,11.163,11.218,11.278,11.348,11.404,11.456,11.509,11.553,11.604,11.649,11.685,11.725,11.764,11.799,11.833,11.865,11.892,11.926,11.967,12.0,12.035,12.074,12.108,12.129,12.16,12.193,12.224,12.258,12.294,12.319,12.351,12.381,12.41,12.433,12.465,12.5,12.527,12.555,12.581,12.607,12.628,12.662,12.688,12.713,12.75,12.779,12.808,12.838,12.871,12.897,12.926,12.953,12.979,13.001,13.033,13.062,13.094,13.125,13.157,13.189,13.221,13.257,13.298,13.335,13.37,13.411,13.449,13.481,13.517,13.554,13.592,13.646,13.689,13.741,13.795,13.845,13.901,13.959,14.01,14.082,14.14,14.221,14.293,14.372,14.471,14.575,14.73,14.932,15.183,15.848
97,GRN FP,9.007,9.931,10.261,10.432,10.613,10.711,10.792,10.867,10.97,11.039,11.106,11.163,11.218,11.278,11.348,11.404,11.456,11.509,11.553,11.604,11.649,11.685,11.725,11.764,11.799,11.833,11.865,11.892,11.926,11.967,12.0,12.035,12.074,12.108,12.129,12.16,12.193,12.224,12.258,12.294,12.319,12.351,12.381,12.41,12.433,12.465,12.5,12.527,12.555,12.581,12.607,12.628,12.662,12.688,12.713,12.75,12.779,12.808,12.838,12.871,12.897,12.926,12.953,12.979,13.001,13.033,13.062,13.094,13.125,13.157,13.189,13.221,13.257,13.298,13.335,13.37,13.411,13.449,13.481,13.517,13.554,13.592,13.646,13.689,13.741,13.795,13.845,13.901,13.959,14.01,14.082,14.14,14.221,14.293,14.372,14.471,14.575,14.73,14.932,15.183,15.848
98,GRN FP,9.11,10.129,10.373,10.53,10.646,10.778,10.869,10.972,11.046,11.12,11.182,11.257,11.326,11.376,11.439,11.499,11.546,11.59,11.634,11.68,11.716,11.752,11.794,11.832,11.869,11.9,11.931,11.963,12.003,12.035,12.066,12.102,12.128,12.157,12.186,12.215,12.245,12.282,12.313,12.341,12.361,12.393,12.436,12.458,12.486,12.507,12.535,12.558,12.589,12.613,12.64,12.668,12.7,12.735,12.766,12.797,12.826,12.857,12.891,12.911,12.936,12.961,12.985,13.014,13.046,13.071,13.105,13.133,13.17,13.203,13.228,13.256,13.288,13.329,13.358,13.392,13.428,13.484,13.522,13.569,13.601,13.648,13.688,13.722,13.763,13.825,13.874,13.916,13.981,14.055,14.119,14.174,14.244,14.324,14.425,14.51,14.605,14.744,14.949,15.196,15.87
99,GRN FP,9.11,10.129,10.373,10.53,10.646,10.778,10.869,10.972,11.046,11.12,11.182,11.257,11.326,11.376,11.439,11.499,11.546,11.59,11.634,11.68,11.716,11.752,11.794,11.832,11.869,11.9,11.931,11.963,12.003,12.035,12.066,12.102,12.128,12.157,12.186,12.215,12.245,12.282,12.313,12.341,12.361,12.393,12.436,12.458,12.486,12.507,12.535,12.558,12.589,12.613,12.64,12.668,12.7,12.735,12.766,12.797,12.826,12.857,12.891,12.911,12.936,12.961,12.985,13.014,13.046,13.071,13.105,13.133,13.17,13.203,13.228,13.256,13.288,13.329,13.358,13.392,13.428,13.484,13.522,13.569,13.601,13.648,13.688,13.722,13.763,13.825,13.874,13.916,13.981,14.055,14.119,14.174,14.244,14.324,14.425,14.51,14.605,14.744,14.949,15.196,15.87
100,GRN FP,9.239,10.205,10.471,10.677,10.813,10.911,10.995,11.068,11.138,11.229,11.308,11.36,11.406,11.469,11.515,11.575,11.614,11.655,11.694,11.722,11.772,11.827,11.866,11.905,11.942,11.97,12.022,12.049,12.077,12.112,12.15,12.182,12.204,12.235,12.261,12.285,12.315,12.352,12.378,12.41,12.437,12.468,12.495,12.527,12.557,12.585,12.616,12.64,12.664,12.695,12.72,12.742,12.768,12.793,12.824,12.856,12.879,12.909,12.936,12.961,12.997,13.029,13.059,13.087,13.109,13.128,13.153,13.191,13.223,13.259,13.295,13.326,13.358,13.389,13.427,13.459,13.495,13.531,13.567,13.605,13.642,13.692,13.741,13.781,13.833,13.876,13.911,13.964,14.01,14.07,14.155,14.207,14.29,14.37,14.441,14.511,14.582,14.749,14.933,15.183,15.848
101,GRN FP,9.239,10.205,10.471,10.677,10.813,10.911,10.995,11.068,11.138,11.229,11.308,11.36,11.406,11.469,11.515,11.575,11.614,11.655,11.694,11.722,11.772,11.827,11.866,11.905,11.942,11.97,12.022,12.049,12.077,12.112,12.15,12.182,12.204,12.235,12.261,12.285,12.315,12.352,12.378,12.41,12.437,12.468,12.495,12.527,12.557,12.585,12.616,12.64,12.664,12.695,12.72,12.742,12.768,12.793,12.824,12.856,12.879,12.909,12.936,12.961,12.997,13.029,13.059,13.087,13.109,13.128,13.153,13.191,13.223,13.259,13.295,13.326,13.358,13.389,13.427,13.459,13.495,13.531,13.567,13.605,13.642,13.692,13.741,13.781,13.833,13.876,13.911,13.964,14.01,14.07,14.155,14.207,14.29,14.37,14.441,14.511,14.582,14.749,14.933,15.183,15.848
102,GRN FP,9.48,10.377,10.617,10.761,10.9,10.991,11.088,11.174,11.25,11.316,11.39,11.456,11.527,11.569,11.615,11.661,11.701,11.741,11.781,11.827,11.878,11.915,11.948,11.987,12.025,12.052,12.077,12.107,12.138,12.17,12.207,12.239,12.27,12.296,12.32,12.348,12.378,12.405,12.436,12.46,12.497,12.53,12.554,12.593,12.623,12.663,12.689,12.718,12.744,12.769,12.792,12.82,12.852,12.88,12.905,12.927,12.956,12.988,13.008,13.036,13.07,13.094,13.133,13.159,13.186,13.216,13.247,13.276,13.306,13.332,13.358,13.392,13.415,13.455,13.485,13.523,13.557,13.591,13.63,13.664,13.706,13.76,13.788,13.829,13.871,13.898,13.936,13.997,14.047,14.086,14.164,14.228,14.327,14.406,14.477,14.572,14.684,14.804,14.93,15.183,15.872
103,GRN FP,9.48,10.377,10.617,10.761,10.9,10.991,11.088,11.174,11.25,11.316,11.39,11.456,11.527,11.569,11.615,11.661,11.701,11.741,11.781,11.827,11.878,11.915,11.948,11.987,12.025,12.052,12.077,12.107,12.138,12.17,12.207,12.239,12.27,12.296,12.32,12.348,12.378,12.405,12.436,12.46,12.497,12.53,12.554,12.593,12.623,12.663,12.689,12.718,12.744,12.769,12.792,12.82,12.852,12.88,12.905,12.927,12.956,12.988,13.008,13.036,13.07,13.094,13.133,13.159,13.186,13.216,13.247,13.276,13.306,13.332,13.358,13.392,13.415,13.455,13.485,13.523,13.557,13.591,13.63,13.664,13.706,13.76,13.788,13.829,13.871,13.898,13.936,13.997,14.047,14.086,14.164,14.228,14.327,14.406,14.477,14.572,14.684,14.804,14.93,15.183,15.872
104,GRN FP,9.644,10.425,10.725,10.911,11.039,11.13,11.216,11.286,11.347,11.417,11.495,11.555,11.602,11.639,11.68,11.738,11.774,11.827,11.866,11.899,11.928,11.969,12.014,12.042,12.091,12.113,12.143,12.175,12.212,12.253,12.28,12.308,12.348,12.375,12.411,12.434,12.46,12.486,12.51,12.531,12.561,12.585,12.622,12.652,12.672,12.703,12.728,12.759,12.786,12.811,12.835,12.862,12.888,12.915,12.945,12.974,13.003,13.031,13.053,13.086,13.121,13.148,13.174,13.202,13.232,13.259,13.291,13.317,13.346,13.375,13.404,13.44,13.468,13.507,13.536,13.56,13.587,13.618,13.656,13.691,13.721,13.762,13.819,13.871,13.907,13.953,13.992,14.041,14.078,14.122,14.189,14.251,14.306,14.372,14.436,14.545,14.657,14.805,14.977,15.195,16.006
105,GRN FP,9.644,10.425,10.725,10.911,11.039,11.13,11.216,11.286,11.347,11.417,11.495,11.555,11.602,11.639,11.68,11.738,11.774,11.827,11.866,11.899,11.928,11.969,12.014,12.042,12.091,12.113,12.143,12.175,12.212,12.253,12.28,12.308,12.348,12.375,12.411,12.434,12.46,12.486,12.51,12.531,12.561,12.585,12.622,12.652,12.672,12.703,12.728,12.759,12.786,12.811,12.835,12.862,12.888,12.915,12.945,12.974,13.003,13.031,13.053,13.086,13.121,13.148,13.174,13.202,13.232,13.259,13.291,13.317,13.346,13.375,13.404,13.44,13.468,13.507,13.536,13.56,13.587,13.618,13.656,13.691,13.721,13.762,13.819,13.871,13.907,13.953,13.992,14.041,14.078,14.122,14.189,14.251,14.306,14.372,14.436,14.545,14.657,14.805,14.977,15.195,16.006
106,GRN FP,9.805,10.481,10.802,10.963,11.087,11.232,11.334,11.409,11.476,11.536,11.597,11.644,11.696,11.743,11.785,11.83,11.87,11.907,11.942,11.98,12.01,12.052,12.09,12.124,12.162,12.191,12.223,12.256,12.287,12.311,12.352,12.379,12.411,12.443,12.47,12.505,12.537,12.564,12.596,12.628,12.662,12.688,12.712,12.736,12.758,12.781,12.805,12.836,12.858,12.881,12.917,12.934,12.961,12.985,13.016,13.037,13.062,13.093,13.123,13.158,13.193,13.215,13.237,13.264,13.284,13.312,13.34,13.37,13.399,13.432,13.459,13.487,13.519,13.549,13.576,13.605,13.644,13.673,13.703,13.742,13.777,13.808,13.852,13.884,13.927,13.981,14.021,14.06,14.11,14.157,14.203,14.258,14.308,14.378,14.471,14.552,14.639,14.768,14.997,15.222,15.867
107,GRN FP,9.805,10.481,10.802,10.963,11.087,11.232,11.334,11.409,11.476,11.536,11.597,11.644,11.696,11.743,11.785,11.83,11.87,11.907,11.942,11.98,12.01,12.052,12.09,12.124,12.162,12.191,12.223,12.256,12.287,12.311,12.352,12.379,12.411,12.443,12.47,12.505,12.537,12.564,12.596,12.628,12.662,12.688,12.712,12.736,12.758,12.781,12.805,12.836,12.858,12.881,12.917,12.934,12.961,12.985,13.016,13.037,13.062,13.093,13.123,13.158,13.193,13.215,13.237,13.264,13.284,13.312,13.34,13.37,13.399,13.432,13.459,13.487,13.519,13.549,13.576,13.605,13.644,13.673,13.703,13.742,13.777,13.808,13.852,13.884,13.927,13.981,14.021,14.06,14.11,14.157,14.203,14.258,14.308,14.378,14.471,14.552,14.639,14.768,14.997,15.222,15.867
108,GRN FP,9.925,10.648,10.962,11.128,11.246,11.338,11.448,11.526,11.601,11.645,11.696,11.74,11.79,11.838,11.875,11.912,11.96,12.001,12.034,12.071,12.107,12.139,12.17,12.205,12.244,12.274,12.314,12.345,12.368,12.404,12.439,12.469,12.498,12.532,12.562,12.587,12.613,12.643,12.677,12.707,12.734,12.756,12.783,12.815,12.842,12.864,12.881,12.905,12.932,12.956,12.984,13.008,13.029,13.063,13.084,13.118,13.137,13.161,13.184,13.208,13.231,13.265,13.294,13.319,13.345,13.366,13.384,13.407,13.431,13.465,13.491,13.515,13.547,13.572,13.601,13.643,13.671,13.711,13.749,13.784,13.816,13.854,13.879,13.918,13.948,13.989,14.039,14.076,14.11,14.161,14.212,14.271,14.338,14.394,14.466,14.527,14.62,14.771,14.925,15.18,15.672
109,GRN FP,9.925,10.648,10.962,11.128,11.246,11.338,11.448,11.526,11.601,11.645,11.696,11.74,11.79,11.838,11.875,11.912,11.96,12.001,12.034,12.071,12.107,12.139,12.17,12.205,12.244,12.274,12.314,12.345,12.368,12.404,12.439,12.469,12.498,12.532,12.562,12.587,12.613,12.643,12.677,12.707,12.734,12.756,12.783,12.815,12.842,12.864,12.881,12.905,12.932,12.956,12.984,13.008,13.029,13.063,13.084,13.118,13.137,13.161,13.184,13.208,13.231,13.265,13.294,13.319,13.345,13.366,13.384,13.407,13.431,13.465,13.491,13.515,13.547,13.572,13.601,13.643,13.671,13.711,13.749,13.784,13.816,13.854,13.879,13.918,13.948,13.989,14.039,14.076,14.11,14.161,14.212,14.271,14.338,14.394,14.466,14.527,14.62,14.771,14.925,15.18,15.672
110,GRN FP,9.988,10.752,11.037,11.223,11.336,11.415,11.525,11.597,11.668,11.72,11.766,11.809,11.853,11.907,11.95,11.993,12.03,12.067,12.113,12.151,12.185,12.219,12.255,12.287,12.323,12.366,12.403,12.439,12.463,12.493,12.522,12.551,12.577,12.609,12.643,12.675,12.707,12.734,12.765,12.796,12.818,12.85,12.87,12.902,12.926,12.951,12.976,12.996,13.028,13.05,13.072,13.101,13.13,13.154,13.18,13.203,13.223,13.253,13.278,13.295,13.317,13.338,13.364,13.387,13.415,13.445,13.471,13.502,13.523,13.553,13.578,13.607,13.632,13.665,13.695,13.727,13.754,13.779,13.806,13.838,13.877,13.91,13.954,13.984,14.02,14.062,14.1,14.136,14.19,14.246,14.294,14.345,14.399,14.483,14.589,14.682,14.762,14.891,15.032,15.359,15.912
111,GRN FP,9.988,10.752,11.037,11.223,11.336,11.415,11.525,11.597,11.668,11.72,11.766,11.809,11.853,11.907,11.95,11.993,12.03,12.067,12.113,12.151,12.185,12.219,12.255,12.287,12.323,12.366,12.403,12.439,12.463,12.493,12.522,12.551,12.577,12.609,12.643,12.675,12.707,12.734,12.765,12.796,12.818,12.85,12.87,12.902,12.926,12.951,12.976,12.996,13.028,13.05,13.072,13.101,13.13,13.154,13.18,13.203,13.223,13.253,13.278,13.295,13.317,13.338,13.364,13.387,13.415,13.445,13.471,13.502,13.523,13.553,13.578,13.607,13.632,13.665,13.695,13.727,13.754,13.779,13.806,13.838,13.877,13.91,13.954,13.984,14.02,14.062,14.1,14.136,14.19,14.246,14.294,14.345,14.399,14.483,14.589,14.682,14.762,14.891,15.032,15.359,15.912
112,GRN FP,10.026,10.803,11.101,11.284,11.378,11.484,11.558,11.649,11.72,11.789,11.847,11.903,11.955,12.017,12.056,12.102,12.135,12.173,12.21,12.246,12.288,12.318,12.357,12.395,12.428,12.458,12.497,12.532,12.563,12.589,12.624,12.657,12.677,12.705,12.729,12.76,12.787,12.814,12.845,12.867,12.89,12.918,12.953,12.978,13.001,13.024,13.052,13.082,13.109,13.138,13.162,13.188,13.213,13.242,13.265,13.29,13.316,13.336,13.357,13.385,13.402,13.423,13.441,13.469,13.501,13.534,13.56,13.582,13.612,13.637,13.661,13.685,13.708,13.735,13.757,13.789,13.818,13.859,13.886,13.921,13.954,13.99,14.026,14.063,14.106,14.149,14.187,14.239,14.273,14.326,14.392,14.44,14.504,14.589,14.659,14.743,14.871,14.971,15.134,15.41,16.234
113,GRN FP,10.026,10.803,11.101,11.284,11.378,11.484,11.558,11.649,11.72,11.789,11.847,11.903,11.955,12.017,12.056,12.102,12.135,12.173,12.21,12.246,12.288,12.318,12.357,12.395,12.428,12.458,12.497,12.532,12.563,12.589,12.624,12.657,12.677,12.705,12.729,12.76,12.787,12.814,12.845,12.867,12.89,12.918,12.953,12.978,13.001,13.024,13.052,13.082,13.109,13.138,13.162,13.188,13.213,13.242,13.265,13.29,13.316,13.336,13.357,13.385,13.402,13.423,13.441,13.469,13.501,13.534,13.56,13.582,13.612,13.637,13.661,13.685,13.708,13.735,13.757,13.789,13.818,13.859,13.886,13.921,13.954,13.99,14.026,14.063,14.106,14.149,14.187,14.239,14.273,14.326,14.392,14.44,14.504,14.589,14.659,14.743,14.871,14.971,15.134,15.41,16.234
114,GRN FP,10.159,10.953,11.179,11.328,11.467,11.584,11.676,11.745,11.81,11.877,11.932,11.993,12.037,12.084,12.133,12.184,12.221,12.267,12.3,12.345,12.384,12.409,12.449,12.482,12.522,12.559,12.583,12.621,12.647,12.675,12.715,12.746,12.779,12.806,12.841,12.866,12.885,12.905,12.933,12.959,12.981,13.003,13.028,13.052,13.081,13.098,13.123,13.147,13.175,13.2,13.222,13.243,13.271,13.296,13.317,13.341,13.372,13.396,13.422,13.451,13.47,13.503,13.525,13.552,13.573,13.601,13.623,13.652,13.679,13.706,13.725,13.757,13.778,13.8,13.834,13.868,13.899,13.922,13.952,13.983,14.018,14.064,14.102,14.129,14.166,14.207,14.243,14.301,14.335,14.392,14.458,14.495,14.584,14.666,14.74,14.844,14.932,15.09,15.257,15.497,16.183
115,GRN FP,10.159,10.953,11.179,11.328,11.467,11.584,11.676,11.745,11.81,11.877,11.932,11.993,12.037,12.084,12.133,12.184,12.221,12.267,12.3,12.345,12.384,12.409,12.449,12.482,12.522,12.559,12.583,12.621,12.647,12.675,12.715,12.746,12.779,12.806,12.841,12.866,12.885,12.905,12.933,12.959,12.981,13.003,13.028,13.052,13.081,13.098,13.123,13.147,13.175,13.2,13.222,13.243,13.271,13.296,13.317,13.341,13.372,13.396,13.422,13.451,13.47,13.503,13.525,13.552,13.573,13.601,13.623,13.652,13.679,13.706,13.725,13.757,13.778,13.8,13.834,13.868,13.899,13.922,13.952,13.983,14.018,14.064,14.102,14.129,14.166,14.207,14.243,14.301,14.335,14.392,14.458,14.495,14.584,14.666,14.74,14.844,14.932,15.09,15.257,15.497,16.183
116,GRN FP,10.16,11.105,11.321,11.446,11.578,11.65,11.743,11.817,11.902,11.982,12.018,12.081,12.137,12.184,12.237,12.28,12.327,12.37,12.413,12.451,12.481,12.511,12.545,12.579,12.614,12.647,12.688,12.713,12.744,12.773,12.797,12.827,12.858,12.883,12.904,12.942,12.973,12.999,13.03,13.055,13.072,13.1,13.122,13.152,13.181,13.203,13.225,13.25,13.278,13.303,13.325,13.344,13.37,13.394,13.414,13.438,13.467,13.489,13.515,13.546,13.567,13.589,13.617,13.64,13.661,13.685,13.708,13.742,13.768,13.793,13.823,13.855,13.878,13.901,13.922,13.946,13.972,14.002,14.033,14.067,14.106,14.14,14.168,14.202,14.24,14.294,14.328,14.371,14.425,14.474,14.532,14.598,14.664,14.72,14.814,14.903,14.997,15.132,15.274,15.476,16.206
117,GRN FP,10.16,11.105,11.321,11.446,11.578,11.65,11.743,11.817,11.902,11.982,12.018,12.081,12.137,12.184,12.237,12.28,12.327,12.37,12.413,12.451,12.481,12.511,12.545,12.579,12.614,12.647,12.688,12.713,12.744,12.773,12.797,12.827,12.858,12.883,12.904,12.942,12.973,12.999,13.03,13.055,13.072,13.1,13.122,13.152,13.181,13.203,13.225,13.25,13.278,13.303,13.325,13.344,13.37,13.394,13.414,13.438,13.467,13.489,13.515,13.546,13.567,13.589,13.617,13.64,13.661,13.685,13.708,13.742,13.768,13.793,13.823,13.855,13.878,13.901,13.922,13.946,13.972,14.002,14.033,14.067,14.106,14.14,14.168,14.202,14.24,14.294,14.328,14.371,14.425,14.474,14.532,14.598,14.664,14.72,14.814,14.903,14.997,15.132,15.274,15.476,16.206
118,GRN FP,10.521,11.231,11.406,11.59,11.691,11.794,11.872,11.951,12.021,12.067,12.148,12.202,12.256,12.297,12.33,12.375,12.414,12.45,12.493,12.538,12.569,12.611,12.647,12.689,12.716,12.747,12.773,12.809,12.838,12.87,12.894,12.925,12.956,12.984,13.012,13.049,13.066,13.091,13.113,13.135,13.159,13.187,13.211,13.23,13.255,13.291,13.315,13.341,13.371,13.396,13.424,13.445,13.468,13.493,13.52,13.543,13.569,13.589,13.612,13.631,13.651,13.676,13.704,13.732,13.755,13.787,13.81,13.83,13.858,13.883,13.911,13.939,13.969,13.987,14.016,14.047,14.083,14.116,14.145,14.179,14.212,14.249,14.282,14.314,14.347,14.379,14.434,14.474,14.519,14.57,14.614,14.67,14.724,14.784,14.847,14.959,15.074,15.175,15.345,15.571,16.417
119,GRN FP,10.521,11.231,11.406,11.59,11.691,11.794,11.872,11.951,12.021,12.067,12.148,12.202,12.256,12.297,12.33,12.375,12.414,12.45,12.493,12.538,12.569,12.611,12.647,12.689,12.716,12.747,12.773,12.809,12.838,12.87,12.894,12.925,12.956,12.984,13.012,13.049,13.066,13.091,13.113,13.135,13.159,13.187,13.211,13.23,13.255,13.291,13.315,13.341,13.371,13.396,13.424,13.445,13.468,13.493,13.52,13.543,13.569,13.589,13.612,13.631,13.651,13.676,13.704,13.732,13.755,13.787,13.81,13.83,13.858,13.883,13.911,13.939,13.969,13.987,14.016,14.047,14.083,14.116,14.145,14.179,14.212,14.249,14.282,14.314,14.347,14.379,14.434,14.474,14.519,14.57,14.614,14.67,14.724,14.784,14.847,14.959,15.074,15.175,15.345,15.571,16.417
120,GRN FP,10.691,11.407,11.649,11.761,11.868,11.946,12.025,12.095,12.155,12.217,12.274,12.316,12.363,12.41,12.449,12.485,12.525,12.57,12.612,12.655,12.691,12.73,12.76,12.788,12.815,12.844,12.873,12.906,12.934,12.964,12.989,13.023,13.05,13.076,13.1,13.123,13.148,13.171,13.207,13.233,13.259,13.288,13.302,13.331,13.352,13.378,13.399,13.421,13.442,13.471,13.495,13.514,13.533,13.558,13.579,13.605,13.635,13.662,13.683,13.707,13.732,13.752,13.78,13.802,13.832,13.852,13.881,13.905,13.934,13.957,13.987,14.015,14.042,14.068,14.094,14.119,14.152,14.184,14.216,14.247,14.28,14.319,14.353,14.385,14.421,14.451,14.49,14.529,14.58,14.619,14.671,14.748,14.813,14.851,14.932,15.026,15.122,15.236,15.397,15.648,16.429
121,GRN FP,10.691,11.407,11.649,11.761,11.868,11.946,12.025,12.095,12.155,12.217,12.274,12.316,12.363,12.41,12.449,12.485,12.525,12.57,12.612,12.655,12.691,12.73,12.76,12.788,12.815,12.844,12.873,12.906,12.934,12.964,12.989,13.023,13.05,13.076,13.1,13.123,13.148,13.171,13.207,13.233,13.259,13.288,13.302,13.331,13.352,13.378,13.399,13.421,13.442,13.471,13.495,13.514,13.533,13.558,13.579,13.605,13.635,13.662,13.683,13.707,13.732,13.752,13.78,13.802,13.832,13.852,13.881,13.905,13.934,13.957,13.987,14.015,14.042,14.068,14.094,14.119,14.152,14.184,14.216,14.247,14.28,14.319,14.353,14.385,14.421,14.451,14.49,14.529,14.58,14.619,14.671,14.748,14.813,14.851,14.932,15.026,15.122,15.236,15.397,15.648,16.429
122,GRN FP,10.386,11.202,11.535,11.679,11.77,11.86,11.949,12.035,12.084,12.149,12.211,12.249,12.296,12.352,12.394,12.422,12.479,12.514,12.549,12.578,12.62,12.652,12.689,12.721,12.756,12.783,12.82,12.844,12.883,12.914,12.948,12.98,13.013,13.045,13.079,13.105,13.131,13.159,13.179,13.2,13.224,13.241,13.268,13.298,13.324,13.346,13.37,13.393,13.415,13.439,13.464,13.488,13.509,13.53,13.553,13.576,13.604,13.627,13.659,13.682,13.698,13.727,13.753,13.782,13.801,13.83,13.86,13.887,13.914,13.941,13.973,14.002,14.038,14.066,14.089,14.116,14.15,14.179,14.21,14.253,14.28,14.32,14.353,14.387,14.423,14.458,14.507,14.555,14.604,14.654,14.7,14.759,14.825,14.894,14.963,15.046,15.14,15.283,15.464,15.713,16.748
123,GRN FP,10.386,11.202,11.535,11.679,11.77,11.86,11.949,12.035,12.084,12.149,12.211,12.249,12.296,12.352,12.394,12.422,12.479,12.514,12.549,12.578,12.62,12.652,12.689,12.721,12.756,12.783,12.82,12.844,12.883,12.914,12.948,12.98,13.013,13.045,13.079,13.105,13.131,13.159,13.179,13.2,13.224,13.241,13.268,13.298,13.324,13.346,13.37,13.393,13.415,13.439,13.464,13.488,13.509,13.53,13.553,13.576,13.604,13.627,13.659,13.682,13.698,13.727,13.753,13.782,13.801,13.83,13.86,13.887,13.914,13.941,13.973,14.002,14.038,14.066,14.089,14.116,14.15,14.179,14.21,14.253,14.28,14.32,14.353,14.387,14.423,14.458,14.507,14.555,14.604,14.654,14.7,14.759,14.825,14.894,14.963,15.046,15.14,15.283,15.464,15.713,16.748
124,GRN FP,10.514,11.137,11.391,11.54,11.69,11.804,11.888,11.972,12.041,12.083,12.144,12.2,12.241,12.298,12.348,12.381,12.434,12.475,12.516,12.551,12.585,12.617,12.656,12.683,12.718,12.746,12.779,12.808,12.84,12.864,12.898,12.92,12.944,12.97,13.01,13.037,13.07,13.098,13.127,13.148,13.174,13.201,13.227,13.254,13.284,13.314,13.342,13.364,13.394,13.415,13.439,13.461,13.491,13.512,13.536,13.572,13.599,13.621,13.639,13.664,13.691,13.718,13.744,13.772,13.795,13.82,13.85,13.882,13.911,13.947,13.98,14.009,14.032,14.056,14.086,14.118,14.145,14.184,14.222,14.253,14.295,14.335,14.373,14.41,14.446,14.496,14.54,14.589,14.631,14.688,14.743,14.811,14.874,14.944,15.009,15.089,15.202,15.34,15.473,15.802,16.846
125,GRN FP,10.514,11.137,11.391,11.54,11.69,11.804,11.888,11.972,12.041,12.083,12.144,12.2,12.241,12.298,12.348,12.381,12.434,12.475,12.516,12.551,12.585,12.617,12.656,12.683,12.718,12.746,12.779,12.808,12.84,12.864,12.898,12.92,12.944,12.97,13.01,13.037,13.07,13.098,13.127,13.148,13.174,13.201,13.227,13.254,13.284,13.314,13.342,13.364,13.394,13.415,13.439,13.461,13.491,13.512,13.536,13.572,13.599,13.621,13.639,13.664,13.691,13.718,13.744,13.772,13.795,13.82,13.85,13.882,13.911,13.947,13.98,14.009,14.032,14.056,14.086,14.118,14.145,14.184,14.222,14.253,14.295,14.335,14.373,14.41,14.446,14.496,14.54,14.589,14.631,14.688,14.743,14.811,14.874,14.944,15.009,15.089,15.202,15.34,15.473,15.802,16.846
126,GRN FP,10.54,10.998,11.335,11.539,11.653,11.732,11.818,11.893,11.958,12.01,12.075,12.14,12.2,12.253,12.306,12.349,12.387,12.425,12.465,12.506,12.542,12.581,12.621,12.655,12.681,12.718,12.749,12.775,12.796,12.821,12.855,12.882,12.908,12.941,12.972,13.007,13.038,13.067,13.093,13.124,13.152,13.182,13.208,13.241,13.265,13.287,13.311,13.338,13.363,13.388,13.411,13.434,13.46,13.487,13.51,13.53,13.549,13.58,13.604,13.63,13.656,13.68,13.705,13.734,13.771,13.796,13.829,13.86,13.89,13.921,13.954,13.978,14.018,14.056,14.092,14.118,14.149,14.181,14.216,14.251,14.286,14.329,14.362,14.403,14.442,14.483,14.519,14.57,14.628,14.683,14.727,14.778,14.819,14.906,14.99,15.106,15.241,15.359,15.523,15.851,16.645
127,GRN FP,10.54,10.998,11.335,11.539,11.653,11.732,11.818,11.893,11.958,12.01,12.075,12.14,12.2,12.253,12.306,12.349,12.387,12.425,12.465,12.506,12.542,12.581,12.621,12.655,12.681,12.718,12.749,12.775,12.796,12.821,12.855,12.882,12.908,12.941,12.972,13.007,13.038,13.067,13.093,13.124,13.152,13.182,13.208,13.241,13.265,13.287,13.311,13.338,13.363,13.388,13.411,13.434,13.46,13.487,13.51,13.53,13.549,13.58,13.604,13.63,13.656,13.68,13.705,13.734,13.771,13.796,13.829,13.86,13.89,13.921,13.954,13.978,14.018,14.056,14.092,14.118,14.149,14.181,14.216,14.251,14.286,14.329,14.362,14.403,14.442,14.483,14.519,14.57,14.628,14.683,14.727,14.778,14.819,14.906,14.99,15.106,15.241,15.359,15.523,15.851,16.645
128,GRN FP,10.268,11.016,11.301,11.46,11.564,11.678,11.751,11.847,11.924,12.009,12.067,12.133,12.184,12.227,12.269,12.31,12.353,12.398,12.433,12.469,12.512,12.544,12.584,12.612,12.644,12.682,12.714,12.744,12.772,12.805,12.839,12.866,12.896,12.93,12.957,12.985,13.008,13.03,13.056,13.086,13.112,13.139,13.171,13.2,13.234,13.268,13.292,13.316,13.344,13.368,13.397,13.425,13.452,13.476,13.499,13.526,13.557,13.585,13.606,13.632,13.658,13.685,13.713,13.741,13.769,13.798,13.833,13.863,13.89,13.93,13.958,13.984,14.01,14.042,14.071,14.109,14.145,14.167,14.206,14.251,14.289,14.319,14.357,14.391,14.421,14.456,14.498,14.54,14.588,14.64,14.722,14.802,14.858,14.923,14.998,15.126,15.242,15.417,15.608,15.869,16.742
129,GRN FP,10.268,11.016,11.301,11.46,11.564,11.678,11.751,11.847,11.924,12.009,12.067,12.133,12.184,12.227,12.269,12.31,12.353,12.398,12.433,12.469,12.512,12.544,12.584,12.612,12.644,12.682,12.714,12.744,12.772,12.805,12.839,12.866,12.896,12.93,12.957,12.985,13.008,13.03,13.056,13.086,13.112,13.139,13.171,13.2,13.234,13.268,13.292,13.316,13.344,13.368,13.397,13.425,13.452,13.476,13.499,13.526,13.557,13.585,13.606,13.632,13.658,13.685,13.713,13.741,13.769,13.798,13.833,13.863,13.89,13.93,13.958,13.984,14.01,14.042,14.071,14.109,14.145,14.167,14.206,14.251,14.289,14.319,14.357,14.391,14.421,14.456,14.498,14.54,14.588,14.64,14.722,14.802,14.858,14.923,14.998,15.126,15.242,15.417,15.608,15.869,16.742
130,GRN FP,10.233,10.861,11.128,11.342,11.506,11.633,11.726,11.789,11.854,11.919,11.984,12.059,12.104,12.143,12.208,12.262,12.297,12.342,12.378,12.409,12.444,12.48,12.513,12.561,12.592,12.631,12.673,12.711,12.747,12.785,12.823,12.846,12.876,12.904,12.939,12.968,13.002,13.036,13.069,13.094,13.123,13.148,13.173,13.203,13.226,13.25,13.278,13.311,13.337,13.371,13.394,13.427,13.45,13.472,13.502,13.529,13.554,13.572,13.591,13.623,13.646,13.672,13.698,13.73,13.761,13.794,13.818,13.844,13.871,13.906,13.942,13.976,14.012,14.048,14.081,14.126,14.16,14.194,14.224,14.261,14.297,14.349,14.384,14.427,14.462,14.507,14.543,14.576,14.627,14.682,14.738,14.799,14.878,14.944,15.027,15.13,15.255,15.441,15.643,15.881,16.877
131,GRN FP,10.233,10.861,11.128,11.342,11.506,11.633,11.726,11.789,11.854,11.919,11.984,12.059,12.104,12.143,12.208,12.262,12.297,12.342,12.378,12.409,12.444,12.48,12.513,12.561,12.592,12.631,12.673,12.711,12.747,12.785,12.823,12.846,12.876,12.904,12.939,12.968,13.002,13.036,13.069,13.094,13.123,13.148,13.173,13.203,13.226,13.25,13.278,13.311,13.337,13.371,13.394,13.427,13.45,13.472,13.502,13.529,13.554,13.572,13.591,13.623,13.646,13.672,13.698,13.73,13.761,13.794,13.818,13.844,13.871,13.906,13.942,13.976,14.012,14.048,14.081,14.126,14.16,14.194,14.224,14.261,14.297,14.349,14.384,14.427,14.462,14.507,14.543,14.576,14.627,14.682,14.738,14.799,14.878,14.944,15.027,15.13,15.255,15.441,15.643,15.881,16.877
132,GRN FP,10.035,10.863,11.126,11.281,11.42,11.51,11.644,11.734,11.801,11.885,11.93,12.002,12.05,12.101,12.164,12.199,12.239,12.29,12.343,12.379,12.415,12.448,12.488,12.524,12.571,12.612,12.643,12.675,12.714,12.751,12.782,12.816,12.849,12.881,12.906,12.936,12.961,12.992,13.027,13.056,13.082,13.108,13.124,13.156,13.182,13.205,13.239,13.273,13.293,13.32,13.343,13.366,13.397,13.421,13.446,13.474,13.505,13.527,13.557,13.578,13.616,13.646,13.678,13.72,13.757,13.791,13.837,13.865,13.895,13.915,13.94,13.979,14.011,14.042,14.072,14.109,14.148,14.189,14.222,14.265,14.302,14.342,14.377,14.409,14.452,14.494,14.532,14.579,14.638,14.693,14.76,14.813,14.88,14.957,15.039,15.127,15.251,15.402,15.58,15.89,16.87
133,GRN FP,10.035,10.863,11.126,11.281,11.42,11.51,11.644,11.734,11.801,11.885,11.93,12.002,12.05,12.101,12.164,12.199,12.239,12.29,12.343,12.379,12.415,12.448,12.488,12.524,12.571,12.612,12.643,12.675,12.714,12.751,12.782,12.816,12.849,12.881,12.906,12.936,12.961,12.992,13.027,13.056,13.082,13.108,13.124,13.156,13.182,13.205,13.239,13.273,13.293,13.32,13.343,13.366,13.397,13.421,13.446,13.474,13.505,13.527,13.557,13.578,13.616,13.646,13.678,13.72,13.757,13.791,13.837,13.865,13.895,13.915,13.94,13.979,14.011,14.042,14.072,14.109,14.148,14.189,14.222,14.265,14.302,14.342,14.377,14.409,14.452,14.494,14.532,14.579,14.638,14.693,14.76,14.813,14.88,14.957,15.039,15.127,15.251,15.402,15.58,15.89,16.87
134,GRN FP,10.008,10.861,11.084,11.229,11.355,11.473,11.602,11.682,11.752,11.82,11.881,11.94,12.003,12.065,12.126,12.173,12.211,12.258,12.289,12.33,12.37,12.412,12.452,12.498,12.539,12.566,12.605,12.644,12.68,12.712,12.742,12.766,12.796,12.821,12.849,12.875,12.908,12.939,12.965,12.993,13.027,13.066,13.101,13.133,13.167,13.193,13.221,13.251,13.275,13.297,13.323,13.358,13.387,13.416,13.442,13.471,13.503,13.529,13.556,13.593,13.623,13.648,13.683,13.713,13.745,13.78,13.814,13.84,13.871,13.91,13.941,13.971,14.014,14.039,14.082,14.114,14.145,14.181,14.215,14.251,14.295,14.334,14.366,14.392,14.44,14.481,14.528,14.578,14.623,14.673,14.742,14.783,14.85,14.924,15.009,15.126,15.25,15.382,15.558,15.978,16.939
135,GRN FP,10.008,10.861,11.084,11.229,11.355,11.473,11.602,11.682,11.752,11.82,11.881,11.94,12.003,12.065,12.126,12.173,12.211,12.258,12.289,12.33,12.37,12.412,12.452,12.498,12.539,12.566,12.605,12.644,12.68,12.712,12.742,12.766,12.796,12.821,12.849,12.875,12.908,12.939,12.965,12.993,13.027,13.066,13.101,13.133,13.167,13.193,13.221,13.251,13.275,13.297,13.323,13.358,13.387,13.416,13.442,13.471,13.503,13.529,13.556,13.593,13.623,13.648,13.683,13.713,13.745,13.78,13.814,13.84,13.871,13.91,13.941,13.971,14.014,14.039,14.082,14.114,14.145,14.181,14.215,14.251,14.295,14.334,14.366,14.392,14.44,14.481,14.528,14.578,14.623,14.673,14.742,14.783,14.85,14.924,15.009,15.126,15.25,15.382,15.558,15.978,16.939
136,GRN FP,10.065,10.826,11.075,11.221,11.343,11.443,11.555,11.645,11.724,11.8,11.861,11.919,11.968,12.021,12.074,12.147,12.199,12.25,12.292,12.32,12.346,12.377,12.418,12.456,12.5,12.53,12.57,12.614,12.641,12.678,12.712,12.737,12.763,12.797,12.831,12.856,12.886,12.917,12.95,12.975,13.003,13.032,13.063,13.091,13.12,13.153,13.186,13.213,13.25,13.279,13.305,13.329,13.361,13.401,13.422,13.451,13.476,13.505,13.528,13.568,13.602,13.626,13.655,13.685,13.72,13.749,13.774,13.806,13.83,13.86,13.894,13.931,13.958,13.999,14.037,14.07,14.11,14.138,14.183,14.222,14.251,14.291,14.332,14.367,14.404,14.444,14.474,14.517,14.58,14.658,14.713,14.783,14.852,14.912,15.014,15.117,15.223,15.391,15.643,16.023,16.887
137,GRN FP,10.065,10.826,11.075,11.221,11.343,11.443,11.555,11.645,11.724,11.8,11.861,11.919,11.968,12.021,12.074,12.147,12.199,12.25,12.292,12.32,12.346,12.377,12.418,12.456,12.5,12.53,12.57,12.614,12.641,12.678,12.712,12.737,12.763,12.797,12.831,12.856,12.886,12.917,12.95,12.975,13.003,13.032,13.063,13.091,13.12,13.153,13.186,13.213,13.25,13.279,13.305,13.329,13.361,13.401,13.422,13.451,13.476,13.505,13.528,13.568,13.602,13.626,13.655,13.685,13.72,13.749,13.774,13.806,13.83,13.86,13.894,13.931,13.958,13.999,14.037,14.07,14.11,14.138,14.183,14.222,14.251,14.291,14.332,14.367,14.404,14.444,14.474,14.517,14.58,14.658,14.713,14.783,14.852,14.912,15.014,15.117,15.223,15.391,15.643,16.023,16.887
138,GRN FP,10.013,10.734,11.058,11.195,11.33,11.446,11.53,11.616,11.689,11.756,11.817,11.889,11.955,12.01,12.058,12.106,12.142,12.182,12.23,12.269,12.31,12.359,12.406,12.458,12.496,12.538,12.571,12.605,12.648,12.677,12.704,12.732,12.762,12.794,12.821,12.856,12.882,12.912,12.943,12.969,12.997,13.032,13.059,13.087,13.122,13.148,13.179,13.201,13.229,13.251,13.281,13.31,13.331,13.358,13.388,13.417,13.442,13.471,13.492,13.52,13.551,13.588,13.618,13.64,13.677,13.714,13.746,13.793,13.819,13.855,13.889,13.918,13.957,13.993,14.018,14.062,14.1,14.142,14.178,14.203,14.245,14.284,14.333,14.367,14.397,14.436,14.486,14.524,14.57,14.619,14.669,14.736,14.824,14.904,15.01,15.096,15.234,15.392,15.618,15.995,16.842
139,GRN FP,10.013,10.734,11.058,11.195,11.33,11.446,11.53,11.616,11.689,11.756,11.817,11.889,11.955,12.01,12.058,12.106,12.142,12.182,12.23,12.269,12.31,12.359,12.406,12.458,12.496,12.538,12.571,12.605,12.648,12.677,12.704,12.732,12.762,12.794,12.821,12.856,12.882,12.912,12.943,12.969,12.997,13.032,13.059,13.087,13.122,13.148,13.179,13.201,13.229,13.251,13.281,13.31,13.331,13.358,13.388,13.417,13.442,13.471,13.492,13.52,13.551,13.588,13.618,13.64,13.677,13.714,13.746,13.793,13.819,13.855,13.889,13.918,13.957,13.993,14.018,14.062,14.1,14.142,14.178,14.203,14.245,14.284,14.333,14.367,14.397,14.436,14.486,14.524,14.57,14.619,14.669,14.736,14.824,14.904,15.01,15.096,15.234,15.392,15.618,15.995,16.842
140,GRN FP,10.06,10.696,10.996,11.187,11.313,11.408,11.541,11.615,11.667,11.75,11.806,11.871,11.921,11.972,12.031,12.077,12.13,12.182,12.219,12.257,12.296,12.339,12.376,12.409,12.448,12.482,12.521,12.56,12.584,12.616,12.657,12.686,12.72,12.757,12.796,12.824,12.856,12.882,12.905,12.931,12.953,12.981,13.01,13.039,13.073,13.105,13.135,13.167,13.191,13.224,13.251,13.283,13.315,13.345,13.377,13.41,13.435,13.464,13.492,13.522,13.553,13.573,13.6,13.625,13.654,13.685,13.715,13.751,13.786,13.826,13.86,13.907,13.943,13.972,14.002,14.05,14.083,14.12,14.153,14.191,14.239,14.281,14.314,14.354,14.402,14.445,14.494,14.55,14.59,14.644,14.693,14.738,14.794,14.875,14.962,15.062,15.163,15.339,15.566,16.029,16.791
141,GRN FP,10.06,10.696,10.996,11.187,11.313,11.408,11.541,11.615,11.667,11.75,11.806,11.871,11.921,11.972,12.031,12.077,12.13,12.182,12.219,12.257,12.296,12.339,12.376,12.409,12.448,12.482,12.521,12.56,12.584,12.616,12.657,12.686,12.72,12.757,12.796,12.824,12.856,12.882,12.905,12.931,12.953,12.981,13.01,13.039,13.073,13.105,13.135,13.167,13.191,13.224,13.251,13.283,13.315,13.345,13.377,13.41,13.435,13.464,13.492,13.522,13.553,13.573,13.6,13.625,13.654,13.685,13.715,13.751,13.786,13.826,13.86,13.907,13.943,13.972,14.002,14.05,14.083,14.12,14.153,14.191,14.239,14.281,14.314,14.354,14.402,14.445,14.494,14.55,14.59,14.644,14.693,14.738,14.794,14.875,14.962,15.062,15.163,15.339,15.566,16.029,16.791
142,GRN FP,9.982,10.64,11.002,11.144,11.316,11.452,11.522,11.59,11.654,11.725,11.785,11.866,11.922,11.975,12.015,12.057,12.104,12.158,12.195,12.228,12.267,12.309,12.339,12.381,12.426,12.457,12.502,12.54,12.573,12.597,12.63,12.66,12.69,12.72,12.754,12.792,12.823,12.845,12.882,12.912,12.938,12.966,12.993,13.031,13.06,13.091,13.11,13.134,13.156,13.182,13.219,13.252,13.277,13.305,13.325,13.356,13.39,13.418,13.444,13.475,13.507,13.537,13.567,13.601,13.63,13.662,13.694,13.739,13.768,13.798,13.835,13.867,13.908,13.939,13.981,14.016,14.052,14.093,14.133,14.168,14.215,14.259,14.301,14.332,14.368,14.402,14.449,14.51,14.575,14.624,14.699,14.75,14.822,14.883,14.964,15.062,15.165,15.327,15.563,15.967,16.589
143,GRN FP,9.982,10.64,11.002,11.144,11.316,11.452,11.522,11.59,11.654,11.725,11.785,11.866,11.922,11.975,12.015,12.057,12.104,12.158,12.195,12.228,12.267,12.309,12.339,12.381,12.426,12.457,12.502,12.54,12.573,12.597,12.63,12.66,12.69,12.72,12.754,12.792,12.823,12.845,12.882,12.912,12.938,12.966,12.993,13.031,13.06,13.091,13.11,13.134,13.156,13.182,13.219,13.252,13.277,13.305,13.325,13.356,13.39,13.418,13.444,13.475,13.507,13.537,13.567,13.601,13.63,13.662,13.694,13.739,13.768,13.798,13.835,13.867,13.908,13.939,13.981,14.016,14.052,14.093,14.133,14.168,14.215,14.259,14.301,14.332,14.368,14.402,14.449,14.51,14.575,14.624,14.699,14.75,14.822,14.883,14.964,15.062,15.165,15.327,15.563,15.967,16.589
144,GRN FP,9.868,10.699,10.985,11.193,11.309,11.415,11.481,11.564,11.648,11.724,11.774,11.827,11.883,11.924,11.966,12.02,12.065,12.105,12.15,12.196,12.235,12.287,12.321,12.362,12.402,12.434,12.459,12.501,12.542,12.571,12.599,12.631,12.664,12.697,12.728,12.761,12.79,12.823,12.85,12.878,12.912,12.943,12.97,13.006,13.033,13.064,13.087,13.12,13.147,13.17,13.203,13.23,13.262,13.292,13.319,13.345,13.378,13.41,13.438,13.466,13.501,13.536,13.564,13.592,13.628,13.659,13.695,13.724,13.752,13.775,13.809,13.848,13.885,13.914,13.945,13.976,14.009,14.045,14.084,14.124,14.157,14.201,14.238,14.284,14.32,14.362,14.408,14.454,14.517,14.576,14.637,14.691,14.768,14.844,14.913,15.005,15.15,15.307,15.488,15.971,16.994
145,GRN FP,9.868,10.699,10.985,11.193,11.309,11.415,11.481,11.564,11.648,11.724,11.774,11.827,11.883,11.924,11.966,12.02,12.065,12.105,12.15,12.196,12.235,12.287,12.321,12.362,12.402,12.434,12.459,12.501,12.542,12.571,12.599,12.631,12.664,12.697,12.728,12.761,12.79,12.823,12.85,12.878,12.912,12.943,12.97,13.006,13.033,13.064,13.087,13.12,13.147,13.17,13.203,13.23,13.262,13.292,13.319,13.345,13.378,13.41,13.438,13.466,13.501,13.536,13.564,13.592,13.628,13.659,13.695,13.724,13.752,13.775,13.809,13.848,13.885,13.914,13.945,13.976,14.009,14.045,14.084,14.124,14.157,14.201,14.238,14.284,14.32,14.362,14.408,14.454,14.517,14.576,14.637,14.691,14.768,14.844,14.913,15.005,15.15,15.307,15.488,15.971,16.994
146,GRN FP,9.792,10.673,10.956,11.122,11.25,11.378,11.451,11.525,11.607,11.68,11.723,11.799,11.855,11.924,11.973,12.013,12.059,12.096,12.129,12.17,12.207,12.25,12.285,12.326,12.361,12.399,12.433,12.475,12.508,12.546,12.578,12.604,12.631,12.662,12.695,12.732,12.771,12.8,12.836,12.867,12.897,12.925,12.954,12.985,13.014,13.045,13.074,13.109,13.138,13.168,13.196,13.229,13.256,13.287,13.319,13.347,13.379,13.41,13.436,13.46,13.49,13.507,13.528,13.557,13.587,13.613,13.648,13.684,13.725,13.766,13.793,13.826,13.86,13.899,13.936,13.961,13.993,14.033,14.068,14.108,14.144,14.181,14.214,14.26,14.3,14.351,14.382,14.424,14.48,14.537,14.61,14.673,14.745,14.816,14.899,15.01,15.145,15.35,15.558,15.857,16.775
147,GRN FP,9.792,10.673,10.956,11.122,11.25,11.378,11.451,11.525,11.607,11.68,11.723,11.799,11.855,11.924,11.973,12.013,12.059,12.096,12.129,12.17,12.207,12.25,12.285,12.326,12.361,12.399,12.433,12.475,12.508,12.546,12.578,12.604,12.631,12.662,12.695,12.732,12.771,12.8,12.836,12.867,12.897,12.925,12.954,12.985,13.014,13.045,13.074,13.109,13.138,13.168,13.196,13.229,13.256,13.287,13.319,13.347,13.379,13.41,13.436,13.46,13.49,13.507,13.528,13.557,13.587,13.613,13.648,13.684,13.725,13.766,13.793,13.826,13.86,13.899,13.936,13.961,13.993,14.033,14.068,14.108,14.144,14.181,14.214,14.26,14.3,14.351,14.382,14.424,14.48,14.537,14.61,14.673,14.745,14.816,14.899,15.01,15.145,15.35,15.558,15.857,16.775
148,GRN FP,9.846,10.696,10.942,11.121,11.242,11.341,11.404,11.49,11.57,11.64,11.687,11.759,11.816,11.87,11.934,11.976,12.025,12.069,12.113,12.152,12.196,12.237,12.282,12.319,12.353,12.388,12.428,12.452,12.482,12.51,12.545,12.578,12.605,12.636,12.667,12.696,12.727,12.755,12.793,12.827,12.856,12.891,12.918,12.947,12.98,13.006,13.031,13.063,13.105,13.137,13.162,13.185,13.211,13.236,13.276,13.303,13.332,13.357,13.384,13.414,13.441,13.477,13.506,13.54,13.569,13.588,13.617,13.651,13.686,13.719,13.747,13.786,13.826,13.858,13.889,13.919,13.953,13.983,14.021,14.056,14.099,14.146,14.18,14.219,14.267,14.313,14.364,14.408,14.459,14.523,14.57,14.646,14.72,14.809,14.922,15.037,15.172,15.303,15.562,15.918,16.719
149,GRN FP,9.846,10.696,10.942,11.121,11.242,11.341,11.404,11.49,11.57,11.64,11.687,11.759,11.816,11.87,11.934,11.976,12.025,12.069,12.113,12.152,12.196,12.237,12.282,12.319,12.353,12.388,12.428,12.452,12.482,12.51,12.545,12.578,12.605,12.636,12.667,12.696,12.727,12.755,12.793,12.827,12.856,12.891,12.918,12.947,12.98,13.006,13.031,13.063,13.105,13.137,13.162,13.185,13.211,13.236,13.276,13.303,13.332,13.357,13.384,13.414,13.441,13.477,13.506,13.54,13.569,13.588,13.617,13.651,13.686,13.719,13.747,13.786,13.826,13.858,13.889,13.919,13.953,13.983,14.021,14.056,14.099,14.146,14.18,14.219,14.267,14.313,14.364,14.408,14.459,14.523,14.57,14.646,14.72,14.809,14.922,15.037,15.172,15.303,15.562,15.918,16.719
150,GRN FP,10.029,10.67,10.903,11.04,11.161,11.276,11.385,11.455,11.531,11.603,11.678,11.744,11.803,11.845,11.903,11.951,11.994,12.043,12.097,12.134,12.165,12.202,12.238,12.264,12.299,12.334,12.371,12.409,12.439,12.48,12.524,12.55,12.581,12.613,12.644,12.679,12.71,12.738,12.773,12.802,12.832,12.86,12.893,12.923,12.961,12.99,13.021,13.055,13.084,13.112,13.138,13.17,13.201,13.227,13.256,13.285,13.313,13.337,13.358,13.388,13.412,13.442,13.479,13.509,13.533,13.559,13.593,13.624,13.658,13.687,13.722,13.756,13.786,13.813,13.848,13.881,13.917,13.959,13.993,14.029,14.066,14.118,14.162,14.197,14.237,14.282,14.331,14.39,14.459,14.507,14.562,14.652,14.729,14.815,14.895,14.986,15.118,15.271,15.479,15.82,16.862
151,GRN FP,10.029,10.67,10.903,11.04,11.161,11.276,11.385,11.455,11.531,11.603,11.678,11.744,11.803,11.845,11.903,11.951,11.994,12.043,12.097,12.134,12.165,12.202,12.238,12.264,12.299,12.334,12.371,12.409,12.439,12.48,12.524,12.55,12.581,12.613,12.644,12.679,12.71,12.738,12.773,12.802,12.832,12.86,12.893,12.923,12.961,12.99,13.021,13.055,13.084,13.112,13.138,13.17,13.201,13.227,13.256,13.285,13.313,13.337,13.358,13.388,13.412,13.442,13.479,13.509,13.533,13.559,13.593,13.624,13.658,13.687,13.722,13.756,13.786,13.813,13.848,13.881,13.917,13.959,13.993,14.029,14.066,14.118,14.162,14.197,14.237,14.282,14.331,14.39,14.459,14.507,14.562,14.652,14.729,14.815,14.895,14.986,15.118,15.271,15.479,15.82,16.862
152,GRN FP,10.015,10.578,10.847,11.027,11.157,11.297,11.39,11.459,11.54,11.614,11.674,11.734,11.791,11.84,11.888,11.934,11.988,12.044,12.082,12.108,12.157,12.195,12.223,12.263,12.298,12.331,12.362,12.407,12.432,12.471,12.525,12.562,12.595,12.622,12.648,12.678,12.713,12.738,12.772,12.797,12.825,12.849,12.874,12.904,12.936,12.962,12.996,13.021,13.045,13.073,13.1,13.128,13.155,13.184,13.213,13.236,13.266,13.3,13.33,13.365,13.397,13.42,13.456,13.483,13.514,13.541,13.572,13.604,13.637,13.669,13.703,13.733,13.761,13.79,13.822,13.852,13.896,13.926,13.965,13.991,14.022,14.057,14.107,14.155,14.195,14.231,14.279,14.33,14.398,14.461,14.551,14.615,14.708,14.783,14.875,14.998,15.106,15.241,15.426,15.753,16.673
153,GRN FP,10.015,10.578,10.847,11.027,11.157,11.297,11.39,11.459,11.54,11.614,11.674,11.734,11.791,11.84,11.888,11.934,11.988,12.044,12.082,12.108,12.157,12.195,12.223,12.263,12.298,12.331,12.362,12.407,12.432,12.471,12.525,12.562,12.595,12.622,12.648,12.678,12.713,12.738,12.772,12.797,12.825,12.849,12.874,12.904,12.936,12.962,12.996,13.021,13.045,13.073,13.1,13.128,13.155,13.184,13.213,13.236,13.266,13.3,13.33,13.365,13.397,13.42,13.456,13.483,13.514,13.541,13.572,13.604,13.637,13.669,13.703,13.733,13.761,13.79,13.822,13.852,13.896,13.926,13.965,13.991,14.022,14.057,14.107,14.155,14.195,14.231,14.279,14.33,14.398,14.461,14.551,14.615,14.708,14.783,14.875,14.998,15.106,15.241,15.426,15.753,16.673
154,GRN FP,9.767,10.561,10.806,10.982,11.132,11.235,11.342,11.443,11.502,11.567,11.623,11.688,11.755,11.817,11.862,11.899,11.958,12.005,12.062,12.109,12.151,12.195,12.222,12.26,12.299,12.332,12.367,12.404,12.438,12.475,12.507,12.54,12.569,12.597,12.623,12.658,12.689,12.721,12.752,12.774,12.798,12.831,12.855,12.878,12.911,12.953,12.98,13.009,13.03,13.061,13.091,13.123,13.147,13.175,13.203,13.225,13.25,13.279,13.3,13.321,13.357,13.388,13.415,13.446,13.472,13.505,13.543,13.579,13.611,13.642,13.673,13.699,13.731,13.763,13.798,13.829,13.864,13.901,13.94,13.976,14.021,14.066,14.113,14.15,14.183,14.216,14.27,14.324,14.376,14.44,14.497,14.57,14.648,14.728,14.801,14.917,15.019,15.121,15.359,15.719,16.736
155,GRN FP,9.767,10.561,10.806,10.982,11.132,11.235,11.342,11.443,11.502,11.567,11.623,11.688,11.755,11.817,11.862,11.899,11.958,12.005,12.062,12.109,12.151,12.195,12.222,12.26,12.299,12.332,12.367,12.404,12.438,12.475,12.507,12.54,12.569,12.597,12.623,12.658,12.689,12.721,12.752,12.774,12.798,12.831,12.855,12.878,12.911,12.953,12.98,13.009,13.03,13.061,13.091,13.123,13.147,13.175,13.203,13.225,13.25,13.279,13.3,13.321,13.357,13.388,13.415,13.446,13.472,13.505,13.543,13.579,13.611,13.642,13.673,13.699,13.731,13.763,13.798,13.829,13.864,13.901,13.94,13.976,14.021,14.066,14.113,14.15,14.183,14.216,14.27,14.324,14.376,14.44,14.497,14.57,14.648,14.728,14.801,14.917,15.019,15.121,15.359,15.719,16.736
156,GRN FP,9.735,10.541,10.859,11.002,11.181,11.283,11.395,11.466,11.532,11.589,11.66,11.705,11.764,11.819,11.857,11.906,11.958,12.012,12.063,12.093,12.133,12.182,12.221,12.247,12.284,12.327,12.361,12.399,12.429,12.468,12.495,12.517,12.555,12.584,12.609,12.639,12.671,12.699,12.728,12.761,12.796,12.824,12.85,12.874,12.9,12.928,12.957,12.985,13.005,13.036,13.061,13.092,13.116,13.148,13.18,13.204,13.229,13.258,13.287,13.311,13.336,13.367,13.396,13.424,13.462,13.495,13.522,13.548,13.574,13.602,13.639,13.673,13.71,13.744,13.768,13.8,13.838,13.866,13.911,13.96,13.987,14.023,14.057,14.088,14.147,14.185,14.23,14.285,14.347,14.412,14.471,14.526,14.592,14.672,14.756,14.84,14.925,15.059,15.323,15.564,16.408
157,GRN FP,9.735,10.541,10.859,11.002,11.181,11.283,11.395,11.466,11.532,11.589,11.66,11.705,11.764,11.819,11.857,11.906,11.958,12.012,12.063,12.093,12.133,12.182,12.221,12.247,12.284,12.327,12.361,12.399,12.429,12.468,12.495,12.517,12.555,12.584,12.609,12.639,12.671,12.699,12.728,12.761,12.796,12.824,12.85,12.874,12.9,12.928,12.957,12.985,13.005,13.036,13.061,13.092,13.116,13.148,13.18,13.204,13.229,13.258,13.287,13.311,13.336,13.367,13.396,13.424,13.462,13.495,13.522,13.548,13.574,13.602,13.639,13.673,13.71,13.744,13.768,13.8,13.838,13.866,13.911,13.96,13.987,14.023,14.057,14.088,14.147,14.185,14.23,14.285,14.347,14.412,14.471,14.526,14.592,14.672,14.756,14.84,14.925,15.059,15.323,15.564,16.408
158,GRN FP,9.916,10.574,10.803,11.013,11.177,11.277,11.376,11.441,11.496,11.573,11.636,11.682,11.736,11.79,11.847,11.898,11.949,11.999,12.038,12.075,12.115,12.156,12.195,12.225,12.258,12.294,12.32,12.361,12.398,12.421,12.455,12.485,12.524,12.548,12.58,12.613,12.643,12.675,12.697,12.729,12.765,12.796,12.821,12.847,12.875,12.901,12.935,12.961,12.986,13.006,13.032,13.06,13.082,13.11,13.14,13.173,13.205,13.228,13.253,13.286,13.318,13.347,13.37,13.4,13.426,13.451,13.484,13.516,13.551,13.588,13.614,13.643,13.682,13.722,13.748,13.771,13.814,13.846,13.878,13.913,13.954,13.986,14.019,14.066,14.112,14.155,14.198,14.238,14.28,14.344,14.405,14.472,14.541,14.617,14.7,14.781,14.917,15.042,15.23,15.506,16.448
159,GRN FP,9.916,10.574,10.803,11.013,11.177,11.277,11.376,11.441,11.496,11.573,11.636,11.682,11.736,11.79,11.847,11.898,11.949,11.999,12.038,12.075,12.115,12.156,12.195,12.225,12.258,12.294,12.32,12.361,12.398,12.421,12.455,12.485,12.524,12.548,12.58,12.613,12.643,12.675,12.697,12.729,12.765,12.796,12.821,12.847,12.875,12.901,12.935,12.961,12.986,13.006,13.032,13.06,13.082,13.11,13.14,13.173,13.205,13.228,13.253,13.286,13.318,13.347,13.37,13.4,13.426,13.451,13.484,13.516,13.551,13.588,13.614,13.643,13.682,13.722,13.748,13.771,13.814,13.846,13.878,13.913,13.954,13.986,14.019,14.066,14.112,14.155,14.198,14.238,14.28,14.344,14.405,14.472,14.541,14.617,14.7,14.781,14.917,15.042,15.23,15.506,16.448
160,GRN FP,9.791,10.583,10.929,11.072,11.165,11.282,11.368,11.451,11.523,11.573,11.625,11.686,11.74,11.786,11.829,11.892,11.944,11.992,12.03,12.067,12.118,12.155,12.19,12.224,12.264,12.301,12.325,12.354,12.387,12.419,12.462,12.503,12.531,12.566,12.591,12.62,12.646,12.679,12.707,12.731,12.76,12.783,12.811,12.839,12.863,12.898,12.923,12.943,12.977,13.002,13.023,13.044,13.064,13.083,13.105,13.132,13.167,13.205,13.234,13.26,13.288,13.322,13.359,13.38,13.406,13.436,13.463,13.485,13.518,13.55,13.579,13.615,13.65,13.679,13.708,13.743,13.768,13.795,13.828,13.867,13.91,13.958,13.988,14.025,14.066,14.101,14.154,14.213,14.262,14.323,14.384,14.432,14.5,14.575,14.656,14.753,14.859,14.989,15.177,15.405,16.43
161,GRN FP,9.791,10.583,10.929,11.072,11.165,11.282,11.368,11.451,11.523,11.573,11.625,11.686,11.74,11.786,11.829,11.892,11.944,11.992,12.03,12.067,12.118,12.155,12.19,12.224,12.264,12.301,12.325,12.354,12.387,12.419,12.462,12.503,12.531,12.566,12.591,12.62,12.646,12.679,12.707,12.731,12.76,12.783,12.811,12.839,12.863,12.898,12.923,12.943,12.977,13.002,13.023,13.044,13.064,13.083,13.105,13.132,13.167,13.205,13.234,13.26,13.288,13.322,13.359,13.38,13.406,13.436,13.463,13.485,13.518,13.55,13.579,13.615,13.65,13.679,13.708,13.743,13.768,13.795,13.828,13.867,13.91,13.958,13.988,14.025,14.066,14.101,14.154,14.213,14.262,14.323,14.384,14.432,14.5,14.575,14.656,14.753,14.859,14.989,15.177,15.405,16.43
162,GRN FP,9.718,10.592,10.878,11.073,11.211,11.299,11.364,11.456,11.538,11.601,11.66,11.718,11.769,11.811,11.858,11.904,11.954,12.004,12.04,12.094,12.127,12.154,12.192,12.228,12.253,12.296,12.334,12.371,12.402,12.435,12.454,12.489,12.526,12.565,12.588,12.624,12.645,12.675,12.695,12.72,12.749,12.783,12.803,12.832,12.857,12.88,12.914,12.941,12.968,12.987,13.013,13.04,13.063,13.09,13.117,13.143,13.163,13.194,13.22,13.24,13.268,13.296,13.319,13.347,13.373,13.399,13.437,13.472,13.501,13.527,13.552,13.583,13.608,13.651,13.688,13.722,13.751,13.783,13.807,13.845,13.889,13.93,13.966,14.003,14.043,14.084,14.124,14.172,14.222,14.258,14.313,14.375,14.44,14.518,14.597,14.703,14.806,14.923,15.073,15.353,16.366
163,GRN FP,9.718,10.592,10.878,11.073,11.211,11.299,11.364,11.456,11.538,11.601,11.66,11.718,11.769,11.811,11.858,11.904,11.954,12.004,12.04,12.094,12.127,12.154,12.192,12.228,12.253,12.296,12.334,12.371,12.402,12.435,12.454,12.489,12.526,12.565,12.588,12.624,12.645,12.675,12.695,12.72,12.749,12.783,12.803,12.832,12.857,12.88,12.914,12.941,12.968,12.987,13.013,13.04,13.063,13.09,13.117,13.143,13.163,13.194,13.22,13.24,13.268,13.296,13.319,13.347,13.373,13.399,13.437,13.472,13.501,13.527,13.552,13.583,13.608,13.651,13.688,13.722,13.751,13.783,13.807,13.845,13.889,13.93,13.966,14.003,14.043,14.084,14.124,14.172,14.222,14.258,14.313,14.375,14.44,14.518,14.597,14.703,14.806,14.923,15.073,15.353,16.366
164,GRN FP,9.766,10.723,10.928,11.089,11.2,11.311,11.407,11.49,11.57,11.632,11.691,11.748,11.796,11.846,11.891,11.945,11.985,12.032,12.064,12.101,12.131,12.168,12.201,12.233,12.274,12.297,12.331,12.367,12.398,12.43,12.467,12.494,12.528,12.552,12.577,12.601,12.628,12.657,12.686,12.718,12.748,12.77,12.794,12.82,12.845,12.873,12.896,12.92,12.944,12.973,12.995,13.017,13.041,13.067,13.09,13.115,13.14,13.166,13.193,13.22,13.242,13.269,13.3,13.324,13.345,13.366,13.401,13.425,13.453,13.475,13.51,13.535,13.564,13.596,13.627,13.658,13.684,13.719,13.761,13.79,13.83,13.869,13.906,13.94,13.981,14.028,14.085,14.132,14.176,14.225,14.273,14.333,14.389,14.457,14.539,14.643,14.765,14.922,15.099,15.352,16.32
165,GRN FP,9.766,10.723,10.928,11.089,11.2,11.311,11.407,11.49,11.57,11.632,11.691,11.748,11.796,11.846,11.891,11.945,11.985,12.032,12.064,12.101,12.131,12.168,12.201,12.233,12.274,12.297,12.331,12.367,12.398,12.43,12.467,12.494,12.528,12.552,12.577,12.601,12.628,12.657,12.686,12.718,12.748,12.77,12.794,12.82,12.845,12.873,12.896,12.92,12.944,12.973,12.995,13.017,13.041,13.067,13.09,13.115,13.14,13.166,13.193,13.22,13.242,13.269,13.3,13.324,13.345,13.366,13.401,13.425,13.453,13.475,13.51,13.535,13.564,13.596,13.627,13.658,13.684,13.719,13.761,13.79,13.83,13.869,13.906,13.94,13.981,14.028,14.085,14.132,14.176,14.225,14.273,14.333,14.389,14.457,14.539,14.643,14.765,14.922,15.099,15.352,16.32
166,GRN FP,10.074,10.743,10.952,11.116,11.238,11.324,11.413,11.473,11.556,11.628,11.692,11.755,11.802,11.848,11.902,11.951,12.003,12.029,12.061,12.102,12.144,12.183,12.211,12.248,12.279,12.303,12.331,12.366,12.393,12.425,12.454,12.484,12.517,12.554,12.581,12.609,12.633,12.662,12.683,12.707,12.737,12.758,12.788,12.812,12.834,12.865,12.89,12.915,12.94,12.961,12.987,13.01,13.028,13.053,13.072,13.095,13.119,13.139,13.167,13.195,13.218,13.239,13.26,13.284,13.313,13.346,13.372,13.402,13.431,13.454,13.484,13.512,13.538,13.566,13.599,13.633,13.665,13.694,13.724,13.763,13.802,13.839,13.88,13.92,13.973,14.013,14.057,14.092,14.136,14.179,14.22,14.287,14.354,14.415,14.489,14.612,14.729,14.868,15.031,15.293,15.83
167,GRN FP,10.074,10.743,10.952,11.116,11.238,11.324,11.413,11.473,11.556,11.628,11.692,11.755,11.802,11.848,11.902,11.951,12.003,12.029,12.061,12.102,12.144,12.183,12.211,12.248,12.279,12.303,12.331,12.366,12.393,12.425,12.454,12.484,12.517,12.554,12.581,12.609,12.633,12.662,12.683,12.707,12.737,12.758,12.788,12.812,12.834,12.865,12.89,12.915,12.94,12.961,12.987,13.01,13.028,13.053,13.072,13.095,13.119,13.139,13.167,13.195,13.218,13.239,13.26,13.284,13.313,13.346,13.372,13.402,13.431,13.454,13.484,13.512,13.538,13.566,13.599,13.633,13.665,13.694,13.724,13.763,13.802,13.839,13.88,13.92,13.973,14.013,14.057,14.092,14.136,14.179,14.22,14.287,14.354,14.415,14.489,14.612,14.729,14.868,15.031,15.293,15.83
168,GRN FP,9.803,10.709,10.99,11.188,11.321,11.4,11.483,11.548,11.61,11.66,11.732,11.795,11.841,11.876,11.918,11.965,12.017,12.059,12.095,12.128,12.167,12.204,12.239,12.273,12.303,12.339,12.371,12.396,12.42,12.452,12.475,12.492,12.511,12.534,12.563,12.588,12.615,12.639,12.661,12.69,12.713,12.737,12.764,12.788,12.807,12.834,12.863,12.894,12.917,12.938,12.961,12.986,13.008,13.031,13.057,13.088,13.107,13.134,13.161,13.186,13.21,13.236,13.26,13.28,13.309,13.329,13.356,13.384,13.411,13.437,13.472,13.497,13.518,13.547,13.585,13.613,13.644,13.669,13.699,13.734,13.764,13.805,13.842,13.883,13.913,13.95,13.994,14.052,14.106,14.154,14.217,14.274,14.337,14.398,14.457,14.551,14.652,14.778,14.933,15.202,15.871
169,GRN FP,9.803,10.709,10.99,11.188,11.321,11.4,11.483,11.548,11.61,11.66,11.732,11.795,11.841,11.876,11.918,11.965,12.017,12.059,12.095,12.128,12.167,12.204,12.239,12.273,12.303,12.339,12.371,12.396,12.42,12.452,12.475,12.492,12.511,12.534,12.563,12.588,12.615,12.639,12.661,12.69,12.713,12.737,12.764,12.788,12.807,12.834,12.863,12.894,12.917,12.938,12.961,12.986,13.008,13.031,13.057,13.088,13.107,13.134,13.161,13.186,13.21,13.236,13.26,13.28,13.309,13.329,13.356,13.384,13.411,13.437,13.472,13.497,13.518,13.547,13.585,13.613,13.644,13.669,13.699,13.734,13.764,13.805,13.842,13.883,13.913,13.95,13.994,14.052,14.106,14.154,14.217,14.274,14.337,14.398,14.457,14.551,14.652,14.778,14.933,15.202,15.871
170,GRN FP,9.95,10.696,10.948,11.128,11.265,11.356,11.46,11.527,11.622,11.678,11.757,11.802,11.848,11.893,11.947,11.986,12.03,12.072,12.116,12.15,12.181,12.204,12.238,12.265,12.294,12.318,12.34,12.371,12.41,12.438,12.467,12.495,12.521,12.546,12.577,12.605,12.63,12.657,12.684,12.711,12.736,12.769,12.791,12.813,12.838,12.857,12.879,12.904,12.926,12.949,12.972,12.997,13.017,13.039,13.072,13.1,13.121,13.14,13.171,13.203,13.224,13.251,13.275,13.298,13.324,13.351,13.377,13.406,13.432,13.453,13.477,13.506,13.531,13.559,13.588,13.624,13.655,13.69,13.723,13.758,13.788,13.827,13.863,13.898,13.94,13.981,14.029,14.068,14.104,14.158,14.215,14.262,14.33,14.393,14.46,14.56,14.632,14.737,14.905,15.196,15.956
171,GRN FP,9.95,10.696,10.948,11.128,11.265,11.356,11.46,11.527,11.622,11.678,11.757,11.802,11.848,11.893,11.947,11.986,12.03,12.072,12.116,12.15,12.181,12.204,12.238,12.265,12.294,12.318,12.34,12.371,12.41,12.438,12.467,12.495,12.521,12.546,12.577,12.605,12.63,12.657,12.684,12.711,12.736,12.769,12.791,12.813,12.838,12.857,12.879,12.904,12.926,12.949,12.972,12.997,13.017,13.039,13.072,13.1,13.121,13.14,13.171,13.203,13.224,13.251,13.275,13.298,13.324,13.351,13.377,13.406,13.432,13.453,13.477,13.506,13.531,13.559,13.588,13.624,13.655,13.69,13.723,13.758,13.788,13.827,13.863,13.898,13.94,13.981,14.029,14.068,14.104,14.158,14.215,14.262,14.33,14.393,14.46,14.56,14.632,14.737,14.905,15.196,15.956
172,GRN FP,9.94,10.717,10.982,11.112,11.228,11.321,11.44,11.523,11.576,11.642,11.736,11.779,11.836,11.883,11.927,11.975,12.008,12.047,12.093,12.132,12.161,12.204,12.242,12.263,12.301,12.331,12.355,12.389,12.421,12.451,12.474,12.502,12.541,12.567,12.594,12.626,12.644,12.666,12.694,12.718,12.746,12.766,12.789,12.81,12.837,12.86,12.887,12.906,12.929,12.952,12.978,13.002,13.028,13.051,13.076,13.098,13.121,13.14,13.166,13.193,13.214,13.241,13.266,13.284,13.308,13.335,13.364,13.391,13.418,13.449,13.474,13.508,13.533,13.562,13.592,13.62,13.648,13.686,13.718,13.755,13.795,13.834,13.867,13.908,13.942,13.99,14.028,14.074,14.127,14.17,14.216,14.282,14.34,14.409,14.48,14.562,14.677,14.807,14.935,15.193,15.88
173,GRN FP,9.94,10.717,10.982,11.112,11.228,11.321,11.44,11.523,11.576,11.642,11.736,11.779,11.836,11.883,11.927,11.975,12.008,12.047,12.093,12.132,12.161,12.204,12.242,12.263,12.301,12.331,12.355,12.389,12.421,12.451,12.474,12.502,12.541,12.567,12.594,12.626,12.644,12.666,12.694,12.718,12.746,12.766,12.789,12.81,12.837,12.86,12.887,12.906,12.929,12.952,12.978,13.002,13.028,13.051,13.076,13.098,13.121,13.14,13.166,13.193,13.214,13.241,13.266,13.284,13.308,13.335,13.364,13.391,13.418,13.449,13.474,13.508,13.533,13.562,13.592,13.62,13.648,13.686,13.718,13.755,13.795,13.834,13.867,13.908,13.942,13.99,14.028,14.074,14.127,14.17,14.216,14.282,14.34,14.409,14.48,14.562,14.677,14.807,14.935,15.193,15.88
174,GRN FP,10.014,10.74,10.981,11.139,11.271,11.362,11.434,11.518,11.6,11.673,11.713,11.768,11.823,11.869,11.902,11.945,11.998,12.051,12.085,12.119,12.153,12.184,12.217,12.252,12.289,12.313,12.345,12.378,12.404,12.428,12.455,12.484,12.509,12.534,12.552,12.578,12.611,12.639,12.664,12.69,12.708,12.738,12.771,12.797,12.82,12.838,12.86,12.897,12.919,12.944,12.961,12.982,13.009,13.034,13.059,13.091,13.113,13.14,13.168,13.188,13.211,13.233,13.259,13.289,13.317,13.343,13.371,13.401,13.428,13.453,13.478,13.502,13.527,13.559,13.583,13.619,13.648,13.672,13.706,13.733,13.765,13.802,13.846,13.883,13.928,13.973,14.012,14.052,14.096,14.143,14.197,14.254,14.314,14.387,14.481,14.554,14.688,14.81,14.969,15.226,15.801
175,GRN FP,10.014,10.74,10.981,11.139,11.271,11.362,11.434,11.518,11.6,11.673,11.713,11.768,11.823,11.869,11.902,11.945,11.998,12.051,12.085,12.119,12.153,12.184,12.217,12.252,12.289,12.313,12.345,12.378,12.404,12.428,12.455,12.484,12.509,12.534,12.552,12.578,12.611,12.639,12.664,12.69,12.708,12.738,12.771,12.797,12.82,12.838,12.86,12.897,12.919,12.944,12.961,12.982,13.009,13.034,13.059,13.091,13.113,13.14,13.168,13.188,13.211,13.233,13.259,13.289,13.317,13.343,13.371,13.401,13.428,13.453,13.478,13.502,13.527,13.559,13.583,13.619,13.648,13.672,13.706,13.733,13.765,13.802,13.846,13.883,13.928,13.973,14.012,14.052,14.096,14.143,14.197,14.254,14.314,14.387,14.481,14.554,14.688,14.81,14.969,15.226,15.801
176,GRN FP,9.922,10.738,10.983,11.139,11.277,11.389,11.514,11.571,11.635,11.677,11.728,11.767,11.818,11.858,11.916,11.953,11.987,12.023,12.06,12.094,12.134,12.164,12.202,12.244,12.279,12.307,12.337,12.366,12.395,12.42,12.441,12.472,12.501,12.522,12.545,12.574,12.608,12.636,12.663,12.685,12.714,12.741,12.765,12.798,12.819,12.842,12.867,12.891,12.915,12.945,12.971,12.989,13.012,13.035,13.056,13.08,13.108,13.127,13.153,13.177,13.207,13.228,13.249,13.272,13.299,13.321,13.347,13.381,13.415,13.441,13.466,13.5,13.529,13.564,13.604,13.63,13.66,13.686,13.723,13.752,13.789,13.824,13.865,13.903,13.938,13.981,14.022,14.07,14.106,14.148,14.191,14.238,14.313,14.377,14.436,14.524,14.629,14.787,14.964,15.166,16.006
177,GRN FP,9.922,10.738,10.983,11.139,11.277,11.389,11.514,11.571,11.635,11.677,11.728,11.767,11.818,11.858,11.916,11.953,11.987,12.023,12.06,12.094,12.134,12.164,12.202,12.244,12.279,12.307,12.337,12.366,12.395,12.42,12.441,12.472,12.501,12.522,12.545,12.574,12.608,12.636,12.663,12.685,12.714,12.741,12.765,12.798,12.819,12.842,12.867,12.891,12.915,12.945,12.971,12.989,13.012,13.035,13.056,13.08,13.108,13.127,13.153,13.177,13.207,13.228,13.249,13.272,13.299,13.321,13.347,13.381,13.415,13.441,13.466,13.5,13.529,13.564,13.604,13.63,13.66,13.686,13.723,13.752,13.789,13.824,13.865,13.903,13.938,13.981,14.022,14.07,14.106,14.148,14.191,14.238,14.313,14.377,14.436,14.524,14.629,14.787,14.964,15.166,16.006
178,GRN FP,9.996,10.757,11.061,11.217,11.331,11.43,11.511,11.576,11.632,11.69,11.743,11.804,11.844,11.9,11.943,11.982,12.015,12.046,12.081,12.123,12.158,12.185,12.226,12.262,12.286,12.313,12.337,12.372,12.395,12.428,12.457,12.48,12.51,12.535,12.567,12.588,12.619,12.639,12.665,12.698,12.725,12.747,12.772,12.794,12.813,12.846,12.875,12.898,12.926,12.955,12.978,13.008,13.029,13.06,13.077,13.097,13.118,13.144,13.172,13.201,13.233,13.25,13.285,13.317,13.335,13.36,13.387,13.415,13.441,13.468,13.49,13.523,13.546,13.583,13.613,13.645,13.671,13.708,13.74,13.765,13.799,13.83,13.86,13.895,13.938,13.982,14.021,14.072,14.116,14.172,14.237,14.284,14.336,14.405,14.463,14.55,14.649,14.783,14.921,15.135,15.792
179,GRN FP,9.996,10.757,11.061,11.217,11.331,11.43,11.511,11.576,11.632,11.69,11.743,11.804,11.844,11.9,11.943,11.982,12.015,12.046,12.081,12.123,12.158,12.185,12.226,12.262,12.286,12.313,12.337,12.372,12.395,12.428,12.457,12.48,12.51,12.535,12.567,12.588,12.619,12.639,12.665,12.698,12.725,12.747,12.772,12.794,12.813,12.846,12.875,12.898,12.926,12.955,12.978,13.008,13.029,13.06,13.077,13.097,13.118,13.144,13.172,13.201,13.233,13.25,13.285,13.317,13.335,13.36,13.387,13.415,13.441,13.468,13.49,13.523,13.546,13.583,13.613,13.645,13.671,13.708,13.74,13.765,13.799,13.83,13.86,13.895,13.938,13.982,14.021,14.072,14.116,14.172,14.237,14.284,14.336,14.405,14.463,14.55,14.649,14.783,14.921,15.135,15.792
180,GRN FP,10.132,10.833,11.126,11.269,11.389,11.474,11.538,11.593,11.655,11.7,11.758,11.806,11.843,11.904,11.941,11.982,12.029,12.078,12.106,12.136,12.176,12.209,12.237,12.275,12.307,12.336,12.374,12.401,12.424,12.452,12.482,12.51,12.538,12.565,12.592,12.619,12.642,12.662,12.683,12.706,12.732,12.76,12.782,12.808,12.829,12.853,12.869,12.887,12.909,12.936,12.965,12.985,13.013,13.035,13.057,13.083,13.112,13.137,13.168,13.2,13.22,13.251,13.279,13.303,13.33,13.346,13.376,13.403,13.428,13.457,13.484,13.507,13.536,13.561,13.597,13.624,13.654,13.689,13.727,13.756,13.784,13.814,13.851,13.881,13.911,13.947,13.98,14.036,14.08,14.115,14.175,14.244,14.305,14.376,14.459,14.549,14.643,14.766,14.921,15.146,15.915
181,GRN FP,10.132,10.833,11.126,11.269,11.389,11.474,11.538,11.593,11.655,11.7,11.758,11.806,11.843,11.904,11.941,11.982,12.029,12.078,12.106,12.136,12.176,12.209,12.237,12.275,12.307,12.336,12.374,12.401,12.424,12.452,12.482,12.51,12.538,12.565,12.592,12.619,12.642,12.662,12.683,12.706,12.732,12.76,12.782,12.808,12.829,12.853,12.869,12.887,12.909,12.936,12.965,12.985,13.013,13.035,13.057,13.083,13.112,13.137,13.168,13.2,13.22,13.251,13.279,13.303,13.33,13.346,13.376,13.403,13.428,13.457,13.484,13.507,13.536,13.561,13.597,13.624,13.654,13.689,13.727,13.756,13.784,13.814,13.851,13.881,13.911,13.947,13.98,14.036,14.08,14.115,14.175,14.244,14.305,14.376,14.459,14.549,14.643,14.766,14.921,15.146,15.915
182,GRN FP,10.044,10.785,10.993,11.15,11.289,11.386,11.477,11.564,11.62,11.678,11.728,11.775,11.817,11.874,11.922,11.972,12.005,12.056,12.086,12.126,12.168,12.194,12.222,12.245,12.275,12.307,12.328,12.367,12.393,12.421,12.461,12.492,12.519,12.543,12.565,12.598,12.621,12.644,12.668,12.695,12.718,12.744,12.766,12.791,12.814,12.836,12.853,12.878,12.901,12.922,12.952,12.977,12.999,13.028,13.058,13.088,13.117,13.14,13.17,13.189,13.215,13.244,13.265,13.299,13.322,13.347,13.367,13.394,13.425,13.463,13.496,13.52,13.541,13.564,13.59,13.625,13.664,13.694,13.726,13.757,13.79,13.844,13.878,13.925,13.955,13.997,14.036,14.104,14.151,14.209,14.259,14.305,14.357,14.433,14.513,14.618,14.706,14.814,14.986,15.231,15.987
183,GRN FP,10.044,10.785,10.993,11.15,11.289,11.386,11.477,11.564,11.62,11.678,11.728,11.775,11.817,11.874,11.922,11.972,12.005,12.056,12.086,12.126,12.168,12.194,12.222,12.245,12.275,12.307,12.328,12.367,12.393,12.421,12.461,12.492,12.519,12.543,12.565,12.598,12.621,12.644,12.668,12.695,12.718,12.744,12.766,12.791,12.814,12.836,12.853,12.878,12.901,12.922,12.952,12.977,12.999,13.028,13.058,13.088,13.117,13.14,13.17,13.189,13.215,13.244,13.265,13.299,13.322,13.347,13.367,13.394,13.425,13.463,13.496,13.52,13.541,13.564,13.59,13.625,13.664,13.694,13.726,13.757,13.79,13.844,13.878,13.925,13.955,13.997,14.036,14.104,14.151,14.209,14.259,14.305,14.357,14.433,14.513,14.618,14.706,14.814,14.986,15.231,15.987
184,GRN FP,10.034,10.591,10.906,11.09,11.177,11.292,11.398,11.478,11.562,11.613,11.656,11.718,11.782,11.83,11.87,11.925,11.967,12.003,12.046,12.082,12.119,12.15,12.187,12.215,12.247,12.272,12.302,12.326,12.352,12.393,12.424,12.456,12.484,12.506,12.543,12.573,12.593,12.623,12.646,12.667,12.688,12.708,12.737,12.77,12.801,12.831,12.862,12.889,12.913,12.945,12.971,12.996,13.02,13.043,13.074,13.098,13.122,13.147,13.174,13.2,13.229,13.251,13.278,13.301,13.321,13.349,13.387,13.415,13.442,13.469,13.497,13.532,13.565,13.59,13.615,13.646,13.682,13.73,13.771,13.801,13.827,13.872,13.921,13.953,13.994,14.044,14.085,14.142,14.188,14.241,14.306,14.386,14.448,14.516,14.595,14.675,14.767,14.87,15.018,15.263,15.836
185,GRN FP,10.034,10.591,10.906,11.09,11.177,11.292,11.398,11.478,11.562,11.613,11.656,11.718,11.782,11.83,11.87,11.925,11.967,12.003,12.046,12.082,12.119,12.15,12.187,12.215,12.247,12.272,12.302,12.326,12.352,12.393,12.424,12.456,12.484,12.506,12.543,12.573,12.593,12.623,12.646,12.667,12.688,12.708,12.737,12.77,12.801,12.831,12.862,12.889,12.913,12.945,12.971,12.996,13.02,13.043,13.074,13.098,13.122,13.147,13.174,13.2,13.229,13.251,13.278,13.301,13.321,13.349,13.387,13.415,13.442,13.469,13.497,13.532,13.565,13.59,13.615,13.646,13.682,13.73,13.771,13.801,13.827,13.872,13.921,13.953,13.994,14.044,14.085,14.142,14.188,14.241,14.306,14.386,14.448,14.516,14.595,14.675,14.767,14.87,15.018,15.263,15.836
186,GRN FP,9.913,10.518,10.842,11.008,11.138,11.239,11.334,11.418,11.503,11.567,11.628,11.69,11.739,11.778,11.835,11.881,11.929,11.961,11.991,12.022,12.063,12.096,12.127,12.166,12.208,12.233,12.281,12.315,12.35,12.383,12.408,12.442,12.477,12.513,12.533,12.564,12.592,12.623,12.65,12.68,12.711,12.732,12.763,12.791,12.815,12.842,12.871,12.896,12.923,12.946,12.976,12.995,13.021,13.045,13.073,13.102,13.131,13.157,13.188,13.222,13.243,13.275,13.301,13.323,13.346,13.371,13.403,13.432,13.458,13.498,13.527,13.559,13.59,13.629,13.667,13.705,13.734,13.766,13.806,13.849,13.878,13.912,13.946,13.99,14.035,14.085,14.14,14.19,14.233,14.29,14.354,14.398,14.484,14.573,14.633,14.727,14.826,14.969,15.132,15.362,16.066
187,GRN FP,9.913,10.518,10.842,11.008,11.138,11.239,11.334,11.418,11.503,11.567,11.628,11.69,11.739,11.778,11.835,11.881,11.929,11.961,11.991,12.022,12.063,12.096,12.127,12.166,12.208,12.233,12.281,12.315,12.35,12.383,12.408,12.442,12.477,12.513,12.533,12.564,12.592,12.623,12.65,12.68,12.711,12.732,12.763,12.791,12.815,12.842,12.871,12.896,12.923,12.946,12.976,12.995,13.021,13.045,13.073,13.102,13.131,13.157,13.188,13.222,13.243,13.275,13.301,13.323,13.346,13.371,13.403,13.432,13.458,13.498,13.527,13.559,13.59,13.629,13.667,13.705,13.734,13.766,13.806,13.849,13.878,13.912,13.946,13.99,14.035,14.085,14.14,14.19,14.233,14.29,14.354,14.398,14.484,14.573,14.633,14.727,14.826,14.969,15.132,15.362,16.066
188,GRN FP,9.819,10.479,10.805,10.939,11.077,11.195,11.298,11.366,11.437,11.502,11.575,11.63,11.669,11.722,11.778,11.823,11.865,11.902,11.948,11.993,12.038,12.08,12.113,12.146,12.184,12.216,12.25,12.291,12.327,12.359,12.383,12.417,12.444,12.472,12.504,12.531,12.567,12.594,12.621,12.648,12.672,12.706,12.738,12.763,12.789,12.807,12.832,12.868,12.9,12.931,12.954,12.98,13.013,13.038,13.064,13.094,13.124,13.161,13.187,13.214,13.242,13.276,13.304,13.334,13.364,13.393,13.433,13.463,13.492,13.517,13.543,13.576,13.608,13.639,13.668,13.7,13.732,13.759,13.791,13.826,13.864,13.911,13.948,13.987,14.03,14.086,14.136,14.185,14.251,14.315,14.37,14.447,14.507,14.576,14.656,14.748,14.832,14.979,15.168,15.406,16.344
189,GRN FP,9.819,10.479,10.805,10.939,11.077,11.195,11.298,11.366,11.437,11.502,11.575,11.63,11.669,11.722,11.778,11.823,11.865,11.902,11.948,11.993,12.038,12.08,12.113,12.146,12.184,12.216,12.25,12.291,12.327,12.359,12.383,12.417,12.444,12.472,12.504,12.531,12.567,12.594,12.621,12.648,12.672,12.706,12.738,12.763,12.789,12.807,12.832,12.868,12.9,12.931,12.954,12.98,13.013,13.038,13.064,13.094,13.124,13.161,13.187,13.214,13.242,13.276,13.304,13.334,13.364,13.393,13.433,13.463,13.492,13.517,13.543,13.576,13.608,13.639,13.668,13.7,13.732,13.759,13.791,13.826,13.864,13.911,13.948,13.987,14.03,14.086,14.136,14.185,14.251,14.315,14.37,14.447,14.507,14.576,14.656,14.748,14.832,14.979,15.168,15.406,16.344
190,GRN FP,9.76,10.474,10.686,10.866,11.02,11.172,11.269,11.332,11.411,11.482,11.528,11.594,11.648,11.704,11.757,11.804,11.849,11.901,11.938,11.978,12.018,12.067,12.092,12.123,12.16,12.198,12.233,12.265,12.3,12.346,12.377,12.413,12.437,12.463,12.493,12.519,12.566,12.594,12.625,12.656,12.677,12.698,12.728,12.76,12.784,12.808,12.838,12.873,12.896,12.923,12.949,12.98,13.021,13.048,13.081,13.104,13.13,13.154,13.192,13.217,13.241,13.271,13.299,13.332,13.367,13.399,13.424,13.452,13.481,13.51,13.543,13.572,13.595,13.63,13.66,13.686,13.723,13.769,13.804,13.847,13.903,13.941,13.973,14.02,14.064,14.107,14.154,14.219,14.294,14.336,14.396,14.446,14.533,14.632,14.685,14.785,14.858,14.983,15.21,15.525,16.221
191,GRN FP,9.76,10.474,10.686,10.866,11.02,11.172,11.269,11.332,11.411,11.482,11.528,11.594,11.648,11.704,11.757,11.804,11.849,11.901,11.938,11.978,12.018,12.067,12.092,12.123,12.16,12.198,12.233,12.265,12.3,12.346,12.377,12.413,12.437,12.463,12.493,12.519,12.566,12.594,12.625,12.656,12.677,12.698,12.728,12.76,12.784,12.808,12.838,12.873,12.896,12.923,12.949,12.98,13.021,13.048,13.081,13.104,13.13,13.154,13.192,13.217,13.241,13.271,13.299,13.332,13.367,13.399,13.424,13.452,13.481,13.51,13.543,13.572,13.595,13.63,13.66,13.686,13.723,13.769,13.804,13.847,13.903,13.941,13.973,14.02,14.064,14.107,14.154,14.219,14.294,14.336,14.396,14.446,14.533,14.632,14.685,14.785,14.858,14.983,15.21,15.525,16.221
192,GRN FP,9.703,10.417,10.593,10.814,10.977,11.12,11.218,11.303,11.389,11.456,11.515,11.568,11.628,11.701,11.754,11.806,11.852,11.899,11.949,11.985,12.026,12.062,12.094,12.124,12.161,12.194,12.234,12.263,12.296,12.333,12.366,12.397,12.425,12.456,12.501,12.53,12.561,12.593,12.629,12.658,12.692,12.722,12.76,12.783,12.806,12.835,12.867,12.894,12.923,12.952,12.987,13.011,13.033,13.059,13.086,13.113,13.141,13.177,13.203,13.226,13.248,13.282,13.315,13.341,13.372,13.401,13.423,13.46,13.487,13.517,13.537,13.577,13.621,13.653,13.69,13.721,13.767,13.805,13.835,13.873,13.905,13.955,13.987,14.031,14.078,14.122,14.175,14.236,14.282,14.333,14.407,14.48,14.542,14.612,14.717,14.818,14.925,15.061,15.258,15.588,16.414
193,GRN FP,9.703,10.417,10.593,10.814,10.977,11.12,11.218,11.303,11.389,11.456,11.515,11.568,11.628,11.701,11.754,11.806,11.852,11.899,11.949,11.985,12.026,12.062,12.094,12.124,12.161,12.194,12.234,12.263,12.296,12.333,12.366,12.397,12.425,12.456,12.501,12.53,12.561,12.593,12.629,12.658,12.692,12.722,12.76,12.783,12.806,12.835,12.867,12.894,12.923,12.952,12.987,13.011,13.033,13.059,13.086,13.113,13.141,13.177,13.203,13.226,13.248,13.282,13.315,13.341,13.372,13.401,13.423,13.46,13.487,13.517,13.537,13.577,13.621,13.653,13.69,13.721,13.767,13.805,13.835,13.873,13.905,13.955,13.987,14.031,14.078,14.122,14.175,14.236,14.282,14.333,14.407,14.48,14.542,14.612,14.717,14.818,14.925,15.061,15.258,15.588,16.414
194,GRN FP,9.593,10.251,10.542,10.766,10.976,11.094,11.208,11.29,11.36,11.425,11.501,11.571,11.625,11.677,11.731,11.773,11.826,11.88,11.918,11.963,12.002,12.037,12.073,12.103,12.146,12.182,12.222,12.259,12.286,12.317,12.351,12.386,12.431,12.46,12.491,12.518,12.554,12.587,12.62,12.646,12.679,12.714,12.746,12.779,12.803,12.83,12.851,12.878,12.902,12.927,12.952,12.978,13.009,13.041,13.069,13.099,13.123,13.147,13.171,13.202,13.239,13.273,13.301,13.333,13.369,13.417,13.445,13.473,13.506,13.53,13.561,13.593,13.62,13.657,13.689,13.731,13.771,13.804,13.846,13.886,13.928,13.967,14.016,14.073,14.119,14.162,14.205,14.254,14.315,14.369,14.44,14.502,14.565,14.646,14.729,14.816,14.943,15.096,15.29,15.631,16.735
195,GRN FP,9.593,10.251,10.542,10.766,10.976,11.094,11.208,11.29,11.36,11.425,11.501,11.571,11.625,11.677,11.731,11.773,11.826,11.88,11.918,11.963,12.002,12.037,12.073,12.103,12.146,12.182,12.222,12.259,12.286,12.317,12.351,12.386,12.431,12.46,12.491,12.518,12.554,12.587,12.62,12.646,12.679,12.714,12.746,12.779,12.803,12.83,12.851,12.878,12.902,12.927,12.952,12.978,13.009,13.041,13.069,13.099,13.123,13.147,13.171,13.202,13.239,13.273,13.301,13.333,13.369,13.417,13.445,13.473,13.506,13.53,13.561,13.593,13.62,13.657,13.689,13.731,13.771,13.804,13.846,13.886,13.928,13.967,14.016,14.073,14.119,14.162,14.205,14.254,14.315,14.369,14.44,14.502,14.565,14.646,14.729,14.816,14.943,15.096,15.29,15.631,16.735
196,GRN FP,9.531,10.288,10.544,10.71,10.895,11.031,11.135,11.211,11.286,11.381,11.454,11.543,11.603,11.665,11.73,11.777,11.83,11.871,11.923,11.957,12.004,12.044,12.082,12.113,12.149,12.183,12.214,12.247,12.283,12.32,12.357,12.383,12.423,12.457,12.494,12.524,12.551,12.584,12.615,12.644,12.679,12.714,12.74,12.771,12.805,12.833,12.86,12.887,12.911,12.943,12.979,13.01,13.033,13.056,13.085,13.113,13.145,13.178,13.206,13.235,13.261,13.286,13.315,13.344,13.374,13.399,13.432,13.466,13.487,13.525,13.558,13.596,13.627,13.663,13.702,13.747,13.79,13.83,13.869,13.91,13.948,13.986,14.03,14.087,14.131,14.179,14.243,14.287,14.341,14.409,14.471,14.519,14.593,14.67,14.754,14.833,14.973,15.114,15.297,15.648,16.71
197,GRN FP,9.531,10.288,10.544,10.71,10.895,11.031,11.135,11.211,11.286,11.381,11.454,11.543,11.603,11.665,11.73,11.777,11.83,11.871,11.923,11.957,12.004,12.044,12.082,12.113,12.149,12.183,12.214,12.247,12.283,12.32,12.357,12.383,12.423,12.457,12.494,12.524,12.551,12.584,12.615,12.644,12.679,12.714,12.74,12.771,12.805,12.833,12.86,12.887,12.911,12.943,12.979,13.01,13.033,13.056,13.085,13.113,13.145,13.178,13.206,13.235,13.261,13.286,13.315,13.344,13.374,13.399,13.432,13.466,13.487,13.525,13.558,13.596,13.627,13.663,13.702,13.747,13.79,13.83,13.869,13.91,13.948,13.986,14.03,14.087,14.131,14.179,14.243,14.287,14.341,14.409,14.471,14.519,14.593,14.67,14.754,14.833,14.973,15.114,15.297,15.648,16.71
198,GRN FP,9.422,10.245,10.512,10.709,10.84,10.967,11.082,11.198,11.284,11.369,11.452,11.52,11.575,11.638,11.697,11.749,11.789,11.837,11.877,11.925,11.985,12.019,12.059,12.095,12.125,12.164,12.212,12.248,12.28,12.315,12.342,12.381,12.418,12.453,12.483,12.513,12.55,12.584,12.626,12.665,12.696,12.729,12.753,12.784,12.81,12.839,12.876,12.91,12.941,12.97,12.999,13.031,13.059,13.084,13.116,13.14,13.175,13.204,13.234,13.259,13.279,13.321,13.348,13.378,13.401,13.429,13.464,13.499,13.525,13.548,13.596,13.635,13.672,13.708,13.753,13.782,13.818,13.857,13.891,13.936,13.98,14.02,14.057,14.105,14.158,14.197,14.261,14.322,14.38,14.44,14.504,14.58,14.648,14.725,14.796,14.91,15.003,15.127,15.343,15.685,16.805
199,GRN FP,9.422,10.245,10.512,10.709,10.84,10.967,11.082,11.198,11.284,11.369,11.452,11.52,11.575,11.638,11.697,11.749,11.789,11.837,11.877,11.925,11.985,12.019,12.059,12.095,12.125,12.164,12.212,12.248,12.28,12.315,12.342,12.381,12.418,12.453,12.483,12.513,12.55,12.584,12.626,12.665,12.696,12.729,12.753,12.784,12.81,12.839,12.876,12.91,12.941,12.97,12.999,13.031,13.059,13.084,13.116,13.14,13.175,13.204,13.234,13.259,13.279,13.321,13.348,13.378,13.401,13.429,13.464,13.499,13.525,13.548,13.596,13.635,13.672,13.708,13.753,13.782,13.818,13.857,13.891,13.936,13.98,14.02,14.057,14.105,14.158,14.197,14.261,14.322,14.38,14.44,14.504,14.58,14.648,14.725,14.796,14.91,15.003,15.127,15.343,15.685,16.805
200,GRN FP,9.456,10.204,10.456,10.656,10.792,10.936,11.041,11.157,11.259,11.333,11.416,11.49,11.548,11.628,11.676,11.717,11.768,11.818,11.863,11.905,11.955,12.0,12.04,12.083,12.121,12.156,12.185,12.24,12.276,12.314,12.36,12.405,12.438,12.468,12.498,12.537,12.565,12.606,12.638,12.67,12.698,12.733,12.764,12.797,12.825,12.856,12.885,12.919,12.95,12.974,13.004,13.037,13.062,13.086,13.108,13.134,13.161,13.199,13.235,13.268,13.295,13.328,13.361,13.393,13.419,13.45,13.487,13.523,13.56,13.595,13.626,13.669,13.704,13.744,13.769,13.81,13.844,13.878,13.936,13.966,14.002,14.046,14.095,14.137,14.184,14.234,14.301,14.349,14.395,14.447,14.495,14.569,14.63,14.701,14.795,14.869,15.006,15.179,15.422,15.677,16.81
201,GRN FP,9.456,10.204,10.456,10.656,10.792,10.936,11.041,11.157,11.259,11.333,11.416,11.49,11.548,11.628,11.676,11.717,11.768,11.818,11.863,11.905,11.955,12.0,12.04,12.083,12.121,12.156,12.185,12.24,12.276,12.314,12.36,12.405,12.438,12.468,12.498,12.537,12.565,12.606,12.638,12.67,12.698,12.733,12.764,12.797,12.825,12.856,12.885,12.919,12.95,12.974,13.004,13.037,13.062,13.086,13.108,13.134,13.161,13.199,13.235,13.268,13.295,13.328,13.361,13.393,13.419,13.45,13.487,13.523,13.56,13.595,13.626,13.669,13.704,13.744,13.769,13.81,13.844,13.878,13.936,13.966,14.002,14.046,14.095,14.137,14.184,14.234,14.301,14.349,14.395,14.447,14.495,14.569,14.63,14.701,14.795,14.869,15.006,15.179,15.422,15.677,16.81
202,GRN FP,9.153,10.14,10.499,10.652,10.799,10.908,11.012,11.136,11.227,11.302,11.387,11.454,11.524,11.589,11.658,11.71,11.759,11.829,11.873,11.922,11.967,12.004,12.035,12.076,12.118,12.169,12.204,12.252,12.29,12.33,12.363,12.395,12.425,12.462,12.498,12.529,12.553,12.589,12.627,12.655,12.69,12.719,12.755,12.796,12.826,12.864,12.894,12.924,12.955,12.982,13.015,13.045,13.072,13.108,13.134,13.157,13.181,13.216,13.25,13.283,13.311,13.335,13.365,13.398,13.426,13.459,13.492,13.519,13.548,13.582,13.616,13.645,13.689,13.726,13.765,13.808,13.851,13.89,13.924,13.983,14.022,14.066,14.113,14.152,14.197,14.255,14.304,14.345,14.397,14.451,14.517,14.58,14.641,14.735,14.853,14.954,15.064,15.228,15.46,15.764,16.744
203,GRN FP,9.153,10.14,10.499,10.652,10.799,10.908,11.012,11.136,11.227,11.302,11.387,11.454,11.524,11.589,11.658,11.71,11.759,11.829,11.873,11.922,11.967,12.004,12.035,12.076,12.118,12.169,12.204,12.252,12.29,12.33,12.363,12.395,12.425,12.462,12.498,12.529,12.553,12.589,12.627,12.655,12.69,12.719,12.755,12.796,12.826,12.864,12.894,12.924,12.955,12.982,13.015,13.045,13.072,13.108,13.134,13.157,13.181,13.216,13.25,13.283,13.311,13.335,13.365,13.398,13.426,13.459,13.492,13.519,13.548,13.582,13.616,13.645,13.689,13.726,13.765,13.808,13.851,13.89,13.924,13.983,14.022,14.066,14.113,14.152,14.197,14.255,14.304,14.345,14.397,14.451,14.517,14.58,14.641,14.735,14.853,14.954,15.064,15.228,15.46,15.764,16.744
204,GRN FP,9.212,10.161,10.491,10.671,10.809,10.91,11.026,11.115,11.209,11.31,11.373,11.443,11.51,11.565,11.615,11.687,11.738,11.786,11.83,11.881,11.931,11.98,12.027,12.067,12.104,12.147,12.196,12.242,12.269,12.307,12.345,12.383,12.422,12.461,12.495,12.532,12.565,12.598,12.636,12.67,12.705,12.742,12.776,12.81,12.837,12.87,12.904,12.929,12.956,12.99,13.027,13.052,13.078,13.102,13.128,13.153,13.178,13.209,13.24,13.266,13.293,13.326,13.357,13.389,13.426,13.462,13.5,13.537,13.577,13.606,13.627,13.66,13.689,13.734,13.77,13.809,13.844,13.888,13.929,13.965,14.002,14.04,14.089,14.142,14.201,14.245,14.306,14.373,14.427,14.487,14.55,14.606,14.676,14.779,14.887,15.0,15.119,15.276,15.48,15.802,16.521
205,GRN FP,9.212,10.161,10.491,10.671,10.809,10.91,11.026,11.115,11.209,11.31,11.373,11.443,11.51,11.565,11.615,11.687,11.738,11.786,11.83,11.881,11.931,11.98,12.027,12.067,12.104,12.147,12.196,12.242,12.269,12.307,12.345,12.383,12.422,12.461,12.495,12.532,12.565,12.598,12.636,12.67,12.705,12.742,12.776,12.81,12.837,12.87,12.904,12.929,12.956,12.99,13.027,13.052,13.078,13.102,13.128,13.153,13.178,13.209,13.24,13.266,13.293,13.326,13.357,13.389,13.426,13.462,13.5,13.537,13.577,13.606,13.627,13.66,13.689,13.734,13.77,13.809,13.844,13.888,13.929,13.965,14.002,14.04,14.089,14.142,14.201,14.245,14.306,14.373,14.427,14.487,14.55,14.606,14.676,14.779,14.887,15.0,15.119,15.276,15.48,15.802,16.521
206,GRN FP,9.184,10.079,10.434,10.641,10.787,10.899,11.026,11.127,11.214,11.304,11.365,11.429,11.497,11.565,11.642,11.689,11.739,11.803,11.863,11.915,11.965,12.006,12.041,12.078,12.114,12.147,12.184,12.22,12.257,12.296,12.337,12.37,12.404,12.436,12.475,12.504,12.544,12.578,12.619,12.658,12.687,12.714,12.749,12.781,12.804,12.839,12.86,12.895,12.94,12.966,12.995,13.025,13.064,13.106,13.131,13.165,13.192,13.224,13.251,13.289,13.32,13.35,13.374,13.411,13.451,13.487,13.517,13.549,13.578,13.608,13.64,13.677,13.72,13.75,13.788,13.827,13.872,13.913,13.957,13.998,14.041,14.081,14.128,14.171,14.216,14.277,14.345,14.401,14.467,14.508,14.577,14.627,14.709,14.784,14.887,15.01,15.15,15.312,15.485,15.747,16.485
207,GRN FP,9.184,10.079,10.434,10.641,10.787,10.899,11.026,11.127,11.214,11.304,11.365,11.429,11.497,11.565,11.642,11.689,11.739,11.803,11.863,11.915,11.965,12.006,12.041,12.078,12.114,12.147,12.184,12.22,12.257,12.296,12.337,12.37,12.404,12.436,12.475,12.504,12.544,12.578,12.619,12.658,12.687,12.714,12.749,12.781,12.804,12.839,12.86,12.895,12.94,12.966,12.995,13.025,13.064,13.106,13.131,13.165,13.192,13.224,13.251,13.289,13.32,13.35,13.374,13.411,13.451,13.487,13.517,13.549,13.578,13.608,13.64,13.677,13.72,13.75,13.788,13.827,13.872,13.913,13.957,13.998,14.041,14.081,14.128,14.171,14.216,14.277,14.345,14.401,14.467,14.508,14.577,14.627,14.709,14.784,14.887,15.01,15.15,15.312,15.485,15.747,16.485
208,GRN FP,9.096,10.19,10.412,10.601,10.769,10.881,11.016,11.121,11.205,11.277,11.347,11.416,11.476,11.538,11.593,11.654,11.715,11.777,11.827,11.885,11.937,11.992,12.034,12.082,12.121,12.152,12.179,12.212,12.265,12.297,12.334,12.371,12.407,12.439,12.479,12.52,12.553,12.586,12.626,12.673,12.707,12.738,12.773,12.803,12.839,12.864,12.893,12.925,12.958,12.991,13.022,13.056,13.088,13.119,13.162,13.191,13.216,13.246,13.279,13.312,13.346,13.374,13.41,13.437,13.465,13.495,13.528,13.57,13.602,13.632,13.665,13.698,13.732,13.771,13.807,13.848,13.886,13.918,13.957,14.0,14.041,14.093,14.132,14.17,14.227,14.287,14.338,14.412,14.453,14.517,14.573,14.649,14.748,14.82,14.902,15.018,15.158,15.304,15.53,15.821,16.745
209,GRN FP,9.096,10.19,10.412,10.601,10.769,10.881,11.016,11.121,11.205,11.277,11.347,11.416,11.476,11.538,11.593,11.654,11.715,11.777,11.827,11.885,11.937,11.992,12.034,12.082,12.121,12.152,12.179,12.212,12.265,12.297,12.334,12.371,12.407,12.439,12.479,12.52,12.553,12.586,12.626,12.673,12.707,12.738,12.773,12.803,12.839,12.864,12.893,12.925,12.958,12.991,13.022,13.056,13.088,13.119,13.162,13.191,13.216,13.246,13.279,13.312,13.346,13.374,13.41,13.437,13.465,13.495,13.528,13.57,13.602,13.632,13.665,13.698,13.732,13.771,13.807,13.848,13.886,13.918,13.957,14.0,14.041,14.093,14.132,14.17,14.227,14.287,14.338,14.412,14.453,14.517,14.573,14.649,14.748,14.82,14.902,15.018,15.158,15.304,15.53,15.821,16.745
210,GRN FP,9.293,10.166,10.43,10.613,10.76,10.918,11.001,11.102,11.202,11.272,11.346,11.407,11.482,11.544,11.622,11.667,11.739,11.782,11.825,11.879,11.912,11.963,12.017,12.056,12.101,12.142,12.191,12.225,12.262,12.292,12.327,12.368,12.396,12.427,12.472,12.517,12.547,12.57,12.607,12.648,12.688,12.723,12.755,12.784,12.825,12.858,12.89,12.928,12.962,12.992,13.019,13.047,13.088,13.115,13.144,13.178,13.208,13.255,13.286,13.316,13.348,13.379,13.414,13.447,13.481,13.515,13.539,13.568,13.6,13.633,13.673,13.702,13.732,13.765,13.789,13.837,13.86,13.91,13.949,13.995,14.043,14.088,14.138,14.198,14.229,14.284,14.344,14.389,14.448,14.525,14.596,14.671,14.76,14.835,14.932,15.078,15.213,15.375,15.621,15.857,16.671
211,GRN FP,9.293,10.166,10.43,10.613,10.76,10.918,11.001,11.102,11.202,11.272,11.346,11.407,11.482,11.544,11.622,11.667,11.739,11.782,11.825,11.879,11.912,11.963,12.017,12.056,12.101,12.142,12.191,12.225,12.262,12.292,12.327,12.368,12.396,12.427,12.472,12.517,12.547,12.57,12.607,12.648,12.688,12.723,12.755,12.784,12.825,12.858,12.89,12.928,12.962,12.992,13.019,13.047,13.088,13.115,13.144,13.178,13.208,13.255,13.286,13.316,13.348,13.379,13.414,13.447,13.481,13.515,13.539,13.568,13.6,13.633,13.673,13.702,13.732,13.765,13.789,13.837,13.86,13.91,13.949,13.995,14.043,14.088,14.138,14.198,14.229,14.284,14.344,14.389,14.448,14.525,14.596,14.671,14.76,14.835,14.932,15.078,15.213,15.375,15.621,15.857,16.671
212,GRN FP,9.069,10.094,10.457,10.656,10.766,10.902,10.997,11.093,11.192,11.282,11.344,11.409,11.491,11.529,11.594,11.678,11.732,11.781,11.829,11.875,11.938,11.979,12.009,12.049,12.102,12.139,12.18,12.216,12.256,12.291,12.336,12.365,12.399,12.429,12.463,12.501,12.543,12.585,12.619,12.663,12.694,12.743,12.788,12.82,12.844,12.888,12.914,12.947,12.986,13.015,13.046,13.08,13.112,13.134,13.163,13.192,13.22,13.252,13.28,13.31,13.338,13.364,13.396,13.435,13.467,13.49,13.529,13.557,13.594,13.625,13.668,13.706,13.742,13.769,13.815,13.86,13.906,13.939,13.998,14.028,14.064,14.102,14.143,14.189,14.242,14.294,14.349,14.401,14.463,14.532,14.586,14.668,14.757,14.873,14.953,15.095,15.223,15.377,15.544,15.822,16.523
213,GRN FP,9.069,10.094,10.457,10.656,10.766,10.902,10.997,11.093,11.192,11.282,11.344,11.409,11.491,11.529,11.594,11.678,11.732,11.781,11.829,11.875,11.938,11.979,12.009,12.049,12.102,12.139,12.18,12.216,12.256,12.291,12.336,12.365,12.399,12.429,12.463,12.501,12.543,12.585,12.619,12.663,12.694,12.743,12.788,12.82,12.844,12.888,12.914,12.947,12.986,13.015,13.046,13.08,13.112,13.134,13.163,13.192,13.22,13.252,13.28,13.31,13.338,13.364,13.396,13.435,13.467,13.49,13.529,13.557,13.594,13.625,13.668,13.706,13.742,13.769,13.815,13.86,13.906,13.939,13.998,14.028,14.064,14.102,14.143,14.189,14.242,14.294,14.349,14.401,14.463,14.532,14.586,14.668,14.757,14.873,14.953,15.095,15.223,15.377,15.544,15.822,16.523
214,GRN FP,9.08,10.055,10.403,10.636,10.771,10.886,11.006,11.111,11.204,11.272,11.334,11.405,11.476,11.542,11.624,11.674,11.73,11.779,11.831,11.878,11.921,11.962,12.002,12.038,12.083,12.129,12.182,12.225,12.268,12.306,12.349,12.387,12.418,12.454,12.487,12.524,12.567,12.609,12.64,12.685,12.711,12.742,12.768,12.798,12.833,12.866,12.907,12.939,12.97,13.002,13.037,13.064,13.088,13.119,13.144,13.175,13.196,13.225,13.253,13.277,13.305,13.344,13.381,13.415,13.445,13.493,13.533,13.556,13.594,13.628,13.663,13.697,13.745,13.776,13.82,13.862,13.896,13.929,13.97,14.014,14.05,14.092,14.138,14.177,14.231,14.298,14.35,14.39,14.455,14.509,14.567,14.666,14.729,14.845,14.976,15.055,15.177,15.367,15.552,15.866,16.756
215,GRN FP,9.08,10.055,10.403,10.636,10.771,10.886,11.006,11.111,11.204,11.272,11.334,11.405,11.476,11.542,11.624,11.674,11.73,11.779,11.831,11.878,11.921,11.962,12.002,12.038,12.083,12.129,12.182,12.225,12.268,12.306,12.349,12.387,12.418,12.454,12.487,12.524,12.567,12.609,12.64,12.685,12.711,12.742,12.768,12.798,12.833,12.866,12.907,12.939,12.97,13.002,13.037,13.064,13.088,13.119,13.144,13.175,13.196,13.225,13.253,13.277,13.305,13.344,13.381,13.415,13.445,13.493,13.533,13.556,13.594,13.628,13.663,13.697,13.745,13.776,13.82,13.862,13.896,13.929,13.97,14.014,14.05,14.092,14.138,14.177,14.231,14.298,14.35,14.39,14.455,14.509,14.567,14.666,14.729,14.845,14.976,15.055,15.177,15.367,15.552,15.866,16.756
216,GRN FP,9.267,10.073,10.373,10.586,10.731,10.86,11.002,11.116,11.22,11.299,11.382,11.439,11.499,11.553,11.614,11.667,11.716,11.777,11.828,11.882,11.939,11.98,12.02,12.054,12.098,12.134,12.191,12.231,12.273,12.33,12.372,12.419,12.454,12.49,12.53,12.555,12.584,12.613,12.649,12.679,12.709,12.743,12.777,12.804,12.831,12.862,12.898,12.929,12.958,12.99,13.018,13.055,13.079,13.115,13.153,13.174,13.203,13.236,13.26,13.294,13.334,13.373,13.402,13.434,13.467,13.491,13.531,13.558,13.604,13.642,13.676,13.711,13.745,13.781,13.812,13.844,13.881,13.919,13.963,14.0,14.037,14.089,14.14,14.193,14.254,14.305,14.355,14.402,14.471,14.533,14.599,14.652,14.728,14.816,14.93,15.043,15.178,15.373,15.589,15.87,16.81
217,GRN FP,9.267,10.073,10.373,10.586,10.731,10.86,11.002,11.116,11.22,11.299,11.382,11.439,11.499,11.553,11.614,11.667,11.716,11.777,11.828,11.882,11.939,11.98,12.02,12.054,12.098,12.134,12.191,12.231,12.273,12.33,12.372,12.419,12.454,12.49,12.53,12.555,12.584,12.613,12.649,12.679,12.709,12.743,12.777,12.804,12.831,12.862,12.898,12.929,12.958,12.99,13.018,13.055,13.079,13.115,13.153,13.174,13.203,13.236,13.26,13.294,13.334,13.373,13.402,13.434,13.467,13.491,13.531,13.558,13.604,13.642,13.676,13.711,13.745,13.781,13.812,13.844,13.881,13.919,13.963,14.0,14.037,14.089,14.14,14.193,14.254,14.305,14.355,14.402,14.471,14.533,14.599,14.652,14.728,14.816,14.93,15.043,15.178,15.373,15.589,15.87,16.81
218,GRN FP,9.223,10.029,10.304,10.604,10.738,10.88,10.998,11.117,11.197,11.271,11.389,11.467,11.533,11.594,11.646,11.717,11.763,11.811,11.851,11.896,11.942,11.984,12.032,12.071,12.104,12.146,12.183,12.22,12.26,12.295,12.333,12.369,12.4,12.443,12.475,12.501,12.546,12.581,12.617,12.645,12.67,12.716,12.746,12.786,12.821,12.853,12.893,12.923,12.96,12.993,13.015,13.049,13.088,13.12,13.162,13.19,13.219,13.257,13.287,13.331,13.363,13.395,13.427,13.461,13.5,13.531,13.566,13.589,13.622,13.658,13.691,13.729,13.768,13.805,13.831,13.864,13.9,13.94,13.975,14.019,14.058,14.099,14.139,14.183,14.224,14.281,14.345,14.389,14.453,14.526,14.609,14.679,14.762,14.833,14.921,15.046,15.188,15.345,15.573,15.86,16.774
219,GRN FP,9.223,10.029,10.304,10.604,10.738,10.88,10.998,11.117,11.197,11.271,11.389,11.467,11.533,11.594,11.646,11.717,11.763,11.811,11.851,11.896,11.942,11.984,12.032,12.071,12.104,12.146,12.183,12.22,12.26,12.295,12.333,12.369,12.4,12.443,12.475,12.501,12.546,12.581,12.617,12.645,12.67,12.716,12.746,12.786,12.821,12.853,12.893,12.923,12.96,12.993,13.015,13.049,13.088,13.12,13.162,13.19,13.219,13.257,13.287,13.331,13.363,13.395,13.427,13.461,13.5,13.531,13.566,13.589,13.622,13.658,13.691,13.729,13.768,13.805,13.831,13.864,13.9,13.94,13.975,14.019,14.058,14.099,14.139,14.183,14.224,14.281,14.345,14.389,14.453,14.526,14.609,14.679,14.762,14.833,14.921,15.046,15.188,15.345,15.573,15.86,16.774
220,GRN FP,9.249,9.997,10.333,10.607,10.75,10.91,11.019,11.108,11.184,11.284,11.366,11.447,11.526,11.59,11.646,11.709,11.741,11.795,11.847,11.895,11.938,11.976,12.026,12.06,12.096,12.138,12.176,12.21,12.243,12.269,12.312,12.352,12.392,12.428,12.482,12.51,12.547,12.58,12.607,12.643,12.671,12.709,12.739,12.771,12.813,12.847,12.878,12.92,12.952,12.99,13.019,13.051,13.089,13.122,13.154,13.187,13.23,13.266,13.287,13.322,13.352,13.383,13.415,13.451,13.481,13.519,13.549,13.585,13.615,13.648,13.692,13.721,13.763,13.797,13.827,13.865,13.904,13.94,13.984,14.028,14.067,14.1,14.151,14.198,14.253,14.305,14.374,14.439,14.5,14.564,14.619,14.689,14.769,14.865,14.974,15.093,15.183,15.347,15.557,15.832,16.877
221,GRN FP,9.249,9.997,10.333,10.607,10.75,10.91,11.019,11.108,11.184,11.284,11.366,11.447,11.526,11.59,11.646,11.709,11.741,11.795,11.847,11.895,11.938,11.976,12.026,12.06,12.096,12.138,12.176,12.21,12.243,12.269,12.312,12.352,12.392,12.428,12.482,12.51,12.547,12.58,12.607,12.643,12.671,12.709,12.739,12.771,12.813,12.847,12.878,12.92,12.952,12.99,13.019,13.051,13.089,13.122,13.154,13.187,13.23,13.266,13.287,13.322,13.352,13.383,13.415,13.451,13.481,13.519,13.549,13.585,13.615,13.648,13.692,13.721,13.763,13.797,13.827,13.865,13.904,13.94,13.984,14.028,14.067,14.1,14.151,14.198,14.253,14.305,14.374,14.439,14.5,14.564,14.619,14.689,14.769,14.865,14.974,15.093,15.183,15.347,15.557,15.832,16.877
222,GRN FP,9.092,9.993,10.299,10.565,10.742,10.928,11.011,11.122,11.199,11.279,11.356,11.44,11.499,11.568,11.626,11.69,11.731,11.794,11.847,11.903,11.951,11.987,12.026,12.063,12.098,12.134,12.171,12.211,12.246,12.287,12.323,12.354,12.393,12.425,12.455,12.482,12.51,12.556,12.586,12.627,12.668,12.7,12.735,12.773,12.809,12.831,12.864,12.908,12.939,12.971,12.999,13.044,13.078,13.108,13.146,13.175,13.208,13.239,13.274,13.308,13.34,13.375,13.412,13.452,13.48,13.521,13.56,13.597,13.633,13.673,13.696,13.731,13.77,13.808,13.852,13.897,13.941,13.968,14.006,14.043,14.083,14.118,14.159,14.212,14.266,14.315,14.366,14.429,14.484,14.537,14.608,14.679,14.749,14.834,14.95,15.048,15.186,15.341,15.507,15.915,16.864
223,GRN FP,9.092,9.993,10.299,10.565,10.742,10.928,11.011,11.122,11.199,11.279,11.356,11.44,11.499,11.568,11.626,11.69,11.731,11.794,11.847,11.903,11.951,11.987,12.026,12.063,12.098,12.134,12.171,12.211,12.246,12.287,12.323,12.354,12.393,12.425,12.455,12.482,12.51,12.556,12.586,12.627,12.668,12.7,12.735,12.773,12.809,12.831,12.864,12.908,12.939,12.971,12.999,13.044,13.078,13.108,13.146,13.175,13.208,13.239,13.274,13.308,13.34,13.375,13.412,13.452,13.48,13.521,13.56,13.597,13.633,13.673,13.696,13.731,13.77,13.808,13.852,13.897,13.941,13.968,14.006,14.043,14.083,14.118,14.159,14.212,14.266,14.315,14.366,14.429,14.484,14.537,14.608,14.679,14.749,14.834,14.95,15.048,15.186,15.341,15.507,15.915,16.864
224,GRN FP,9.163,9.983,10.332,10.6,10.782,10.896,11.002,11.094,11.196,11.293,11.373,11.434,11.514,11.577,11.637,11.677,11.725,11.776,11.815,11.865,11.909,11.958,11.999,12.048,12.089,12.126,12.153,12.188,12.233,12.268,12.304,12.342,12.378,12.418,12.455,12.493,12.544,12.582,12.625,12.662,12.688,12.72,12.754,12.79,12.817,12.849,12.879,12.914,12.946,12.97,13.006,13.036,13.064,13.095,13.136,13.165,13.193,13.226,13.266,13.305,13.341,13.371,13.404,13.439,13.483,13.516,13.546,13.571,13.605,13.637,13.672,13.702,13.733,13.772,13.809,13.855,13.9,13.944,13.992,14.043,14.087,14.132,14.164,14.202,14.253,14.313,14.364,14.421,14.479,14.531,14.605,14.663,14.758,14.857,14.939,15.036,15.145,15.292,15.511,15.777,16.886
225,GRN FP,9.163,9.983,10.332,10.6,10.782,10.896,11.002,11.094,11.196,11.293,11.373,11.434,11.514,11.577,11.637,11.677,11.725,11.776,11.815,11.865,11.909,11.958,11.999,12.048,12.089,12.126,12.153,12.188,12.233,12.268,12.304,12.342,12.378,12.418,12.455,12.493,12.544,12.582,12.625,12.662,12.688,12.72,12.754,12.79,12.817,12.849,12.879,12.914,12.946,12.97,13.006,13.036,13.064,13.095,13.136,13.165,13.193,13.226,13.266,13.305,13.341,13.371,13.404,13.439,13.483,13.516,13.546,13.571,13.605,13.637,13.672,13.702,13.733,13.772,13.809,13.855,13.9,13.944,13.992,14.043,14.087,14.132,14.164,14.202,14.253,14.313,14.364,14.421,14.479,14.531,14.605,14.663,14.758,14.857,14.939,15.036,15.145,15.292,15.511,15.777,16.886
226,GRN FP,9.182,9.949,10.333,10.588,10.757,10.909,11.012,11.14,11.214,11.275,11.348,11.416,11.486,11.539,11.604,11.668,11.722,11.778,11.827,11.88,11.925,11.97,12.021,12.072,12.113,12.147,12.175,12.224,12.268,12.301,12.331,12.37,12.404,12.442,12.48,12.514,12.55,12.58,12.609,12.649,12.687,12.718,12.75,12.79,12.823,12.862,12.89,12.924,12.955,12.986,13.02,13.045,13.083,13.12,13.155,13.182,13.219,13.246,13.279,13.314,13.341,13.368,13.407,13.446,13.474,13.519,13.556,13.592,13.632,13.671,13.704,13.738,13.765,13.802,13.844,13.894,13.932,13.962,14.005,14.038,14.087,14.128,14.175,14.209,14.261,14.297,14.349,14.406,14.458,14.529,14.596,14.648,14.726,14.806,14.904,15.019,15.152,15.308,15.502,15.854,17.0
227,GRN FP,9.182,9.949,10.333,10.588,10.757,10.909,11.012,11.14,11.214,11.275,11.348,11.416,11.486,11.539,11.604,11.668,11.722,11.778,11.827,11.88,11.925,11.97,12.021,12.072,12.113,12.147,12.175,12.224,12.268,12.301,12.331,12.37,12.404,12.442,12.48,12.514,12.55,12.58,12.609,12.649,12.687,12.718,12.75,12.79,12.823,12.862,12.89,12.924,12.955,12.986,13.02,13.045,13.083,13.12,13.155,13.182,13.219,13.246,13.279,13.314,13.341,13.368,13.407,13.446,13.474,13.519,13.556,13.592,13.632,13.671,13.704,13.738,13.765,13.802,13.844,13.894,13.932,13.962,14.005,14.038,14.087,14.128,14.175,14.209,14.261,14.297,14.349,14.406,14.458,14.529,14.596,14.648,14.726,14.806,14.904,15.019,15.152,15.308,15.502,15.854,17.0
228,GRN FP,8.987,9.905,10.278,10.56,10.723,10.883,10.96,11.029,11.121,11.209,11.276,11.321,11.418,11.48,11.562,11.627,11.685,11.743,11.792,11.858,11.893,11.922,11.974,12.016,12.055,12.097,12.147,12.195,12.237,12.28,12.314,12.356,12.395,12.441,12.487,12.516,12.55,12.582,12.605,12.638,12.672,12.701,12.74,12.776,12.813,12.843,12.878,12.913,12.951,12.984,13.013,13.044,13.082,13.127,13.158,13.196,13.231,13.265,13.295,13.336,13.375,13.404,13.442,13.472,13.507,13.537,13.571,13.614,13.659,13.7,13.731,13.769,13.812,13.853,13.894,13.939,13.975,14.014,14.052,14.087,14.127,14.183,14.217,14.256,14.292,14.338,14.386,14.448,14.519,14.576,14.654,14.728,14.791,14.87,14.958,15.076,15.196,15.39,15.619,15.967,16.947
229,GRN FP,8.987,9.905,10.278,10.56,10.723,10.883,10.96,11.029,11.121,11.209,11.276,11.321,11.418,11.48,11.562,11.627,11.685,11.743,11.792,11.858,11.893,11.922,11.974,12.016,12.055,12.097,12.147,12.195,12.237,12.28,12.314,12.356,12.395,12.441,12.487,12.516,12.55,12.582,12.605,12.638,12.672,12.701,12.74,12.776,12.813,12.843,12.878,12.913,12.951,12.984,13.013,13.044,13.082,13.127,13.158,13.196,13.231,13.265,13.295,13.336,13.375,13.404,13.442,13.472,13.507,13.537,13.571,13.614,13.659,13.7,13.731,13.769,13.812,13.853,13.894,13.939,13.975,14.014,14.052,14.087,14.127,14.183,14.217,14.256,14.292,14.338,14.386,14.448,14.519,14.576,14.654,14.728,14.791,14.87,14.958,15.076,15.196,15.39,15.619,15.967,16.947
230,GRN FP,8.845,9.787,10.243,10.446,10.606,10.732,10.821,10.945,11.052,11.157,11.253,11.321,11.386,11.462,11.508,11.566,11.629,11.7,11.74,11.813,11.866,11.912,11.956,11.997,12.033,12.073,12.113,12.158,12.2,12.239,12.276,12.311,12.348,12.385,12.429,12.47,12.501,12.547,12.585,12.621,12.664,12.715,12.764,12.794,12.824,12.857,12.899,12.932,12.974,12.998,13.024,13.065,13.095,13.135,13.17,13.207,13.245,13.279,13.319,13.347,13.397,13.425,13.461,13.491,13.525,13.567,13.595,13.634,13.671,13.723,13.764,13.8,13.83,13.875,13.922,13.956,13.993,14.029,14.073,14.11,14.143,14.191,14.234,14.293,14.328,14.374,14.419,14.487,14.539,14.627,14.691,14.781,14.846,14.926,15.039,15.147,15.271,15.443,15.706,16.099,17.067
231,GRN FP,8.845,9.787,10.243,10.446,10.606,10.732,10.821,10.945,11.052,11.157,11.253,11.321,11.386,11.462,11.508,11.566,11.629,11.7,11.74,11.813,11.866,11.912,11.956,11.997,12.033,12.073,12.113,12.158,12.2,12.239,12.276,12.311,12.348,12.385,12.429,12.47,12.501,12.547,12.585,12.621,12.664,12.715,12.764,12.794,12.824,12.857,12.899,12.932,12.974,12.998,13.024,13.065,13.095,13.135,13.17,13.207,13.245,13.279,13.319,13.347,13.397,13.425,13.461,13.491,13.525,13.567,13.595,13.634,13.671,13.723,13.764,13.8,13.83,13.875,13.922,13.956,13.993,14.029,14.073,14.11,14.143,14.191,14.234,14.293,14.328,14.374,14.419,14.487,14.539,14.627,14.691,14.781,14.846,14.926,15.039,15.147,15.271,15.443,15.706,16.099,17.067
232,GRN FP,8.718,9.793,10.073,10.295,10.484,10.682,10.793,10.886,10.997,11.11,11.227,11.317,11.381,11.43,11.483,11.537,11.584,11.627,11.684,11.743,11.795,11.845,11.898,11.95,11.998,12.034,12.078,12.122,12.168,12.213,12.258,12.293,12.342,12.384,12.423,12.468,12.502,12.552,12.594,12.627,12.667,12.712,12.753,12.792,12.828,12.868,12.912,12.944,12.979,13.012,13.043,13.076,13.116,13.152,13.188,13.222,13.258,13.292,13.32,13.356,13.391,13.418,13.455,13.494,13.53,13.574,13.614,13.656,13.684,13.716,13.752,13.792,13.832,13.864,13.909,13.944,13.991,14.039,14.078,14.124,14.179,14.224,14.267,14.334,14.402,14.468,14.527,14.586,14.633,14.692,14.766,14.835,14.949,15.061,15.116,15.221,15.366,15.524,15.701,16.146,17.426
233,GRN FP,8.718,9.793,10.073,10.295,10.484,10.682,10.793,10.886,10.997,11.11,11.227,11.317,11.381,11.43,11.483,11.537,11.584,11.627,11.684,11.743,11.795,11.845,11.898,11.95,11.998,12.034,12.078,12.122,12.168,12.213,12.258,12.293,12.342,12.384,12.423,12.468,12.502,12.552,12.594,12.627,12.667,12.712,12.753,12.792,12.828,12.868,12.912,12.944,12.979,13.012,13.043,13.076,13.116,13.152,13.188,13.222,13.258,13.292,13.32,13.356,13.391,13.418,13.455,13.494,13.53,13.574,13.614,13.656,13.684,13.716,13.752,13.792,13.832,13.864,13.909,13.944,13.991,14.039,14.078,14.124,14.179,14.224,14.267,14.334,14.402,14.468,14.527,14.586,14.633,14.692,14.766,14.835,14.949,15.061,15.116,15.221,15.366,15.524,15.701,16.146,17.426
234,GRN FP,8.726,9.726,10.036,10.267,10.447,10.614,10.763,10.865,10.97,11.059,11.126,11.184,11.252,11.336,11.398,11.472,11.522,11.59,11.647,11.725,11.77,11.828,11.87,11.923,11.975,12.017,12.069,12.126,12.17,12.215,12.25,12.297,12.343,12.383,12.424,12.461,12.497,12.537,12.578,12.611,12.655,12.689,12.731,12.767,12.812,12.848,12.895,12.939,12.974,13.005,13.047,13.082,13.115,13.144,13.174,13.21,13.249,13.288,13.324,13.365,13.4,13.426,13.459,13.496,13.535,13.561,13.594,13.641,13.686,13.732,13.764,13.81,13.844,13.881,13.909,13.958,14.006,14.049,14.091,14.151,14.208,14.286,14.34,14.409,14.477,14.523,14.581,14.647,14.705,14.773,14.834,14.893,15.003,15.102,15.207,15.3,15.414,15.606,15.805,16.382,17.217
235,GRN FP,8.726,9.726,10.036,10.267,10.447,10.614,10.763,10.865,10.97,11.059,11.126,11.184,11.252,11.336,11.398,11.472,11.522,11.59,11.647,11.725,11.77,11.828,11.87,11.923,11.975,12.017,12.069,12.126,12.17,12.215,12.25,12.297,12.343,12.383,12.424,12.461,12.497,12.537,12.578,12.611,12.655,12.689,12.731,12.767,12.812,12.848,12.895,12.939,12.974,13.005,13.047,13.082,13.115,13.144,13.174,13.21,13.249,13.288,13.324,13.365,13.4,13.426,13.459,13.496,13.535,13.561,13.594,13.641,13.686,13.732,13.764,13.81,13.844,13.881,13.909,13.958,14.006,14.049,14.091,14.151,14.208,14.286,14.34,14.409,14.477,14.523,14.581,14.647,14.705,14.773,14.834,14.893,15.003,15.102,15.207,15.3,15.414,15.606,15.805,16.382,17.217
236,GRN FP,8.35,9.489,9.934,10.265,10.445,10.58,10.702,10.817,10.898,10.975,11.048,11.119,11.201,11.277,11.345,11.414,11.503,11.585,11.639,11.696,11.751,11.802,11.868,11.917,11.967,12.015,12.061,12.108,12.142,12.182,12.227,12.271,12.309,12.352,12.407,12.451,12.49,12.528,12.562,12.604,12.635,12.673,12.71,12.752,12.792,12.821,12.873,12.914,12.944,12.984,13.024,13.064,13.092,13.123,13.173,13.22,13.256,13.293,13.323,13.361,13.396,13.435,13.473,13.513,13.56,13.6,13.633,13.668,13.71,13.753,13.789,13.824,13.877,13.909,13.946,13.984,14.037,14.088,14.137,14.196,14.243,14.287,14.345,14.396,14.46,14.534,14.595,14.654,14.733,14.789,14.862,14.937,15.032,15.13,15.252,15.36,15.489,15.68,15.965,16.385,17.407
237,GRN FP,8.35,9.489,9.934,10.265,10.445,10.58,10.702,10.817,10.898,10.975,11.048,11.119,11.201,11.277,11.345,11.414,11.503,11.585,11.639,11.696,11.751,11.802,11.868,11.917,11.967,12.015,12.061,12.108,12.142,12.182,12.227,12.271,12.309,12.352,12.407,12.451,12.49,12.528,12.562,12.604,12.635,12.673,12.71,12.752,12.792,12.821,12.873,12.914,12.944,12.984,13.024,13.064,13.092,13.123,13.173,13.22,13.256,13.293,13.323,13.361,13.396,13.435,13.473,13.513,13.56,13.6,13.633,13.668,13.71,13.753,13.789,13.824,13.877,13.909,13.946,13.984,14.037,14.088,14.137,14.196,14.243,14.287,14.345,14.396,14.46,14.534,14.595,14.654,14.733,14.789,14.862,14.937,15.032,15.13,15.252,15.36,15.489,15.68,15.965,16.385,17.407
238,GRN FP,7.903,9.096,9.405,9.686,9.818,9.948,10.079,10.189,10.281,10.349,10.412,10.47,10.517,10.583,10.655,10.721,10.781,10.824,10.88,10.911,10.96,11.002,11.055,11.097,11.136,11.171,11.211,11.24,11.279,11.332,11.359,11.394,11.427,11.464,11.497,11.527,11.556,11.595,11.639,11.666,11.705,11.731,11.752,11.779,11.81,11.837,11.871,11.898,11.934,11.964,12.005,12.035,12.058,12.088,12.118,12.155,12.178,12.215,12.251,12.28,12.312,12.354,12.394,12.428,12.466,12.506,12.54,12.58,12.617,12.665,12.698,12.74,12.784,12.817,12.853,12.902,12.943,12.981,13.013,13.068,13.107,13.158,13.202,13.249,13.305,13.366,13.42,13.467,13.522,13.582,13.654,13.737,13.795,13.887,13.974,14.079,14.2,14.391,14.551,14.88,15.896
239,GRN FP,7.903,9.096,9.405,9.686,9.818,9.948,10.079,10.189,10.281,10.349,10.412,10.47,10.517,10.583,10.655,10.721,10.781,10.824,10.88,10.911,10.96,11.002,11.055,11.097,11.136,11.171,11.211,11.24,11.279,11.332,11.359,11.394,11.427,11.464,11.497,11.527,11.556,11.595,11.639,11.666,11.705,11.731,11.752,11.779,11.81,11.837,11.871,11.898,11.934,11.964,12.005,12.035,12.058,12.088,12.118,12.155,12.178,12.215,12.251,12.28,12.312,12.354,12.394,12.428,12.466,12.506,12.54,12.58,12.617,12.665,12.698,12.74,12.784,12.817,12.853,12.902,12.943,12.981,13.013,13.068,13.107,13.158,13.202,13.249,13.305,13.366,13.42,13.467,13.522,13.582,13.654,13.737,13.795,13.887,13.974,14.079,14.2,14.391,14.551,14.88,15.896
240,GRN FP,8.075,9.159,9.54,9.779,9.929,10.039,10.178,10.263,10.345,10.444,10.521,10.564,10.631,10.682,10.732,10.791,10.847,10.891,10.934,10.982,11.023,11.072,11.11,11.152,11.179,11.219,11.248,11.289,11.319,11.355,11.387,11.42,11.457,11.48,11.513,11.546,11.579,11.607,11.643,11.679,11.701,11.727,11.749,11.781,11.817,11.855,11.88,11.912,11.938,11.974,12.007,12.036,12.061,12.09,12.13,12.178,12.209,12.242,12.276,12.302,12.332,12.359,12.395,12.425,12.457,12.503,12.531,12.566,12.612,12.649,12.682,12.725,12.761,12.795,12.832,12.872,12.908,12.946,12.999,13.029,13.06,13.119,13.159,13.204,13.245,13.292,13.346,13.407,13.462,13.517,13.596,13.679,13.757,13.847,13.925,14.028,14.136,14.301,14.5,14.875,15.957
241,GRN FP,8.075,9.159,9.54,9.779,9.929,10.039,10.178,10.263,10.345,10.444,10.521,10.564,10.631,10.682,10.732,10.791,10.847,10.891,10.934,10.982,11.023,11.072,11.11,11.152,11.179,11.219,11.248,11.289,11.319,11.355,11.387,11.42,11.457,11.48,11.513,11.546,11.579,11.607,11.643,11.679,11.701,11.727,11.749,11.781,11.817,11.855,11.88,11.912,11.938,11.974,12.007,12.036,12.061,12.09,12.13,12.178,12.209,12.242,12.276,12.302,12.332,12.359,12.395,12.425,12.457,12.503,12.531,12.566,12.612,12.649,12.682,12.725,12.761,12.795,12.832,12.872,12.908,12.946,12.999,13.029,13.06,13.119,13.159,13.204,13.245,13.292,13.346,13.407,13.462,13.517,13.596,13.679,13.757,13.847,13.925,14.028,14.136,14.301,14.5,14.875,15.957
242,GRN FP,8.134,9.283,9.657,9.842,10.009,10.117,10.22,10.334,10.42,10.492,10.561,10.614,10.684,10.723,10.771,10.826,10.868,10.913,10.95,10.999,11.047,11.094,11.131,11.175,11.214,11.255,11.296,11.321,11.343,11.37,11.414,11.442,11.472,11.505,11.528,11.555,11.593,11.619,11.647,11.686,11.717,11.744,11.77,11.801,11.835,11.861,11.897,11.93,11.951,11.987,12.022,12.049,12.086,12.116,12.148,12.187,12.211,12.244,12.268,12.299,12.332,12.379,12.413,12.441,12.47,12.494,12.531,12.564,12.59,12.632,12.666,12.702,12.727,12.754,12.793,12.826,12.864,12.908,12.943,12.988,13.021,13.057,13.1,13.15,13.19,13.236,13.279,13.353,13.405,13.467,13.538,13.591,13.666,13.738,13.834,13.943,14.052,14.195,14.401,14.802,15.57
243,GRN FP,8.134,9.283,9.657,9.842,10.009,10.117,10.22,10.334,10.42,10.492,10.561,10.614,10.684,10.723,10.771,10.826,10.868,10.913,10.95,10.999,11.047,11.094,11.131,11.175,11.214,11.255,11.296,11.321,11.343,11.37,11.414,11.442,11.472,11.505,11.528,11.555,11.593,11.619,11.647,11.686,11.717,11.744,11.77,11.801,11.835,11.861,11.897,11.93,11.951,11.987,12.022,12.049,12.086,12.116,12.148,12.187,12.211,12.244,12.268,12.299,12.332,12.379,12.413,12.441,12.47,12.494,12.531,12.564,12.59,12.632,12.666,12.702,12.727,12.754,12.793,12.826,12.864,12.908,12.943,12.988,13.021,13.057,13.1,13.15,13.19,13.236,13.279,13.353,13.405,13.467,13.538,13.591,13.666,13.738,13.834,13.943,14.052,14.195,14.401,14.802,15.57
244,GRN FP,8.11,9.282,9.563,9.783,9.927,10.036,10.181,10.295,10.375,10.458,10.537,10.599,10.657,10.707,10.755,10.817,10.861,10.901,10.953,11.014,11.055,11.096,11.132,11.164,11.2,11.23,11.26,11.293,11.329,11.37,11.405,11.435,11.464,11.495,11.524,11.557,11.586,11.616,11.651,11.68,11.716,11.751,11.779,11.807,11.836,11.86,11.89,11.923,11.959,11.988,12.015,12.045,12.072,12.101,12.13,12.16,12.197,12.237,12.272,12.311,12.346,12.371,12.399,12.428,12.456,12.49,12.521,12.553,12.582,12.625,12.668,12.698,12.732,12.778,12.809,12.836,12.866,12.914,12.953,12.991,13.03,13.078,13.113,13.158,13.203,13.254,13.312,13.372,13.433,13.466,13.54,13.6,13.656,13.738,13.845,13.97,14.097,14.245,14.5,14.819,15.641
245,GRN FP,8.11,9.282,9.563,9.783,9.927,10.036,10.181,10.295,10.375,10.458,10.537,10.599,10.657,10.707,10.755,10.817,10.861,10.901,10.953,11.014,11.055,11.096,11.132,11.164,11.2,11.23,11.26,11.293,11.329,11.37,11.405,11.435,11.464,11.495,11.524,11.557,11.586,11.616,11.651,11.68,11.716,11.751,11.779,11.807,11.836,11.86,11.89,11.923,11.959,11.988,12.015,12.045,12.072,12.101,12.13,12.16,12.197,12.237,12.272,12.311,12.346,12.371,12.399,12.428,12.456,12.49,12.521,12.553,12.582,12.625,12.668,12.698,12.732,12.778,12.809,12.836,12.866,12.914,12.953,12.991,13.03,13.078,13.113,13.158,13.203,13.254,13.312,13.372,13.433,13.466,13.54,13.6,13.656,13.738,13.845,13.97,14.097,14.245,14.5,14.819,15.641
246,GRN FP,8.183,9.187,9.534,9.749,9.883,10.042,10.173,10.258,10.337,10.43,10.524,10.583,10.636,10.699,10.752,10.802,10.843,10.879,10.936,10.981,11.028,11.074,11.112,11.15,11.196,11.236,11.264,11.302,11.335,11.371,11.398,11.43,11.457,11.481,11.518,11.549,11.587,11.619,11.648,11.683,11.717,11.746,11.778,11.811,11.841,11.865,11.894,11.924,11.951,11.984,12.022,12.055,12.079,12.106,12.143,12.167,12.202,12.232,12.265,12.292,12.332,12.367,12.396,12.429,12.457,12.486,12.526,12.563,12.597,12.637,12.682,12.728,12.769,12.806,12.841,12.865,12.895,12.927,12.966,13.014,13.062,13.106,13.157,13.192,13.234,13.278,13.335,13.399,13.468,13.527,13.574,13.639,13.704,13.778,13.855,13.962,14.112,14.294,14.515,14.788,15.715
247,GRN FP,8.183,9.187,9.534,9.749,9.883,10.042,10.173,10.258,10.337,10.43,10.524,10.583,10.636,10.699,10.752,10.802,10.843,10.879,10.936,10.981,11.028,11.074,11.112,11.15,11.196,11.236,11.264,11.302,11.335,11.371,11.398,11.43,11.457,11.481,11.518,11.549,11.587,11.619,11.648,11.683,11.717,11.746,11.778,11.811,11.841,11.865,11.894,11.924,11.951,11.984,12.022,12.055,12.079,12.106,12.143,12.167,12.202,12.232,12.265,12.292,12.332,12.367,12.396,12.429,12.457,12.486,12.526,12.563,12.597,12.637,12.682,12.728,12.769,12.806,12.841,12.865,12.895,12.927,12.966,13.014,13.062,13.106,13.157,13.192,13.234,13.278,13.335,13.399,13.468,13.527,13.574,13.639,13.704,13.778,13.855,13.962,14.112,14.294,14.515,14.788,15.715
248,GRN FP,8.282,9.193,9.549,9.747,9.867,10.003,10.089,10.19,10.267,10.351,10.418,10.508,10.563,10.622,10.674,10.75,10.803,10.858,10.913,10.957,11.004,11.039,11.082,11.12,11.154,11.19,11.235,11.27,11.312,11.347,11.385,11.413,11.446,11.48,11.512,11.539,11.569,11.603,11.632,11.66,11.689,11.718,11.754,11.785,11.813,11.841,11.878,11.905,11.937,11.971,12.004,12.034,12.06,12.099,12.129,12.153,12.183,12.209,12.248,12.285,12.319,12.354,12.386,12.422,12.45,12.491,12.527,12.568,12.607,12.644,12.673,12.715,12.748,12.78,12.822,12.856,12.888,12.929,12.976,13.016,13.062,13.104,13.159,13.21,13.266,13.311,13.373,13.44,13.494,13.548,13.619,13.682,13.769,13.856,13.933,14.054,14.156,14.321,14.569,14.907,15.585
249,GRN FP,8.282,9.193,9.549,9.747,9.867,10.003,10.089,10.19,10.267,10.351,10.418,10.508,10.563,10.622,10.674,10.75,10.803,10.858,10.913,10.957,11.004,11.039,11.082,11.12,11.154,11.19,11.235,11.27,11.312,11.347,11.385,11.413,11.446,11.48,11.512,11.539,11.569,11.603,11.632,11.66,11.689,11.718,11.754,11.785,11.813,11.841,11.878,11.905,11.937,11.971,12.004,12.034,12.06,12.099,12.129,12.153,12.183,12.209,12.248,12.285,12.319,12.354,12.386,12.422,12.45,12.491,12.527,12.568,12.607,12.644,12.673,12.715,12.748,12.78,12.822,12.856,12.888,12.929,12.976,13.016,13.062,13.104,13.159,13.21,13.266,13.311,13.373,13.44,13.494,13.548,13.619,13.682,13.769,13.856,13.933,14.054,14.156,14.321,14.569,14.907,15.585
250,GRN FP,8.533,9.28,9.531,9.749,9.913,10.029,10.119,10.179,10.254,10.344,10.42,10.49,10.575,10.634,10.685,10.73,10.779,10.833,10.878,10.934,10.971,11.036,11.074,11.114,11.157,11.199,11.233,11.269,11.295,11.34,11.38,11.414,11.449,11.486,11.521,11.552,11.58,11.615,11.646,11.677,11.706,11.738,11.765,11.794,11.821,11.848,11.879,11.897,11.921,11.948,11.982,12.018,12.048,12.072,12.103,12.135,12.176,12.202,12.239,12.265,12.301,12.345,12.375,12.408,12.451,12.497,12.535,12.582,12.624,12.667,12.7,12.744,12.773,12.803,12.836,12.878,12.915,12.953,12.992,13.038,13.095,13.144,13.184,13.227,13.286,13.347,13.4,13.461,13.531,13.58,13.639,13.71,13.775,13.855,13.935,14.078,14.181,14.357,14.543,14.9,15.626
251,GRN FP,8.533,9.28,9.531,9.749,9.913,10.029,10.119,10.179,10.254,10.344,10.42,10.49,10.575,10.634,10.685,10.73,10.779,10.833,10.878,10.934,10.971,11.036,11.074,11.114,11.157,11.199,11.233,11.269,11.295,11.34,11.38,11.414,11.449,11.486,11.521,11.552,11.58,11.615,11.646,11.677,11.706,11.738,11.765,11.794,11.821,11.848,11.879,11.897,11.921,11.948,11.982,12.018,12.048,12.072,12.103,12.135,12.176,12.202,12.239,12.265,12.301,12.345,12.375,12.408,12.451,12.497,12.535,12.582,12.624,12.667,12.7,12.744,12.773,12.803,12.836,12.878,12.915,12.953,12.992,13.038,13.095,13.144,13.184,13.227,13.286,13.347,13.4,13.461,13.531,13.58,13.639,13.71,13.775,13.855,13.935,14.078,14.181,14.357,14.543,14.9,15.626
252,GRN FP,8.339,9.187,9.511,9.708,9.829,9.915,9.995,10.091,10.21,10.308,10.419,10.487,10.558,10.617,10.671,10.744,10.794,10.849,10.892,10.946,10.975,11.012,11.056,11.088,11.129,11.176,11.208,11.248,11.288,11.328,11.373,11.405,11.432,11.476,11.502,11.535,11.564,11.593,11.628,11.661,11.701,11.735,11.755,11.784,11.82,11.847,11.88,11.917,11.946,11.986,12.014,12.043,12.07,12.105,12.135,12.161,12.199,12.225,12.263,12.291,12.328,12.355,12.385,12.427,12.469,12.503,12.548,12.58,12.61,12.651,12.688,12.72,12.766,12.808,12.844,12.886,12.926,12.971,13.009,13.054,13.104,13.152,13.199,13.249,13.301,13.351,13.404,13.474,13.534,13.596,13.675,13.735,13.807,13.914,14.016,14.098,14.232,14.407,14.565,14.984,15.64
253,GRN FP,8.339,9.187,9.511,9.708,9.829,9.915,9.995,10.091,10.21,10.308,10.419,10.487,10.558,10.617,10.671,10.744,10.794,10.849,10.892,10.946,10.975,11.012,11.056,11.088,11.129,11.176,11.208,11.248,11.288,11.328,11.373,11.405,11.432,11.476,11.502,11.535,11.564,11.593,11.628,11.661,11.701,11.735,11.755,11.784,11.82,11.847,11.88,11.917,11.946,11.986,12.014,12.043,12.07,12.105,12.135,12.161,12.199,12.225,12.263,12.291,12.328,12.355,12.385,12.427,12.469,12.503,12.548,12.58,12.61,12.651,12.688,12.72,12.766,12.808,12.844,12.886,12.926,12.971,13.009,13.054,13.104,13.152,13.199,13.249,13.301,13.351,13.404,13.474,13.534,13.596,13.675,13.735,13.807,13.914,14.016,14.098,14.232,14.407,14.565,14.984,15.64
254,GRN FP,8.184,9.123,9.464,9.654,9.803,9.938,10.046,10.149,10.234,10.321,10.409,10.475,10.526,10.597,10.668,10.723,10.779,10.83,10.867,10.909,10.96,11.008,11.047,11.094,11.142,11.177,11.216,11.251,11.294,11.331,11.365,11.39,11.423,11.453,11.488,11.527,11.556,11.585,11.619,11.653,11.677,11.708,11.739,11.776,11.807,11.831,11.87,11.903,11.941,11.977,12.012,12.041,12.069,12.103,12.14,12.171,12.205,12.234,12.273,12.308,12.334,12.375,12.409,12.441,12.467,12.512,12.558,12.587,12.614,12.641,12.696,12.724,12.765,12.81,12.842,12.891,12.934,12.966,13.008,13.049,13.094,13.149,13.196,13.229,13.298,13.359,13.429,13.488,13.568,13.637,13.711,13.76,13.843,13.937,14.044,14.132,14.236,14.362,14.625,14.979,15.719
255,GRN FP,8.184,9.123,9.464,9.654,9.803,9.938,10.046,10.149,10.234,10.321,10.409,10.475,10.526,10.597,10.668,10.723,10.779,10.83,10.867,10.909,10.96,11.008,11.047,11.094,11.142,11.177,11.216,11.251,11.294,11.331,11.365,11.39,11.423,11.453,11.488,11.527,11.556,11.585,11.619,11.653,11.677,11.708,11.739,11.776,11.807,11.831,11.87,11.903,11.941,11.977,12.012,12.041,12.069,12.103,12.14,12.171,12.205,12.234,12.273,12.308,12.334,12.375,12.409,12.441,12.467,12.512,12.558,12.587,12.614,12.641,12.696,12.724,12.765,12.81,12.842,12.891,12.934,12.966,13.008,13.049,13.094,13.149,13.196,13.229,13.298,13.359,13.429,13.488,13.568,13.637,13.711,13.76,13.843,13.937,14.044,14.132,14.236,14.362,14.625,14.979,15.719
256,GRN FP,8.137,9.083,9.455,9.624,9.812,9.927,10.071,10.145,10.238,10.303,10.37,10.457,10.538,10.584,10.643,10.717,10.762,10.82,10.85,10.896,10.944,10.985,11.041,11.074,11.12,11.162,11.195,11.226,11.263,11.291,11.327,11.354,11.389,11.428,11.461,11.492,11.531,11.552,11.591,11.623,11.658,11.691,11.725,11.766,11.798,11.822,11.859,11.89,11.923,11.952,11.981,12.016,12.042,12.093,12.124,12.155,12.193,12.226,12.273,12.297,12.342,12.363,12.404,12.435,12.479,12.518,12.555,12.587,12.612,12.649,12.696,12.731,12.763,12.795,12.826,12.883,12.929,12.975,13.035,13.088,13.131,13.183,13.216,13.263,13.31,13.367,13.418,13.469,13.541,13.616,13.699,13.779,13.857,13.927,14.04,14.161,14.294,14.451,14.611,14.977,15.824
257,GRN FP,8.137,9.083,9.455,9.624,9.812,9.927,10.071,10.145,10.238,10.303,10.37,10.457,10.538,10.584,10.643,10.717,10.762,10.82,10.85,10.896,10.944,10.985,11.041,11.074,11.12,11.162,11.195,11.226,11.263,11.291,11.327,11.354,11.389,11.428,11.461,11.492,11.531,11.552,11.591,11.623,11.658,11.691,11.725,11.766,11.798,11.822,11.859,11.89,11.923,11.952,11.981,12.016,12.042,12.093,12.124,12.155,12.193,12.226,12.273,12.297,12.342,12.363,12.404,12.435,12.479,12.518,12.555,12.587,12.612,12.649,12.696,12.731,12.763,12.795,12.826,12.883,12.929,12.975,13.035,13.088,13.131,13.183,13.216,13.263,13.31,13.367,13.418,13.469,13.541,13.616,13.699,13.779,13.857,13.927,14.04,14.161,14.294,14.451,14.611,14.977,15.824
258,GRN FP,8.111,9.027,9.355,9.643,9.808,9.941,10.035,10.145,10.22,10.31,10.404,10.471,10.544,10.594,10.652,10.72,10.774,10.806,10.857,10.894,10.938,10.991,11.041,11.087,11.131,11.165,11.203,11.245,11.283,11.311,11.334,11.369,11.407,11.443,11.473,11.498,11.537,11.57,11.612,11.643,11.671,11.7,11.735,11.767,11.791,11.827,11.858,11.888,11.925,11.96,11.995,12.023,12.049,12.086,12.117,12.145,12.18,12.209,12.251,12.279,12.312,12.341,12.369,12.408,12.438,12.476,12.518,12.565,12.599,12.634,12.678,12.708,12.744,12.785,12.832,12.872,12.92,12.974,13.018,13.06,13.093,13.143,13.189,13.24,13.299,13.357,13.415,13.477,13.553,13.627,13.693,13.763,13.861,13.966,14.061,14.152,14.269,14.429,14.654,14.99,15.834
259,GRN FP,8.111,9.027,9.355,9.643,9.808,9.941,10.035,10.145,10.22,10.31,10.404,10.471,10.544,10.594,10.652,10.72,10.774,10.806,10.857,10.894,10.938,10.991,11.041,11.087,11.131,11.165,11.203,11.245,11.283,11.311,11.334,11.369,11.407,11.443,11.473,11.498,11.537,11.57,11.612,11.643,11.671,11.7,11.735,11.767,11.791,11.827,11.858,11.888,11.925,11.96,11.995,12.023,12.049,12.086,12.117,12.145,12.18,12.209,12.251,12.279,12.312,12.341,12.369,12.408,12.438,12.476,12.518,12.565,12.599,12.634,12.678,12.708,12.744,12.785,12.832,12.872,12.92,12.974,13.018,13.06,13.093,13.143,13.189,13.24,13.299,13.357,13.415,13.477,13.553,13.627,13.693,13.763,13.861,13.966,14.061,14.152,14.269,14.429,14.654,14.99,15.834
260,GRN FP,7.956,8.966,9.318,9.59,9.782,9.952,10.046,10.155,10.253,10.32,10.393,10.452,10.528,10.593,10.651,10.703,10.761,10.809,10.843,10.886,10.931,10.974,11.013,11.057,11.095,11.141,11.181,11.224,11.265,11.31,11.342,11.372,11.418,11.447,11.48,11.513,11.539,11.564,11.604,11.633,11.666,11.701,11.739,11.766,11.8,11.826,11.854,11.885,11.909,11.945,11.974,12.01,12.037,12.075,12.12,12.149,12.183,12.219,12.248,12.29,12.32,12.351,12.38,12.408,12.45,12.491,12.522,12.56,12.592,12.629,12.66,12.703,12.75,12.786,12.824,12.869,12.903,12.972,13.022,13.065,13.115,13.17,13.222,13.272,13.323,13.383,13.44,13.501,13.565,13.62,13.713,13.764,13.837,13.931,14.012,14.109,14.274,14.455,14.651,15.088,16.013
261,GRN FP,7.956,8.966,9.318,9.59,9.782,9.952,10.046,10.155,10.253,10.32,10.393,10.452,10.528,10.593,10.651,10.703,10.761,10.809,10.843,10.886,10.931,10.974,11.013,11.057,11.095,11.141,11.181,11.224,11.265,11.31,11.342,11.372,11.418,11.447,11.48,11.513,11.539,11.564,11.604,11.633,11.666,11.701,11.739,11.766,11.8,11.826,11.854,11.885,11.909,11.945,11.974,12.01,12.037,12.075,12.12,12.149,12.183,12.219,12.248,12.29,12.32,12.351,12.38,12.408,12.45,12.491,12.522,12.56,12.592,12.629,12.66,12.703,12.75,12.786,12.824,12.869,12.903,12.972,13.022,13.065,13.115,13.17,13.222,13.272,13.323,13.383,13.44,13.501,13.565,13.62,13.713,13.764,13.837,13.931,14.012,14.109,14.274,14.455,14.651,15.088,16.013
262,GRN FP,8.109,9.022,9.373,9.608,9.794,9.924,10.033,10.113,10.223,10.327,10.417,10.485,10.546,10.61,10.669,10.703,10.765,10.806,10.863,10.907,10.953,10.989,11.028,11.066,11.098,11.128,11.162,11.2,11.228,11.264,11.299,11.347,11.39,11.433,11.468,11.5,11.538,11.571,11.609,11.641,11.675,11.706,11.741,11.772,11.801,11.84,11.869,11.907,11.94,11.972,11.997,12.029,12.054,12.09,12.124,12.155,12.184,12.218,12.244,12.275,12.312,12.351,12.392,12.423,12.45,12.481,12.518,12.552,12.595,12.634,12.678,12.716,12.757,12.801,12.856,12.899,12.931,12.97,13.022,13.063,13.104,13.151,13.199,13.237,13.302,13.353,13.412,13.459,13.519,13.585,13.678,13.736,13.809,13.921,14.02,14.134,14.243,14.424,14.63,14.95,16.071
263,GRN FP,8.109,9.022,9.373,9.608,9.794,9.924,10.033,10.113,10.223,10.327,10.417,10.485,10.546,10.61,10.669,10.703,10.765,10.806,10.863,10.907,10.953,10.989,11.028,11.066,11.098,11.128,11.162,11.2,11.228,11.264,11.299,11.347,11.39,11.433,11.468,11.5,11.538,11.571,11.609,11.641,11.675,11.706,11.741,11.772,11.801,11.84,11.869,11.907,11.94,11.972,11.997,12.029,12.054,12.09,12.124,12.155,12.184,12.218,12.244,12.275,12.312,12.351,12.392,12.423,12.45,12.481,12.518,12.552,12.595,12.634,12.678,12.716,12.757,12.801,12.856,12.899,12.931,12.97,13.022,13.063,13.104,13.151,13.199,13.237,13.302,13.353,13.412,13.459,13.519,13.585,13.678,13.736,13.809,13.921,14.02,14.134,14.243,14.424,14.63,14.95,16.071
264,GRN FP,8.101,9.049,9.363,9.587,9.771,9.871,9.98,10.097,10.176,10.262,10.346,10.428,10.489,10.542,10.608,10.664,10.72,10.783,10.83,10.878,10.923,10.968,11.01,11.046,11.091,11.129,11.167,11.209,11.25,11.281,11.315,11.354,11.389,11.417,11.459,11.496,11.525,11.552,11.595,11.632,11.659,11.693,11.734,11.765,11.798,11.828,11.858,11.882,11.928,11.965,11.995,12.017,12.047,12.09,12.113,12.15,12.178,12.211,12.239,12.264,12.299,12.334,12.37,12.409,12.452,12.491,12.52,12.559,12.596,12.629,12.665,12.703,12.739,12.783,12.821,12.857,12.909,12.94,12.992,13.046,13.084,13.139,13.18,13.218,13.278,13.334,13.386,13.437,13.498,13.548,13.636,13.71,13.79,13.894,14.003,14.132,14.303,14.464,14.68,15.04,15.953
265,GRN FP,8.101,9.049,9.363,9.587,9.771,9.871,9.98,10.097,10.176,10.262,10.346,10.428,10.489,10.542,10.608,10.664,10.72,10.783,10.83,10.878,10.923,10.968,11.01,11.046,11.091,11.129,11.167,11.209,11.25,11.281,11.315,11.354,11.389,11.417,11.459,11.496,11.525,11.552,11.595,11.632,11.659,11.693,11.734,11.765,11.798,11.828,11.858,11.882,11.928,11.965,11.995,12.017,12.047,12.09,12.113,12.15,12.178,12.211,12.239,12.264,12.299,12.334,12.37,12.409,12.452,12.491,12.52,12.559,12.596,12.629,12.665,12.703,12.739,12.783,12.821,12.857,12.909,12.94,12.992,13.046,13.084,13.139,13.18,13.218,13.278,13.334,13.386,13.437,13.498,13.548,13.636,13.71,13.79,13.894,14.003,14.132,14.303,14.464,14.68,15.04,15.953
266,GRN FP,8.3,9.075,9.407,9.587,9.749,9.879,9.985,10.095,10.185,10.262,10.349,10.421,10.473,10.532,10.601,10.662,10.713,10.768,10.81,10.861,10.913,10.959,11.009,11.058,11.097,11.127,11.176,11.217,11.253,11.288,11.321,11.358,11.386,11.426,11.464,11.5,11.53,11.563,11.589,11.619,11.657,11.692,11.721,11.741,11.776,11.806,11.833,11.865,11.905,11.94,11.974,12.005,12.032,12.064,12.096,12.123,12.148,12.184,12.228,12.257,12.294,12.325,12.365,12.391,12.428,12.47,12.509,12.543,12.584,12.609,12.647,12.686,12.725,12.769,12.805,12.863,12.9,12.94,12.986,13.016,13.059,13.105,13.153,13.206,13.247,13.297,13.354,13.442,13.501,13.559,13.636,13.697,13.792,13.901,14.024,14.145,14.286,14.412,14.638,15.007,16.126
267,GRN FP,8.3,9.075,9.407,9.587,9.749,9.879,9.985,10.095,10.185,10.262,10.349,10.421,10.473,10.532,10.601,10.662,10.713,10.768,10.81,10.861,10.913,10.959,11.009,11.058,11.097,11.127,11.176,11.217,11.253,11.288,11.321,11.358,11.386,11.426,11.464,11.5,11.53,11.563,11.589,11.619,11.657,11.692,11.721,11.741,11.776,11.806,11.833,11.865,11.905,11.94,11.974,12.005,12.032,12.064,12.096,12.123,12.148,12.184,12.228,12.257,12.294,12.325,12.365,12.391,12.428,12.47,12.509,12.543,12.584,12.609,12.647,12.686,12.725,12.769,12.805,12.863,12.9,12.94,12.986,13.016,13.059,13.105,13.153,13.206,13.247,13.297,13.354,13.442,13.501,13.559,13.636,13.697,13.792,13.901,14.024,14.145,14.286,14.412,14.638,15.007,16.126
268,GRN FP,8.138,9.15,9.435,9.61,9.764,9.913,10.008,10.114,10.191,10.273,10.344,10.412,10.471,10.547,10.616,10.659,10.712,10.759,10.816,10.863,10.904,10.945,10.993,11.037,11.089,11.129,11.166,11.209,11.243,11.271,11.303,11.343,11.375,11.415,11.452,11.486,11.514,11.546,11.572,11.603,11.64,11.673,11.704,11.732,11.769,11.799,11.827,11.857,11.889,11.922,11.954,11.991,12.015,12.05,12.085,12.109,12.138,12.173,12.202,12.234,12.275,12.313,12.357,12.395,12.435,12.472,12.505,12.538,12.573,12.61,12.641,12.681,12.704,12.751,12.791,12.828,12.868,12.896,12.946,12.998,13.044,13.096,13.136,13.195,13.253,13.3,13.366,13.421,13.487,13.54,13.617,13.705,13.784,13.874,14.007,14.126,14.247,14.417,14.623,15.007,16.062
269,GRN FP,8.138,9.15,9.435,9.61,9.764,9.913,10.008,10.114,10.191,10.273,10.344,10.412,10.471,10.547,10.616,10.659,10.712,10.759,10.816,10.863,10.904,10.945,10.993,11.037,11.089,11.129,11.166,11.209,11.243,11.271,11.303,11.343,11.375,11.415,11.452,11.486,11.514,11.546,11.572,11.603,11.64,11.673,11.704,11.732,11.769,11.799,11.827,11.857,11.889,11.922,11.954,11.991,12.015,12.05,12.085,12.109,12.138,12.173,12.202,12.234,12.275,12.313,12.357,12.395,12.435,12.472,12.505,12.538,12.573,12.61,12.641,12.681,12.704,12.751,12.791,12.828,12.868,12.896,12.946,12.998,13.044,13.096,13.136,13.195,13.253,13.3,13.366,13.421,13.487,13.54,13.617,13.705,13.784,13.874,14.007,14.126,14.247,14.417,14.623,15.007,16.062
270,GRN FP,8.09,9.158,9.418,9.609,9.78,9.875,10.019,10.139,10.21,10.297,10.371,10.432,10.496,10.557,10.605,10.655,10.723,10.766,10.815,10.859,10.896,10.935,10.983,11.018,11.06,11.101,11.144,11.182,11.228,11.262,11.308,11.344,11.375,11.412,11.444,11.476,11.5,11.533,11.566,11.606,11.631,11.674,11.692,11.725,11.75,11.788,11.834,11.859,11.893,11.933,11.97,11.995,12.029,12.066,12.098,12.127,12.161,12.191,12.221,12.257,12.293,12.321,12.356,12.393,12.42,12.465,12.498,12.531,12.564,12.612,12.646,12.689,12.722,12.761,12.792,12.818,12.86,12.899,12.94,12.996,13.036,13.076,13.123,13.179,13.219,13.289,13.352,13.406,13.461,13.53,13.633,13.72,13.794,13.886,13.988,14.087,14.21,14.369,14.648,14.97,15.915
271,GRN FP,8.09,9.158,9.418,9.609,9.78,9.875,10.019,10.139,10.21,10.297,10.371,10.432,10.496,10.557,10.605,10.655,10.723,10.766,10.815,10.859,10.896,10.935,10.983,11.018,11.06,11.101,11.144,11.182,11.228,11.262,11.308,11.344,11.375,11.412,11.444,11.476,11.5,11.533,11.566,11.606,11.631,11.674,11.692,11.725,11.75,11.788,11.834,11.859,11.893,11.933,11.97,11.995,12.029,12.066,12.098,12.127,12.161,12.191,12.221,12.257,12.293,12.321,12.356,12.393,12.42,12.465,12.498,12.531,12.564,12.612,12.646,12.689,12.722,12.761,12.792,12.818,12.86,12.899,12.94,12.996,13.036,13.076,13.123,13.179,13.219,13.289,13.352,13.406,13.461,13.53,13.633,13.72,13.794,13.886,13.988,14.087,14.21,14.369,14.648,14.97,15.915
272,GRN FP,7.999,9.183,9.456,9.628,9.768,9.887,10.004,10.111,10.21,10.271,10.341,10.409,10.473,10.523,10.572,10.626,10.683,10.733,10.794,10.846,10.893,10.935,10.972,11.01,11.07,11.106,11.145,11.186,11.225,11.26,11.297,11.333,11.365,11.404,11.445,11.481,11.517,11.548,11.579,11.617,11.645,11.669,11.708,11.743,11.773,11.802,11.832,11.864,11.893,11.935,11.971,12.004,12.031,12.07,12.101,12.131,12.163,12.194,12.223,12.253,12.286,12.326,12.363,12.397,12.436,12.469,12.503,12.535,12.561,12.597,12.638,12.674,12.714,12.757,12.798,12.84,12.873,12.908,12.958,13.009,13.064,13.095,13.151,13.206,13.259,13.317,13.371,13.417,13.473,13.542,13.607,13.686,13.78,13.853,13.955,14.071,14.221,14.366,14.624,14.922,15.697
273,GRN FP,7.999,9.183,9.456,9.628,9.768,9.887,10.004,10.111,10.21,10.271,10.341,10.409,10.473,10.523,10.572,10.626,10.683,10.733,10.794,10.846,10.893,10.935,10.972,11.01,11.07,11.106,11.145,11.186,11.225,11.26,11.297,11.333,11.365,11.404,11.445,11.481,11.517,11.548,11.579,11.617,11.645,11.669,11.708,11.743,11.773,11.802,11.832,11.864,11.893,11.935,11.971,12.004,12.031,12.07,12.101,12.131,12.163,12.194,12.223,12.253,12.286,12.326,12.363,12.397,12.436,12.469,12.503,12.535,12.561,12.597,12.638,12.674,12.714,12.757,12.798,12.84,12.873,12.908,12.958,13.009,13.064,13.095,13.151,13.206,13.259,13.317,13.371,13.417,13.473,13.542,13.607,13.686,13.78,13.853,13.955,14.071,14.221,14.366,14.624,14.922,15.697
274,GRN FP,8.187,9.161,9.472,9.706,9.854,9.98,10.064,10.142,10.205,10.288,10.345,10.418,10.478,10.545,10.591,10.652,10.705,10.745,10.794,10.834,10.886,10.925,10.972,11.013,11.056,11.104,11.146,11.187,11.22,11.262,11.3,11.337,11.362,11.389,11.417,11.443,11.471,11.496,11.528,11.559,11.595,11.631,11.665,11.706,11.74,11.783,11.816,11.847,11.883,11.907,11.936,11.969,12.002,12.046,12.083,12.116,12.149,12.19,12.223,12.26,12.298,12.338,12.366,12.405,12.446,12.481,12.507,12.543,12.573,12.6,12.627,12.662,12.699,12.729,12.757,12.798,12.836,12.9,12.946,12.98,13.028,13.072,13.12,13.185,13.239,13.289,13.336,13.406,13.461,13.514,13.576,13.647,13.735,13.812,13.916,14.025,14.209,14.381,14.608,14.945,15.505
275,GRN FP,8.187,9.161,9.472,9.706,9.854,9.98,10.064,10.142,10.205,10.288,10.345,10.418,10.478,10.545,10.591,10.652,10.705,10.745,10.794,10.834,10.886,10.925,10.972,11.013,11.056,11.104,11.146,11.187,11.22,11.262,11.3,11.337,11.362,11.389,11.417,11.443,11.471,11.496,11.528,11.559,11.595,11.631,11.665,11.706,11.74,11.783,11.816,11.847,11.883,11.907,11.936,11.969,12.002,12.046,12.083,12.116,12.149,12.19,12.223,12.26,12.298,12.338,12.366,12.405,12.446,12.481,12.507,12.543,12.573,12.6,12.627,12.662,12.699,12.729,12.757,12.798,12.836,12.9,12.946,12.98,13.028,13.072,13.12,13.185,13.239,13.289,13.336,13.406,13.461,13.514,13.576,13.647,13.735,13.812,13.916,14.025,14.209,14.381,14.608,14.945,15.505
276,GRN FP,8.254,9.12,9.484,9.678,9.816,9.943,10.054,10.139,10.212,10.279,10.363,10.428,10.492,10.55,10.605,10.679,10.73,10.777,10.833,10.867,10.912,10.958,11.003,11.036,11.07,11.105,11.137,11.176,11.207,11.242,11.288,11.32,11.346,11.383,11.416,11.442,11.48,11.507,11.552,11.589,11.616,11.638,11.679,11.714,11.739,11.768,11.813,11.84,11.877,11.908,11.938,11.966,11.995,12.023,12.056,12.096,12.132,12.163,12.212,12.243,12.282,12.32,12.355,12.393,12.433,12.452,12.483,12.516,12.55,12.583,12.616,12.655,12.689,12.728,12.762,12.809,12.851,12.895,12.94,12.973,13.02,13.052,13.108,13.156,13.207,13.26,13.319,13.378,13.443,13.495,13.563,13.618,13.687,13.777,13.861,14.01,14.152,14.291,14.541,14.837,15.586
277,GRN FP,8.254,9.12,9.484,9.678,9.816,9.943,10.054,10.139,10.212,10.279,10.363,10.428,10.492,10.55,10.605,10.679,10.73,10.777,10.833,10.867,10.912,10.958,11.003,11.036,11.07,11.105,11.137,11.176,11.207,11.242,11.288,11.32,11.346,11.383,11.416,11.442,11.48,11.507,11.552,11.589,11.616,11.638,11.679,11.714,11.739,11.768,11.813,11.84,11.877,11.908,11.938,11.966,11.995,12.023,12.056,12.096,12.132,12.163,12.212,12.243,12.282,12.32,12.355,12.393,12.433,12.452,12.483,12.516,12.55,12.583,12.616,12.655,12.689,12.728,12.762,12.809,12.851,12.895,12.94,12.973,13.02,13.052,13.108,13.156,13.207,13.26,13.319,13.378,13.443,13.495,13.563,13.618,13.687,13.777,13.861,14.01,14.152,14.291,14.541,14.837,15.586
278,GRN FP,8.348,9.124,9.496,9.685,9.858,10.006,10.078,10.148,10.245,10.321,10.406,10.472,10.536,10.594,10.641,10.679,10.735,10.784,10.823,10.874,10.909,10.952,10.985,11.02,11.055,11.093,11.137,11.173,11.21,11.24,11.283,11.312,11.347,11.381,11.411,11.441,11.475,11.505,11.54,11.565,11.602,11.641,11.679,11.71,11.743,11.775,11.805,11.836,11.873,11.901,11.931,11.965,12.011,12.039,12.071,12.095,12.13,12.162,12.192,12.232,12.262,12.292,12.327,12.361,12.386,12.422,12.452,12.477,12.512,12.55,12.594,12.634,12.668,12.698,12.733,12.766,12.818,12.846,12.899,12.944,12.984,13.025,13.06,13.094,13.15,13.21,13.265,13.329,13.386,13.446,13.514,13.593,13.671,13.776,13.87,13.971,14.114,14.297,14.575,14.802,15.57
279,GRN FP,8.348,9.124,9.496,9.685,9.858,10.006,10.078,10.148,10.245,10.321,10.406,10.472,10.536,10.594,10.641,10.679,10.735,10.784,10.823,10.874,10.909,10.952,10.985,11.02,11.055,11.093,11.137,11.173,11.21,11.24,11.283,11.312,11.347,11.381,11.411,11.441,11.475,11.505,11.54,11.565,11.602,11.641,11.679,11.71,11.743,11.775,11.805,11.836,11.873,11.901,11.931,11.965,12.011,12.039,12.071,12.095,12.13,12.162,12.192,12.232,12.262,12.292,12.327,12.361,12.386,12.422,12.452,12.477,12.512,12.55,12.594,12.634,12.668,12.698,12.733,12.766,12.818,12.846,12.899,12.944,12.984,13.025,13.06,13.094,13.15,13.21,13.265,13.329,13.386,13.446,13.514,13.593,13.671,13.776,13.87,13.971,14.114,14.297,14.575,14.802,15.57
280,GRN FP,8.334,9.197,9.492,9.729,9.888,10.013,10.104,10.171,10.235,10.309,10.378,10.443,10.504,10.558,10.619,10.682,10.726,10.771,10.813,10.851,10.895,10.933,10.982,11.01,11.051,11.092,11.133,11.18,11.209,11.245,11.272,11.306,11.345,11.378,11.411,11.44,11.48,11.509,11.541,11.573,11.609,11.635,11.667,11.697,11.728,11.769,11.814,11.848,11.888,11.92,11.939,11.971,12.0,12.031,12.055,12.083,12.114,12.152,12.189,12.218,12.249,12.274,12.299,12.326,12.351,12.379,12.409,12.442,12.479,12.521,12.557,12.597,12.639,12.678,12.717,12.75,12.781,12.809,12.861,12.902,12.95,12.993,13.049,13.097,13.144,13.184,13.234,13.288,13.344,13.407,13.494,13.555,13.639,13.721,13.826,13.937,14.081,14.241,14.455,14.892,15.487
281,GRN FP,8.334,9.197,9.492,9.729,9.888,10.013,10.104,10.171,10.235,10.309,10.378,10.443,10.504,10.558,10.619,10.682,10.726,10.771,10.813,10.851,10.895,10.933,10.982,11.01,11.051,11.092,11.133,11.18,11.209,11.245,11.272,11.306,11.345,11.378,11.411,11.44,11.48,11.509,11.541,11.573,11.609,11.635,11.667,11.697,11.728,11.769,11.814,11.848,11.888,11.92,11.939,11.971,12.0,12.031,12.055,12.083,12.114,12.152,12.189,12.218,12.249,12.274,12.299,12.326,12.351,12.379,12.409,12.442,12.479,12.521,12.557,12.597,12.639,12.678,12.717,12.75,12.781,12.809,12.861,12.902,12.95,12.993,13.049,13.097,13.144,13.184,13.234,13.288,13.344,13.407,13.494,13.555,13.639,13.721,13.826,13.937,14.081,14.241,14.455,14.892,15.487
282,GRN FP,8.158,9.19,9.478,9.713,9.861,9.967,10.086,10.164,10.263,10.333,10.402,10.466,10.528,10.571,10.633,10.67,10.721,10.765,10.805,10.846,10.897,10.926,10.968,11.0,11.048,11.091,11.121,11.163,11.202,11.233,11.271,11.308,11.338,11.378,11.413,11.438,11.469,11.504,11.532,11.567,11.608,11.643,11.676,11.703,11.73,11.761,11.788,11.822,11.857,11.882,11.916,11.955,11.99,12.018,12.038,12.069,12.105,12.134,12.164,12.194,12.228,12.263,12.299,12.339,12.369,12.389,12.423,12.459,12.484,12.519,12.546,12.579,12.606,12.65,12.685,12.716,12.749,12.789,12.834,12.876,12.919,12.962,13.015,13.064,13.111,13.161,13.219,13.283,13.339,13.394,13.471,13.535,13.615,13.707,13.807,13.938,14.07,14.243,14.464,14.743,15.488
283,GRN FP,8.158,9.19,9.478,9.713,9.861,9.967,10.086,10.164,10.263,10.333,10.402,10.466,10.528,10.571,10.633,10.67,10.721,10.765,10.805,10.846,10.897,10.926,10.968,11.0,11.048,11.091,11.121,11.163,11.202,11.233,11.271,11.308,11.338,11.378,11.413,11.438,11.469,11.504,11.532,11.567,11.608,11.643,11.676,11.703,11.73,11.761,11.788,11.822,11.857,11.882,11.916,11.955,11.99,12.018,12.038,12.069,12.105,12.134,12.164,12.194,12.228,12.263,12.299,12.339,12.369,12.389,12.423,12.459,12.484,12.519,12.546,12.579,12.606,12.65,12.685,12.716,12.749,12.789,12.834,12.876,12.919,12.962,13.015,13.064,13.111,13.161,13.219,13.283,13.339,13.394,13.471,13.535,13.615,13.707,13.807,13.938,14.07,14.243,14.464,14.743,15.488
284,GRN FP,8.024,9.236,9.483,9.683,9.81,9.953,10.05,10.171,10.245,10.33,10.403,10.478,10.524,10.577,10.651,10.704,10.752,10.79,10.832,10.863,10.893,10.933,10.976,11.011,11.054,11.087,11.13,11.165,11.199,11.225,11.259,11.284,11.315,11.348,11.389,11.429,11.467,11.497,11.527,11.559,11.586,11.628,11.664,11.698,11.724,11.753,11.783,11.81,11.837,11.863,11.883,11.913,11.94,11.972,11.999,12.026,12.063,12.1,12.131,12.166,12.202,12.235,12.264,12.296,12.331,12.356,12.391,12.422,12.459,12.494,12.532,12.566,12.613,12.641,12.677,12.704,12.749,12.793,12.84,12.893,12.934,12.968,13.014,13.055,13.103,13.161,13.217,13.276,13.335,13.402,13.472,13.564,13.62,13.713,13.799,13.924,14.007,14.219,14.385,14.677,15.499
285,GRN FP,8.024,9.236,9.483,9.683,9.81,9.953,10.05,10.171,10.245,10.33,10.403,10.478,10.524,10.577,10.651,10.704,10.752,10.79,10.832,10.863,10.893,10.933,10.976,11.011,11.054,11.087,11.13,11.165,11.199,11.225,11.259,11.284,11.315,11.348,11.389,11.429,11.467,11.497,11.527,11.559,11.586,11.628,11.664,11.698,11.724,11.753,11.783,11.81,11.837,11.863,11.883,11.913,11.94,11.972,11.999,12.026,12.063,12.1,12.131,12.166,12.202,12.235,12.264,12.296,12.331,12.356,12.391,12.422,12.459,12.494,12.532,12.566,12.613,12.641,12.677,12.704,12.749,12.793,12.84,12.893,12.934,12.968,13.014,13.055,13.103,13.161,13.217,13.276,13.335,13.402,13.472,13.564,13.62,13.713,13.799,13.924,14.007,14.219,14.385,14.677,15.499
286,GRN FP,8.254,9.198,9.457,9.637,9.819,9.992,10.097,10.19,10.276,10.327,10.413,10.483,10.553,10.616,10.661,10.7,10.752,10.794,10.829,10.863,10.897,10.939,10.977,11.016,11.058,11.103,11.138,11.171,11.207,11.236,11.274,11.306,11.335,11.369,11.396,11.427,11.454,11.48,11.508,11.531,11.563,11.59,11.623,11.655,11.685,11.727,11.754,11.784,11.821,11.856,11.889,11.914,11.944,11.968,12.005,12.026,12.056,12.084,12.109,12.136,12.168,12.194,12.221,12.272,12.299,12.34,12.388,12.42,12.465,12.499,12.536,12.57,12.597,12.626,12.672,12.714,12.761,12.797,12.832,12.867,12.907,12.958,13.013,13.058,13.104,13.17,13.216,13.278,13.329,13.38,13.452,13.515,13.605,13.694,13.801,13.898,14.006,14.155,14.357,14.633,15.318
287,GRN FP,8.254,9.198,9.457,9.637,9.819,9.992,10.097,10.19,10.276,10.327,10.413,10.483,10.553,10.616,10.661,10.7,10.752,10.794,10.829,10.863,10.897,10.939,10.977,11.016,11.058,11.103,11.138,11.171,11.207,11.236,11.274,11.306,11.335,11.369,11.396,11.427,11.454,11.48,11.508,11.531,11.563,11.59,11.623,11.655,11.685,11.727,11.754,11.784,11.821,11.856,11.889,11.914,11.944,11.968,12.005,12.026,12.056,12.084,12.109,12.136,12.168,12.194,12.221,12.272,12.299,12.34,12.388,12.42,12.465,12.499,12.536,12.57,12.597,12.626,12.672,12.714,12.761,12.797,12.832,12.867,12.907,12.958,13.013,13.058,13.104,13.17,13.216,13.278,13.329,13.38,13.452,13.515,13.605,13.694,13.801,13.898,14.006,14.155,14.357,14.633,15.318
288,GRN FP,8.424,9.173,9.437,9.672,9.865,9.999,10.1,10.171,10.279,10.344,10.422,10.501,10.556,10.603,10.654,10.7,10.74,10.789,10.84,10.878,10.93,10.972,11.005,11.044,11.07,11.095,11.124,11.162,11.199,11.25,11.29,11.324,11.353,11.38,11.418,11.449,11.476,11.5,11.529,11.555,11.585,11.613,11.635,11.66,11.689,11.724,11.751,11.783,11.806,11.835,11.864,11.899,11.933,11.967,12.0,12.031,12.054,12.073,12.109,12.133,12.162,12.201,12.234,12.255,12.282,12.32,12.341,12.371,12.413,12.446,12.478,12.528,12.564,12.608,12.645,12.682,12.714,12.748,12.789,12.825,12.876,12.918,12.96,13.012,13.056,13.094,13.152,13.215,13.279,13.363,13.424,13.501,13.6,13.681,13.757,13.87,13.975,14.106,14.334,14.619,15.273
289,GRN FP,8.424,9.173,9.437,9.672,9.865,9.999,10.1,10.171,10.279,10.344,10.422,10.501,10.556,10.603,10.654,10.7,10.74,10.789,10.84,10.878,10.93,10.972,11.005,11.044,11.07,11.095,11.124,11.162,11.199,11.25,11.29,11.324,11.353,11.38,11.418,11.449,11.476,11.5,11.529,11.555,11.585,11.613,11.635,11.66,11.689,11.724,11.751,11.783,11.806,11.835,11.864,11.899,11.933,11.967,12.0,12.031,12.054,12.073,12.109,12.133,12.162,12.201,12.234,12.255,12.282,12.32,12.341,12.371,12.413,12.446,12.478,12.528,12.564,12.608,12.645,12.682,12.714,12.748,12.789,12.825,12.876,12.918,12.96,13.012,13.056,13.094,13.152,13.215,13.279,13.363,13.424,13.501,13.6,13.681,13.757,13.87,13.975,14.106,14.334,14.619,15.273
290,GRN FP,8.449,9.25,9.464,9.663,9.833,9.934,10.073,10.214,10.294,10.379,10.459,10.515,10.577,10.638,10.689,10.734,10.791,10.838,10.869,10.905,10.941,10.976,11.011,11.054,11.097,11.13,11.155,11.189,11.217,11.253,11.284,11.317,11.346,11.379,11.402,11.445,11.477,11.502,11.541,11.571,11.598,11.618,11.641,11.674,11.702,11.731,11.761,11.79,11.82,11.849,11.875,11.902,11.927,11.949,11.979,12.01,12.038,12.073,12.099,12.126,12.164,12.199,12.23,12.262,12.294,12.328,12.365,12.392,12.424,12.451,12.477,12.521,12.551,12.586,12.617,12.653,12.692,12.728,12.761,12.806,12.858,12.91,12.96,13.008,13.057,13.103,13.156,13.227,13.288,13.355,13.416,13.499,13.571,13.64,13.745,13.839,13.931,14.067,14.27,14.584,15.446
291,GRN FP,8.449,9.25,9.464,9.663,9.833,9.934,10.073,10.214,10.294,10.379,10.459,10.515,10.577,10.638,10.689,10.734,10.791,10.838,10.869,10.905,10.941,10.976,11.011,11.054,11.097,11.13,11.155,11.189,11.217,11.253,11.284,11.317,11.346,11.379,11.402,11.445,11.477,11.502,11.541,11.571,11.598,11.618,11.641,11.674,11.702,11.731,11.761,11.79,11.82,11.849,11.875,11.902,11.927,11.949,11.979,12.01,12.038,12.073,12.099,12.126,12.164,12.199,12.23,12.262,12.294,12.328,12.365,12.392,12.424,12.451,12.477,12.521,12.551,12.586,12.617,12.653,12.692,12.728,12.761,12.806,12.858,12.91,12.96,13.008,13.057,13.103,13.156,13.227,13.288,13.355,13.416,13.499,13.571,13.64,13.745,13.839,13.931,14.067,14.27,14.584,15.446
292,GRN FP,8.549,9.183,9.557,9.712,9.888,9.997,10.114,10.21,10.315,10.389,10.454,10.504,10.557,10.622,10.682,10.737,10.795,10.839,10.89,10.922,10.955,10.993,11.031,11.067,11.093,11.127,11.163,11.192,11.226,11.257,11.291,11.319,11.351,11.375,11.408,11.433,11.469,11.502,11.54,11.562,11.593,11.617,11.639,11.662,11.692,11.719,11.745,11.783,11.804,11.823,11.849,11.88,11.906,11.94,11.969,12.004,12.033,12.054,12.083,12.114,12.149,12.177,12.212,12.252,12.278,12.314,12.355,12.383,12.413,12.443,12.479,12.513,12.544,12.582,12.615,12.645,12.687,12.72,12.748,12.791,12.833,12.866,12.91,12.966,13.014,13.069,13.126,13.188,13.261,13.316,13.374,13.433,13.503,13.604,13.718,13.811,13.915,14.043,14.24,14.54,15.594
293,GRN FP,8.549,9.183,9.557,9.712,9.888,9.997,10.114,10.21,10.315,10.389,10.454,10.504,10.557,10.622,10.682,10.737,10.795,10.839,10.89,10.922,10.955,10.993,11.031,11.067,11.093,11.127,11.163,11.192,11.226,11.257,11.291,11.319,11.351,11.375,11.408,11.433,11.469,11.502,11.54,11.562,11.593,11.617,11.639,11.662,11.692,11.719,11.745,11.783,11.804,11.823,11.849,11.88,11.906,11.94,11.969,12.004,12.033,12.054,12.083,12.114,12.149,12.177,12.212,12.252,12.278,12.314,12.355,12.383,12.413,12.443,12.479,12.513,12.544,12.582,12.615,12.645,12.687,12.72,12.748,12.791,12.833,12.866,12.91,12.966,13.014,13.069,13.126,13.188,13.261,13.316,13.374,13.433,13.503,13.604,13.718,13.811,13.915,14.043,14.24,14.54,15.594
294,GRN FP,8.529,9.295,9.64,9.828,9.934,10.078,10.177,10.268,10.329,10.395,10.462,10.517,10.572,10.633,10.682,10.723,10.772,10.818,10.862,10.9,10.937,10.973,11.017,11.06,11.099,11.127,11.148,11.183,11.218,11.238,11.274,11.308,11.329,11.357,11.39,11.432,11.459,11.491,11.525,11.555,11.586,11.615,11.638,11.665,11.69,11.715,11.749,11.775,11.799,11.828,11.853,11.884,11.918,11.95,11.979,11.997,12.021,12.054,12.091,12.108,12.147,12.177,12.207,12.242,12.267,12.291,12.318,12.347,12.378,12.405,12.44,12.477,12.502,12.535,12.569,12.602,12.643,12.677,12.722,12.758,12.803,12.843,12.893,12.945,13.001,13.043,13.088,13.141,13.198,13.246,13.297,13.361,13.425,13.509,13.603,13.714,13.859,13.976,14.185,14.447,15.371
295,GRN FP,8.529,9.295,9.64,9.828,9.934,10.078,10.177,10.268,10.329,10.395,10.462,10.517,10.572,10.633,10.682,10.723,10.772,10.818,10.862,10.9,10.937,10.973,11.017,11.06,11.099,11.127,11.148,11.183,11.218,11.238,11.274,11.308,11.329,11.357,11.39,11.432,11.459,11.491,11.525,11.555,11.586,11.615,11.638,11.665,11.69,11.715,11.749,11.775,11.799,11.828,11.853,11.884,11.918,11.95,11.979,11.997,12.021,12.054,12.091,12.108,12.147,12.177,12.207,12.242,12.267,12.291,12.318,12.347,12.378,12.405,12.44,12.477,12.502,12.535,12.569,12.602,12.643,12.677,12.722,12.758,12.803,12.843,12.893,12.945,13.001,13.043,13.088,13.141,13.198,13.246,13.297,13.361,13.425,13.509,13.603,13.714,13.859,13.976,14.185,14.447,15.371
296,GRN FP,8.556,9.436,9.653,9.868,10.0,10.1,10.21,10.293,10.374,10.428,10.493,10.555,10.607,10.653,10.705,10.747,10.784,10.825,10.865,10.897,10.943,10.97,10.999,11.035,11.067,11.104,11.139,11.177,11.213,11.243,11.272,11.307,11.338,11.372,11.397,11.425,11.456,11.486,11.516,11.536,11.566,11.592,11.623,11.65,11.684,11.706,11.73,11.757,11.786,11.817,11.851,11.883,11.904,11.927,11.958,11.988,12.015,12.049,12.075,12.102,12.124,12.151,12.18,12.207,12.244,12.269,12.307,12.339,12.364,12.392,12.422,12.453,12.482,12.52,12.555,12.588,12.623,12.66,12.698,12.725,12.765,12.809,12.848,12.899,12.957,13.002,13.045,13.081,13.154,13.209,13.273,13.329,13.393,13.477,13.573,13.673,13.766,13.921,14.135,14.403,15.181
297,GRN FP,8.556,9.436,9.653,9.868,10.0,10.1,10.21,10.293,10.374,10.428,10.493,10.555,10.607,10.653,10.705,10.747,10.784,10.825,10.865,10.897,10.943,10.97,10.999,11.035,11.067,11.104,11.139,11.177,11.213,11.243,11.272,11.307,11.338,11.372,11.397,11.425,11.456,11.486,11.516,11.536,11.566,11.592,11.623,11.65,11.684,11.706,11.73,11.757,11.786,11.817,11.851,11.883,11.904,11.927,11.958,11.988,12.015,12.049,12.075,12.102,12.124,12.151,12.18,12.207,12.244,12.269,12.307,12.339,12.364,12.392,12.422,12.453,12.482,12.52,12.555,12.588,12.623,12.66,12.698,12.725,12.765,12.809,12.848,12.899,12.957,13.002,13.045,13.081,13.154,13.209,13.273,13.329,13.393,13.477,13.573,13.673,13.766,13.921,14.135,14.403,15.181
298,GRN FP,8.858,9.478,9.712,9.917,10.066,10.162,10.264,10.338,10.408,10.469,10.527,10.591,10.64,10.689,10.729,10.773,10.812,10.858,10.897,10.931,10.968,11.005,11.05,11.073,11.104,11.139,11.179,11.21,11.234,11.274,11.305,11.337,11.362,11.382,11.412,11.439,11.47,11.5,11.533,11.561,11.581,11.609,11.627,11.654,11.673,11.698,11.724,11.744,11.767,11.8,11.821,11.851,11.883,11.914,11.944,11.975,12.0,12.03,12.067,12.089,12.118,12.149,12.17,12.192,12.218,12.252,12.286,12.318,12.351,12.385,12.413,12.446,12.475,12.508,12.542,12.58,12.613,12.648,12.681,12.722,12.755,12.8,12.84,12.871,12.913,12.949,13.003,13.069,13.109,13.142,13.203,13.263,13.34,13.401,13.512,13.579,13.7,13.803,13.973,14.275,15.218
299,GRN FP,8.858,9.478,9.712,9.917,10.066,10.162,10.264,10.338,10.408,10.469,10.527,10.591,10.64,10.689,10.729,10.773,10.812,10.858,10.897,10.931,10.968,11.005,11.05,11.073,11.104,11.139,11.179,11.21,11.234,11.274,11.305,11.337,11.362,11.382,11.412,11.439,11.47,11.5,11.533,11.561,11.581,11.609,11.627,11.654,11.673,11.698,11.724,11.744,11.767,11.8,11.821,11.851,11.883,11.914,11.944,11.975,12.0,12.03,12.067,12.089,12.118,12.149,12.17,12.192,12.218,12.252,12.286,12.318,12.351,12.385,12.413,12.446,12.475,12.508,12.542,12.58,12.613,12.648,12.681,12.722,12.755,12.8,12.84,12.871,12.913,12.949,13.003,13.069,13.109,13.142,13.203,13.263,13.34,13.401,13.512,13.579,13.7,13.803,13.973,14.275,15.218
300,GRN FP,8.891,9.451,9.824,10.003,10.145,10.222,10.292,10.36,10.434,10.498,10.546,10.594,10.639,10.688,10.73,10.776,10.817,10.855,10.897,10.938,10.97,11.009,11.049,11.086,11.116,11.142,11.172,11.215,11.253,11.274,11.299,11.324,11.348,11.379,11.397,11.424,11.458,11.482,11.51,11.541,11.565,11.592,11.621,11.641,11.668,11.693,11.732,11.756,11.786,11.817,11.839,11.865,11.894,11.921,11.945,11.967,11.993,12.02,12.045,12.07,12.097,12.127,12.157,12.176,12.209,12.239,12.268,12.293,12.321,12.35,12.378,12.41,12.442,12.475,12.511,12.544,12.579,12.613,12.65,12.688,12.719,12.755,12.789,12.825,12.868,12.911,12.951,12.991,13.05,13.092,13.14,13.219,13.257,13.322,13.4,13.493,13.644,13.76,13.894,14.195,15.178
301,GRN FP,8.891,9.451,9.824,10.003,10.145,10.222,10.292,10.36,10.434,10.498,10.546,10.594,10.639,10.688,10.73,10.776,10.817,10.855,10.897,10.938,10.97,11.009,11.049,11.086,11.116,11.142,11.172,11.215,11.253,11.274,11.299,11.324,11.348,11.379,11.397,11.424,11.458,11.482,11.51,11.541,11.565,11.592,11.621,11.641,11.668,11.693,11.732,11.756,11.786,11.817,11.839,11.865,11.894,11.921,11.945,11.967,11.993,12.02,12.045,12.07,12.097,12.127,12.157,12.176,12.209,12.239,12.268,12.293,12.321,12.35,12.378,12.41,12.442,12.475,12.511,12.544,12.579,12.613,12.65,12.688,12.719,12.755,12.789,12.825,12.868,12.911,12.951,12.991,13.05,13.092,13.14,13.219,13.257,13.322,13.4,13.493,13.644,13.76,13.894,14.195,15.178
302,GRN FP,9.013,9.563,9.853,10.002,10.126,10.255,10.318,10.397,10.459,10.529,10.581,10.629,10.673,10.723,10.759,10.814,10.862,10.899,10.936,10.977,11.003,11.027,11.067,11.106,11.137,11.169,11.196,11.223,11.258,11.29,11.32,11.347,11.378,11.4,11.427,11.458,11.483,11.506,11.538,11.568,11.591,11.611,11.639,11.666,11.688,11.707,11.732,11.756,11.79,11.808,11.835,11.859,11.884,11.906,11.931,11.952,11.979,12.007,12.029,12.055,12.087,12.119,12.145,12.171,12.19,12.213,12.239,12.266,12.299,12.335,12.369,12.399,12.421,12.452,12.476,12.51,12.537,12.568,12.609,12.659,12.692,12.73,12.769,12.818,12.856,12.889,12.928,12.975,13.028,13.072,13.121,13.178,13.244,13.313,13.383,13.463,13.531,13.653,13.9,14.121,15.026
303,GRN FP,9.013,9.563,9.853,10.002,10.126,10.255,10.318,10.397,10.459,10.529,10.581,10.629,10.673,10.723,10.759,10.814,10.862,10.899,10.936,10.977,11.003,11.027,11.067,11.106,11.137,11.169,11.196,11.223,11.258,11.29,11.32,11.347,11.378,11.4,11.427,11.458,11.483,11.506,11.538,11.568,11.591,11.611,11.639,11.666,11.688,11.707,11.732,11.756,11.79,11.808,11.835,11.859,11.884,11.906,11.931,11.952,11.979,12.007,12.029,12.055,12.087,12.119,12.145,12.171,12.19,12.213,12.239,12.266,12.299,12.335,12.369,12.399,12.421,12.452,12.476,12.51,12.537,12.568,12.609,12.659,12.692,12.73,12.769,12.818,12.856,12.889,12.928,12.975,13.028,13.072,13.121,13.178,13.244,13.313,13.383,13.463,13.531,13.653,13.9,14.121,15.026
304,GRN FP,8.982,9.597,9.842,10.03,10.148,10.255,10.334,10.4,10.483,10.551,10.614,10.664,10.719,10.761,10.803,10.848,10.883,10.926,10.96,11.005,11.043,11.081,11.11,11.138,11.166,11.186,11.215,11.248,11.28,11.303,11.332,11.37,11.4,11.431,11.466,11.496,11.517,11.545,11.571,11.596,11.625,11.663,11.693,11.72,11.742,11.767,11.793,11.82,11.847,11.869,11.891,11.915,11.94,11.961,11.985,12.004,12.031,12.055,12.082,12.109,12.14,12.165,12.188,12.219,12.246,12.274,12.304,12.325,12.353,12.392,12.414,12.443,12.474,12.507,12.529,12.568,12.602,12.638,12.665,12.691,12.736,12.768,12.801,12.838,12.878,12.926,12.969,13.024,13.082,13.162,13.211,13.282,13.345,13.402,13.506,13.58,13.672,13.795,13.912,14.219,14.965
305,GRN FP,8.982,9.597,9.842,10.03,10.148,10.255,10.334,10.4,10.483,10.551,10.614,10.664,10.719,10.761,10.803,10.848,10.883,10.926,10.96,11.005,11.043,11.081,11.11,11.138,11.166,11.186,11.215,11.248,11.28,11.303,11.332,11.37,11.4,11.431,11.466,11.496,11.517,11.545,11.571,11.596,11.625,11.663,11.693,11.72,11.742,11.767,11.793,11.82,11.847,11.869,11.891,11.915,11.94,11.961,11.985,12.004,12.031,12.055,12.082,12.109,12.14,12.165,12.188,12.219,12.246,12.274,12.304,12.325,12.353,12.392,12.414,12.443,12.474,12.507,12.529,12.568,12.602,12.638,12.665,12.691,12.736,12.768,12.801,12.838,12.878,12.926,12.969,13.024,13.082,13.162,13.211,13.282,13.345,13.402,13.506,13.58,13.672,13.795,13.912,14.219,14.965
306,GRN FP,9.034,9.639,9.847,9.998,10.141,10.245,10.361,10.447,10.541,10.608,10.661,10.712,10.757,10.813,10.869,10.918,10.952,10.985,11.012,11.041,11.075,11.116,11.136,11.168,11.198,11.242,11.275,11.298,11.326,11.355,11.379,11.409,11.443,11.47,11.493,11.516,11.544,11.576,11.597,11.63,11.652,11.68,11.71,11.743,11.774,11.796,11.825,11.853,11.877,11.902,11.925,11.944,11.97,12.0,12.035,12.066,12.088,12.114,12.135,12.158,12.182,12.212,12.241,12.267,12.296,12.323,12.347,12.371,12.398,12.434,12.469,12.504,12.537,12.572,12.611,12.641,12.668,12.696,12.724,12.754,12.793,12.821,12.853,12.887,12.925,12.969,13.016,13.074,13.13,13.171,13.224,13.293,13.364,13.448,13.532,13.605,13.726,13.869,14.017,14.243,15.117
307,GRN FP,9.034,9.639,9.847,9.998,10.141,10.245,10.361,10.447,10.541,10.608,10.661,10.712,10.757,10.813,10.869,10.918,10.952,10.985,11.012,11.041,11.075,11.116,11.136,11.168,11.198,11.242,11.275,11.298,11.326,11.355,11.379,11.409,11.443,11.47,11.493,11.516,11.544,11.576,11.597,11.63,11.652,11.68,11.71,11.743,11.774,11.796,11.825,11.853,11.877,11.902,11.925,11.944,11.97,12.0,12.035,12.066,12.088,12.114,12.135,12.158,12.182,12.212,12.241,12.267,12.296,12.323,12.347,12.371,12.398,12.434,12.469,12.504,12.537,12.572,12.611,12.641,12.668,12.696,12.724,12.754,12.793,12.821,12.853,12.887,12.925,12.969,13.016,13.074,13.13,13.171,13.224,13.293,13.364,13.448,13.532,13.605,13.726,13.869,14.017,14.243,15.117
308,GRN FP,8.957,9.614,9.832,10.022,10.176,10.271,10.354,10.462,10.511,10.585,10.646,10.714,10.78,10.817,10.867,10.92,10.966,11.008,11.044,11.086,11.114,11.162,11.195,11.226,11.263,11.295,11.324,11.353,11.378,11.411,11.435,11.467,11.496,11.523,11.55,11.58,11.602,11.626,11.645,11.676,11.698,11.718,11.747,11.775,11.802,11.825,11.861,11.889,11.914,11.933,11.952,11.975,12.001,12.03,12.053,12.083,12.11,12.143,12.171,12.191,12.215,12.248,12.283,12.312,12.331,12.355,12.392,12.416,12.444,12.471,12.497,12.533,12.562,12.593,12.631,12.678,12.705,12.735,12.764,12.798,12.828,12.866,12.899,12.937,12.977,13.016,13.053,13.101,13.149,13.207,13.274,13.338,13.429,13.501,13.586,13.722,13.809,13.899,14.09,14.356,15.113
309,GRN FP,8.957,9.614,9.832,10.022,10.176,10.271,10.354,10.462,10.511,10.585,10.646,10.714,10.78,10.817,10.867,10.92,10.966,11.008,11.044,11.086,11.114,11.162,11.195,11.226,11.263,11.295,11.324,11.353,11.378,11.411,11.435,11.467,11.496,11.523,11.55,11.58,11.602,11.626,11.645,11.676,11.698,11.718,11.747,11.775,11.802,11.825,11.861,11.889,11.914,11.933,11.952,11.975,12.001,12.03,12.053,12.083,12.11,12.143,12.171,12.191,12.215,12.248,12.283,12.312,12.331,12.355,12.392,12.416,12.444,12.471,12.497,12.533,12.562,12.593,12.631,12.678,12.705,12.735,12.764,12.798,12.828,12.866,12.899,12.937,12.977,13.016,13.053,13.101,13.149,13.207,13.274,13.338,13.429,13.501,13.586,13.722,13.809,13.899,14.09,14.356,15.113
310,GRN FP,8.951,9.591,9.89,10.096,10.23,10.344,10.421,10.489,10.565,10.646,10.698,10.778,10.831,10.878,10.922,10.962,11.003,11.045,11.091,11.137,11.167,11.199,11.228,11.263,11.3,11.326,11.351,11.379,11.409,11.445,11.471,11.506,11.539,11.568,11.601,11.629,11.655,11.678,11.703,11.726,11.751,11.781,11.808,11.831,11.856,11.881,11.911,11.936,11.962,11.985,12.014,12.044,12.063,12.09,12.116,12.142,12.162,12.185,12.21,12.244,12.277,12.306,12.332,12.362,12.389,12.414,12.44,12.484,12.517,12.545,12.57,12.598,12.62,12.65,12.677,12.711,12.741,12.774,12.806,12.838,12.873,12.915,12.945,12.986,13.02,13.059,13.11,13.155,13.205,13.253,13.319,13.379,13.449,13.545,13.625,13.722,13.809,13.933,14.13,14.348,15.242
311,GRN FP,8.951,9.591,9.89,10.096,10.23,10.344,10.421,10.489,10.565,10.646,10.698,10.778,10.831,10.878,10.922,10.962,11.003,11.045,11.091,11.137,11.167,11.199,11.228,11.263,11.3,11.326,11.351,11.379,11.409,11.445,11.471,11.506,11.539,11.568,11.601,11.629,11.655,11.678,11.703,11.726,11.751,11.781,11.808,11.831,11.856,11.881,11.911,11.936,11.962,11.985,12.014,12.044,12.063,12.09,12.116,12.142,12.162,12.185,12.21,12.244,12.277,12.306,12.332,12.362,12.389,12.414,12.44,12.484,12.517,12.545,12.57,12.598,12.62,12.65,12.677,12.711,12.741,12.774,12.806,12.838,12.873,12.915,12.945,12.986,13.02,13.059,13.11,13.155,13.205,13.253,13.319,13.379,13.449,13.545,13.625,13.722,13.809,13.933,14.13,14.348,15.242
312,GRN FP,8.903,9.696,9.912,10.145,10.278,10.383,10.489,10.546,10.617,10.697,10.757,10.82,10.88,10.914,10.958,11.008,11.055,11.095,11.132,11.171,11.213,11.249,11.282,11.32,11.342,11.373,11.402,11.438,11.468,11.502,11.535,11.568,11.595,11.616,11.651,11.682,11.705,11.722,11.751,11.775,11.801,11.824,11.853,11.888,11.919,11.941,11.968,11.991,12.018,12.04,12.065,12.09,12.118,12.151,12.182,12.205,12.231,12.251,12.275,12.295,12.325,12.352,12.375,12.403,12.429,12.455,12.478,12.505,12.534,12.571,12.605,12.636,12.671,12.712,12.745,12.781,12.817,12.856,12.885,12.916,12.956,12.993,13.019,13.069,13.115,13.15,13.181,13.214,13.268,13.334,13.382,13.436,13.507,13.574,13.635,13.728,13.845,13.987,14.148,14.366,15.181
313,GRN FP,8.903,9.696,9.912,10.145,10.278,10.383,10.489,10.546,10.617,10.697,10.757,10.82,10.88,10.914,10.958,11.008,11.055,11.095,11.132,11.171,11.213,11.249,11.282,11.32,11.342,11.373,11.402,11.438,11.468,11.502,11.535,11.568,11.595,11.616,11.651,11.682,11.705,11.722,11.751,11.775,11.801,11.824,11.853,11.888,11.919,11.941,11.968,11.991,12.018,12.04,12.065,12.09,12.118,12.151,12.182,12.205,12.231,12.251,12.275,12.295,12.325,12.352,12.375,12.403,12.429,12.455,12.478,12.505,12.534,12.571,12.605,12.636,12.671,12.712,12.745,12.781,12.817,12.856,12.885,12.916,12.956,12.993,13.019,13.069,13.115,13.15,13.181,13.214,13.268,13.334,13.382,13.436,13.507,13.574,13.635,13.728,13.845,13.987,14.148,14.366,15.181
314,GRN FP,8.881,9.639,9.975,10.165,10.326,10.427,10.543,10.604,10.653,10.726,10.782,10.821,10.882,10.935,10.992,11.036,11.089,11.117,11.156,11.195,11.233,11.271,11.307,11.345,11.383,11.423,11.455,11.483,11.517,11.544,11.584,11.619,11.658,11.684,11.714,11.744,11.767,11.803,11.828,11.857,11.881,11.903,11.933,11.962,11.989,12.016,12.042,12.074,12.096,12.116,12.14,12.166,12.189,12.219,12.236,12.264,12.287,12.308,12.336,12.362,12.388,12.416,12.442,12.473,12.49,12.517,12.546,12.573,12.602,12.628,12.665,12.688,12.724,12.75,12.79,12.816,12.849,12.887,12.92,12.955,12.978,13.003,13.047,13.084,13.124,13.164,13.215,13.261,13.317,13.367,13.427,13.5,13.569,13.63,13.714,13.832,13.914,14.026,14.163,14.394,15.142
315,GRN FP,8.881,9.639,9.975,10.165,10.326,10.427,10.543,10.604,10.653,10.726,10.782,10.821,10.882,10.935,10.992,11.036,11.089,11.117,11.156,11.195,11.233,11.271,11.307,11.345,11.383,11.423,11.455,11.483,11.517,11.544,11.584,11.619,11.658,11.684,11.714,11.744,11.767,11.803,11.828,11.857,11.881,11.903,11.933,11.962,11.989,12.016,12.042,12.074,12.096,12.116,12.14,12.166,12.189,12.219,12.236,12.264,12.287,12.308,12.336,12.362,12.388,12.416,12.442,12.473,12.49,12.517,12.546,12.573,12.602,12.628,12.665,12.688,12.724,12.75,12.79,12.816,12.849,12.887,12.92,12.955,12.978,13.003,13.047,13.084,13.124,13.164,13.215,13.261,13.317,13.367,13.427,13.5,13.569,13.63,13.714,13.832,13.914,14.026,14.163,14.394,15.142
316,GRN FP,8.972,9.741,10.039,10.231,10.34,10.458,10.542,10.643,10.723,10.791,10.847,10.905,10.949,11.004,11.054,11.086,11.13,11.161,11.207,11.242,11.284,11.324,11.363,11.395,11.434,11.466,11.494,11.523,11.551,11.581,11.617,11.647,11.676,11.709,11.743,11.776,11.806,11.833,11.869,11.892,11.913,11.936,11.96,11.984,12.005,12.038,12.073,12.102,12.118,12.152,12.175,12.204,12.225,12.247,12.277,12.303,12.335,12.368,12.393,12.418,12.434,12.464,12.495,12.52,12.545,12.57,12.597,12.62,12.648,12.678,12.718,12.739,12.77,12.799,12.837,12.869,12.902,12.931,12.965,13.004,13.036,13.081,13.129,13.168,13.207,13.248,13.305,13.354,13.391,13.429,13.475,13.544,13.607,13.667,13.79,13.874,13.977,14.102,14.294,14.518,14.996
317,GRN FP,8.972,9.741,10.039,10.231,10.34,10.458,10.542,10.643,10.723,10.791,10.847,10.905,10.949,11.004,11.054,11.086,11.13,11.161,11.207,11.242,11.284,11.324,11.363,11.395,11.434,11.466,11.494,11.523,11.551,11.581,11.617,11.647,11.676,11.709,11.743,11.776,11.806,11.833,11.869,11.892,11.913,11.936,11.96,11.984,12.005,12.038,12.073,12.102,12.118,12.152,12.175,12.204,12.225,12.247,12.277,12.303,12.335,12.368,12.393,12.418,12.434,12.464,12.495,12.52,12.545,12.57,12.597,12.62,12.648,12.678,12.718,12.739,12.77,12.799,12.837,12.869,12.902,12.931,12.965,13.004,13.036,13.081,13.129,13.168,13.207,13.248,13.305,13.354,13.391,13.429,13.475,13.544,13.607,13.667,13.79,13.874,13.977,14.102,14.294,14.518,14.996
318,GRN FP,8.944,9.69,9.96,10.149,10.281,10.374,10.493,10.589,10.668,10.723,10.804,10.864,10.912,10.971,11.037,11.073,11.124,11.157,11.188,11.223,11.267,11.301,11.345,11.382,11.414,11.44,11.468,11.5,11.536,11.568,11.594,11.633,11.66,11.693,11.725,11.762,11.797,11.832,11.859,11.883,11.902,11.928,11.957,11.989,12.027,12.047,12.067,12.095,12.118,12.145,12.183,12.208,12.237,12.269,12.302,12.326,12.349,12.372,12.396,12.419,12.455,12.483,12.508,12.534,12.562,12.593,12.624,12.657,12.677,12.704,12.734,12.759,12.794,12.822,12.849,12.881,12.925,12.963,12.995,13.031,13.068,13.103,13.159,13.198,13.248,13.297,13.35,13.391,13.445,13.494,13.547,13.622,13.676,13.756,13.817,13.908,14.006,14.159,14.31,14.524,15.207
319,GRN FP,8.944,9.69,9.96,10.149,10.281,10.374,10.493,10.589,10.668,10.723,10.804,10.864,10.912,10.971,11.037,11.073,11.124,11.157,11.188,11.223,11.267,11.301,11.345,11.382,11.414,11.44,11.468,11.5,11.536,11.568,11.594,11.633,11.66,11.693,11.725,11.762,11.797,11.832,11.859,11.883,11.902,11.928,11.957,11.989,12.027,12.047,12.067,12.095,12.118,12.145,12.183,12.208,12.237,12.269,12.302,12.326,12.349,12.372,12.396,12.419,12.455,12.483,12.508,12.534,12.562,12.593,12.624,12.657,12.677,12.704,12.734,12.759,12.794,12.822,12.849,12.881,12.925,12.963,12.995,13.031,13.068,13.103,13.159,13.198,13.248,13.297,13.35,13.391,13.445,13.494,13.547,13.622,13.676,13.756,13.817,13.908,14.006,14.159,14.31,14.524,15.207
320,GRN FP,9.101,9.673,9.916,10.125,10.236,10.367,10.499,10.582,10.659,10.721,10.78,10.832,10.871,10.942,10.991,11.037,11.076,11.121,11.177,11.217,11.262,11.298,11.336,11.375,11.415,11.457,11.492,11.526,11.549,11.582,11.616,11.643,11.678,11.705,11.735,11.763,11.79,11.825,11.857,11.889,11.916,11.946,11.971,12.006,12.035,12.065,12.093,12.128,12.151,12.181,12.206,12.232,12.257,12.281,12.303,12.33,12.36,12.388,12.411,12.431,12.454,12.48,12.506,12.539,12.573,12.602,12.624,12.653,12.687,12.715,12.745,12.771,12.805,12.835,12.872,12.906,12.939,12.974,13.006,13.051,13.102,13.133,13.172,13.23,13.273,13.316,13.357,13.411,13.463,13.515,13.582,13.642,13.7,13.777,13.864,13.964,14.071,14.192,14.388,14.68,15.279
321,GRN FP,9.101,9.673,9.916,10.125,10.236,10.367,10.499,10.582,10.659,10.721,10.78,10.832,10.871,10.942,10.991,11.037,11.076,11.121,11.177,11.217,11.262,11.298,11.336,11.375,11.415,11.457,11.492,11.526,11.549,11.582,11.616,11.643,11.678,11.705,11.735,11.763,11.79,11.825,11.857,11.889,11.916,11.946,11.971,12.006,12.035,12.065,12.093,12.128,12.151,12.181,12.206,12.232,12.257,12.281,12.303,12.33,12.36,12.388,12.411,12.431,12.454,12.48,12.506,12.539,12.573,12.602,12.624,12.653,12.687,12.715,12.745,12.771,12.805,12.835,12.872,12.906,12.939,12.974,13.006,13.051,13.102,13.133,13.172,13.23,13.273,13.316,13.357,13.411,13.463,13.515,13.582,13.642,13.7,13.777,13.864,13.964,14.071,14.192,14.388,14.68,15.279
322,GRN FP,8.789,9.65,9.867,10.077,10.221,10.348,10.43,10.526,10.604,10.673,10.754,10.796,10.859,10.904,10.96,10.996,11.061,11.123,11.182,11.221,11.267,11.313,11.348,11.386,11.435,11.467,11.494,11.525,11.559,11.588,11.613,11.646,11.681,11.708,11.73,11.76,11.792,11.821,11.862,11.89,11.921,11.952,11.975,12.002,12.035,12.065,12.092,12.121,12.149,12.166,12.202,12.232,12.258,12.28,12.311,12.336,12.365,12.397,12.413,12.436,12.459,12.488,12.516,12.552,12.585,12.613,12.648,12.672,12.693,12.727,12.764,12.797,12.832,12.857,12.888,12.925,12.971,13.006,13.053,13.09,13.129,13.16,13.197,13.234,13.28,13.331,13.378,13.441,13.497,13.567,13.617,13.675,13.737,13.82,13.914,14.01,14.139,14.255,14.445,14.715,15.413
323,GRN FP,8.789,9.65,9.867,10.077,10.221,10.348,10.43,10.526,10.604,10.673,10.754,10.796,10.859,10.904,10.96,10.996,11.061,11.123,11.182,11.221,11.267,11.313,11.348,11.386,11.435,11.467,11.494,11.525,11.559,11.588,11.613,11.646,11.681,11.708,11.73,11.76,11.792,11.821,11.862,11.89,11.921,11.952,11.975,12.002,12.035,12.065,12.092,12.121,12.149,12.166,12.202,12.232,12.258,12.28,12.311,12.336,12.365,12.397,12.413,12.436,12.459,12.488,12.516,12.552,12.585,12.613,12.648,12.672,12.693,12.727,12.764,12.797,12.832,12.857,12.888,12.925,12.971,13.006,13.053,13.09,13.129,13.16,13.197,13.234,13.28,13.331,13.378,13.441,13.497,13.567,13.617,13.675,13.737,13.82,13.914,14.01,14.139,14.255,14.445,14.715,15.413
324,GRN FP,8.657,9.535,9.829,10.009,10.161,10.249,10.359,10.471,10.571,10.634,10.699,10.751,10.822,10.895,10.956,11.004,11.04,11.094,11.152,11.205,11.24,11.278,11.317,11.36,11.403,11.438,11.477,11.505,11.546,11.579,11.605,11.638,11.67,11.714,11.741,11.763,11.789,11.821,11.847,11.876,11.906,11.935,11.964,11.983,12.01,12.041,12.065,12.097,12.123,12.148,12.178,12.221,12.256,12.281,12.305,12.326,12.356,12.382,12.411,12.436,12.463,12.489,12.53,12.563,12.591,12.617,12.653,12.685,12.712,12.747,12.775,12.817,12.849,12.876,12.91,12.949,12.981,13.018,13.059,13.1,13.146,13.202,13.248,13.278,13.326,13.376,13.422,13.46,13.514,13.575,13.632,13.704,13.772,13.874,13.966,14.053,14.144,14.317,14.515,14.751,15.674
325,GRN FP,8.657,9.535,9.829,10.009,10.161,10.249,10.359,10.471,10.571,10.634,10.699,10.751,10.822,10.895,10.956,11.004,11.04,11.094,11.152,11.205,11.24,11.278,11.317,11.36,11.403,11.438,11.477,11.505,11.546,11.579,11.605,11.638,11.67,11.714,11.741,11.763,11.789,11.821,11.847,11.876,11.906,11.935,11.964,11.983,12.01,12.041,12.065,12.097,12.123,12.148,12.178,12.221,12.256,12.281,12.305,12.326,12.356,12.382,12.411,12.436,12.463,12.489,12.53,12.563,12.591,12.617,12.653,12.685,12.712,12.747,12.775,12.817,12.849,12.876,12.91,12.949,12.981,13.018,13.059,13.1,13.146,13.202,13.248,13.278,13.326,13.376,13.422,13.46,13.514,13.575,13.632,13.704,13.772,13.874,13.966,14.053,14.144,14.317,14.515,14.751,15.674
326,GRN FP,8.533,9.356,9.786,9.96,10.156,10.309,10.381,10.477,10.541,10.611,10.678,10.735,10.805,10.873,10.932,10.968,11.022,11.083,11.134,11.178,11.217,11.253,11.293,11.327,11.361,11.389,11.441,11.479,11.516,11.546,11.576,11.611,11.641,11.664,11.694,11.727,11.761,11.796,11.828,11.857,11.893,11.922,11.95,11.978,12.007,12.039,12.066,12.101,12.136,12.158,12.186,12.207,12.235,12.264,12.297,12.323,12.351,12.382,12.41,12.441,12.471,12.506,12.547,12.579,12.612,12.645,12.68,12.714,12.749,12.78,12.813,12.843,12.864,12.904,12.942,12.977,13.017,13.054,13.097,13.14,13.185,13.238,13.283,13.328,13.364,13.415,13.457,13.506,13.546,13.6,13.66,13.719,13.798,13.886,13.979,14.117,14.224,14.405,14.563,14.826,15.672
327,GRN FP,8.533,9.356,9.786,9.96,10.156,10.309,10.381,10.477,10.541,10.611,10.678,10.735,10.805,10.873,10.932,10.968,11.022,11.083,11.134,11.178,11.217,11.253,11.293,11.327,11.361,11.389,11.441,11.479,11.516,11.546,11.576,11.611,11.641,11.664,11.694,11.727,11.761,11.796,11.828,11.857,11.893,11.922,11.95,11.978,12.007,12.039,12.066,12.101,12.136,12.158,12.186,12.207,12.235,12.264,12.297,12.323,12.351,12.382,12.41,12.441,12.471,12.506,12.547,12.579,12.612,12.645,12.68,12.714,12.749,12.78,12.813,12.843,12.864,12.904,12.942,12.977,13.017,13.054,13.097,13.14,13.185,13.238,13.283,13.328,13.364,13.415,13.457,13.506,13.546,13.6,13.66,13.719,13.798,13.886,13.979,14.117,14.224,14.405,14.563,14.826,15.672
328,GRN FP,8.244,9.359,9.715,9.941,10.054,10.211,10.345,10.465,10.525,10.611,10.688,10.767,10.821,10.857,10.922,10.974,11.026,11.068,11.114,11.16,11.205,11.238,11.269,11.31,11.344,11.391,11.429,11.458,11.488,11.52,11.561,11.604,11.64,11.665,11.7,11.73,11.765,11.808,11.839,11.865,11.892,11.92,11.949,11.976,12.002,12.034,12.07,12.091,12.117,12.143,12.172,12.204,12.243,12.278,12.301,12.338,12.37,12.394,12.442,12.476,12.509,12.536,12.57,12.607,12.636,12.672,12.708,12.743,12.78,12.808,12.848,12.875,12.9,12.927,12.966,12.996,13.034,13.072,13.12,13.163,13.211,13.263,13.299,13.353,13.391,13.443,13.484,13.535,13.588,13.643,13.71,13.784,13.862,13.939,14.023,14.104,14.181,14.36,14.504,14.816,15.665
329,GRN FP,8.244,9.359,9.715,9.941,10.054,10.211,10.345,10.465,10.525,10.611,10.688,10.767,10.821,10.857,10.922,10.974,11.026,11.068,11.114,11.16,11.205,11.238,11.269,11.31,11.344,11.391,11.429,11.458,11.488,11.52,11.561,11.604,11.64,11.665,11.7,11.73,11.765,11.808,11.839,11.865,11.892,11.92,11.949,11.976,12.002,12.034,12.07,12.091,12.117,12.143,12.172,12.204,12.243,12.278,12.301,12.338,12.37,12.394,12.442,12.476,12.509,12.536,12.57,12.607,12.636,12.672,12.708,12.743,12.78,12.808,12.848,12.875,12.9,12.927,12.966,12.996,13.034,13.072,13.12,13.163,13.211,13.263,13.299,13.353,13.391,13.443,13.484,13.535,13.588,13.643,13.71,13.784,13.862,13.939,14.023,14.104,14.181,14.36,14.504,14.816,15.665
330,GRN FP,8.402,9.276,9.722,9.908,10.082,10.196,10.32,10.419,10.524,10.597,10.66,10.72,10.769,10.845,10.902,10.959,10.997,11.052,11.1,11.143,11.198,11.237,11.286,11.321,11.366,11.399,11.433,11.461,11.495,11.536,11.574,11.612,11.643,11.681,11.71,11.748,11.775,11.808,11.844,11.873,11.917,11.945,11.973,11.993,12.019,12.043,12.069,12.105,12.136,12.169,12.197,12.23,12.26,12.294,12.328,12.347,12.383,12.408,12.433,12.47,12.504,12.536,12.568,12.596,12.631,12.659,12.696,12.742,12.777,12.81,12.85,12.878,12.909,12.95,12.989,13.028,13.062,13.109,13.15,13.183,13.224,13.267,13.31,13.357,13.409,13.458,13.529,13.576,13.623,13.684,13.739,13.799,13.878,13.949,14.045,14.146,14.252,14.427,14.598,14.894,15.818
331,GRN FP,8.402,9.276,9.722,9.908,10.082,10.196,10.32,10.419,10.524,10.597,10.66,10.72,10.769,10.845,10.902,10.959,10.997,11.052,11.1,11.143,11.198,11.237,11.286,11.321,11.366,11.399,11.433,11.461,11.495,11.536,11.574,11.612,11.643,11.681,11.71,11.748,11.775,11.808,11.844,11.873,11.917,11.945,11.973,11.993,12.019,12.043,12.069,12.105,12.136,12.169,12.197,12.23,12.26,12.294,12.328,12.347,12.383,12.408,12.433,12.47,12.504,12.536,12.568,12.596,12.631,12.659,12.696,12.742,12.777,12.81,12.85,12.878,12.909,12.95,12.989,13.028,13.062,13.109,13.15,13.183,13.224,13.267,13.31,13.357,13.409,13.458,13.529,13.576,13.623,13.684,13.739,13.799,13.878,13.949,14.045,14.146,14.252,14.427,14.598,14.894,15.818
332,GRN FP,8.524,9.315,9.732,9.955,10.086,10.198,10.318,10.402,10.495,10.572,10.653,10.718,10.775,10.837,10.899,10.947,11.008,11.059,11.108,11.152,11.201,11.235,11.276,11.321,11.36,11.396,11.434,11.49,11.52,11.551,11.595,11.63,11.671,11.701,11.732,11.762,11.786,11.823,11.846,11.874,11.904,11.924,11.953,11.983,12.012,12.044,12.08,12.116,12.154,12.188,12.216,12.253,12.285,12.31,12.342,12.377,12.419,12.442,12.469,12.5,12.529,12.561,12.586,12.621,12.652,12.69,12.718,12.747,12.777,12.824,12.868,12.901,12.944,12.987,13.018,13.063,13.099,13.147,13.189,13.24,13.288,13.332,13.381,13.427,13.477,13.528,13.58,13.619,13.681,13.733,13.795,13.844,13.909,13.981,14.076,14.202,14.305,14.432,14.656,14.958,15.86
333,GRN FP,8.524,9.315,9.732,9.955,10.086,10.198,10.318,10.402,10.495,10.572,10.653,10.718,10.775,10.837,10.899,10.947,11.008,11.059,11.108,11.152,11.201,11.235,11.276,11.321,11.36,11.396,11.434,11.49,11.52,11.551,11.595,11.63,11.671,11.701,11.732,11.762,11.786,11.823,11.846,11.874,11.904,11.924,11.953,11.983,12.012,12.044,12.08,12.116,12.154,12.188,12.216,12.253,12.285,12.31,12.342,12.377,12.419,12.442,12.469,12.5,12.529,12.561,12.586,12.621,12.652,12.69,12.718,12.747,12.777,12.824,12.868,12.901,12.944,12.987,13.018,13.063,13.099,13.147,13.189,13.24,13.288,13.332,13.381,13.427,13.477,13.528,13.58,13.619,13.681,13.733,13.795,13.844,13.909,13.981,14.076,14.202,14.305,14.432,14.656,14.958,15.86
334,GRN FP,8.457,9.367,9.64,9.849,10.023,10.185,10.294,10.385,10.45,10.544,10.619,10.685,10.761,10.825,10.898,10.938,10.997,11.055,11.106,11.155,11.206,11.251,11.296,11.334,11.374,11.418,11.457,11.486,11.526,11.558,11.584,11.612,11.652,11.679,11.705,11.742,11.779,11.809,11.835,11.876,11.905,11.948,11.976,12.004,12.038,12.068,12.092,12.123,12.159,12.188,12.217,12.246,12.282,12.321,12.352,12.382,12.415,12.454,12.49,12.513,12.543,12.57,12.61,12.644,12.685,12.719,12.76,12.787,12.823,12.862,12.899,12.932,12.965,13.002,13.035,13.075,13.116,13.162,13.214,13.262,13.322,13.36,13.396,13.446,13.492,13.543,13.592,13.637,13.694,13.752,13.809,13.881,13.951,14.04,14.136,14.22,14.326,14.493,14.676,15.053,15.965
335,GRN FP,8.457,9.367,9.64,9.849,10.023,10.185,10.294,10.385,10.45,10.544,10.619,10.685,10.761,10.825,10.898,10.938,10.997,11.055,11.106,11.155,11.206,11.251,11.296,11.334,11.374,11.418,11.457,11.486,11.526,11.558,11.584,11.612,11.652,11.679,11.705,11.742,11.779,11.809,11.835,11.876,11.905,11.948,11.976,12.004,12.038,12.068,12.092,12.123,12.159,12.188,12.217,12.246,12.282,12.321,12.352,12.382,12.415,12.454,12.49,12.513,12.543,12.57,12.61,12.644,12.685,12.719,12.76,12.787,12.823,12.862,12.899,12.932,12.965,13.002,13.035,13.075,13.116,13.162,13.214,13.262,13.322,13.36,13.396,13.446,13.492,13.543,13.592,13.637,13.694,13.752,13.809,13.881,13.951,14.04,14.136,14.22,14.326,14.493,14.676,15.053,15.965
336,GRN FP,8.161,9.255,9.506,9.806,10.018,10.165,10.279,10.382,10.487,10.562,10.637,10.7,10.762,10.812,10.859,10.919,10.983,11.04,11.09,11.134,11.168,11.214,11.268,11.315,11.354,11.408,11.446,11.482,11.516,11.548,11.578,11.615,11.659,11.693,11.726,11.757,11.799,11.831,11.859,11.885,11.92,11.949,11.981,12.019,12.047,12.083,12.121,12.154,12.184,12.21,12.249,12.276,12.312,12.337,12.377,12.408,12.445,12.466,12.495,12.533,12.567,12.591,12.625,12.657,12.686,12.717,12.752,12.788,12.829,12.865,12.9,12.95,12.988,13.028,13.079,13.111,13.158,13.195,13.238,13.275,13.316,13.358,13.405,13.458,13.496,13.543,13.575,13.642,13.708,13.763,13.837,13.895,13.977,14.052,14.158,14.269,14.374,14.509,14.73,15.055,15.903
337,GRN FP,8.161,9.255,9.506,9.806,10.018,10.165,10.279,10.382,10.487,10.562,10.637,10.7,10.762,10.812,10.859,10.919,10.983,11.04,11.09,11.134,11.168,11.214,11.268,11.315,11.354,11.408,11.446,11.482,11.516,11.548,11.578,11.615,11.659,11.693,11.726,11.757,11.799,11.831,11.859,11.885,11.92,11.949,11.981,12.019,12.047,12.083,12.121,12.154,12.184,12.21,12.249,12.276,12.312,12.337,12.377,12.408,12.445,12.466,12.495,12.533,12.567,12.591,12.625,12.657,12.686,12.717,12.752,12.788,12.829,12.865,12.9,12.95,12.988,13.028,13.079,13.111,13.158,13.195,13.238,13.275,13.316,13.358,13.405,13.458,13.496,13.543,13.575,13.642,13.708,13.763,13.837,13.895,13.977,14.052,14.158,14.269,14.374,14.509,14.73,15.055,15.903
338,GRN FP,7.981,9.178,9.597,9.766,9.959,10.1,10.212,10.348,10.453,10.535,10.61,10.68,10.745,10.818,10.865,10.928,10.989,11.038,11.087,11.14,11.189,11.232,11.272,11.315,11.346,11.385,11.422,11.459,11.496,11.544,11.58,11.611,11.654,11.689,11.723,11.756,11.792,11.816,11.851,11.878,11.913,11.951,11.978,12.018,12.051,12.089,12.124,12.151,12.188,12.22,12.25,12.286,12.321,12.356,12.393,12.427,12.461,12.489,12.515,12.558,12.583,12.61,12.638,12.681,12.709,12.746,12.777,12.82,12.852,12.894,12.925,12.973,13.018,13.055,13.095,13.126,13.158,13.2,13.238,13.289,13.333,13.374,13.426,13.482,13.538,13.607,13.659,13.714,13.767,13.811,13.88,13.942,14.026,14.117,14.217,14.328,14.462,14.579,14.721,15.103,15.973
339,GRN FP,7.981,9.178,9.597,9.766,9.959,10.1,10.212,10.348,10.453,10.535,10.61,10.68,10.745,10.818,10.865,10.928,10.989,11.038,11.087,11.14,11.189,11.232,11.272,11.315,11.346,11.385,11.422,11.459,11.496,11.544,11.58,11.611,11.654,11.689,11.723,11.756,11.792,11.816,11.851,11.878,11.913,11.951,11.978,12.018,12.051,12.089,12.124,12.151,12.188,12.22,12.25,12.286,12.321,12.356,12.393,12.427,12.461,12.489,12.515,12.558,12.583,12.61,12.638,12.681,12.709,12.746,12.777,12.82,12.852,12.894,12.925,12.973,13.018,13.055,13.095,13.126,13.158,13.2,13.238,13.289,13.333,13.374,13.426,13.482,13.538,13.607,13.659,13.714,13.767,13.811,13.88,13.942,14.026,14.117,14.217,14.328,14.462,14.579,14.721,15.103,15.973
340,GRN FP,8.053,9.207,9.533,9.756,9.972,10.094,10.219,10.333,10.432,10.548,10.633,10.699,10.758,10.824,10.874,10.926,10.983,11.051,11.095,11.131,11.176,11.227,11.265,11.307,11.347,11.39,11.424,11.476,11.536,11.569,11.604,11.634,11.672,11.71,11.749,11.786,11.819,11.85,11.893,11.928,11.956,11.995,12.026,12.056,12.091,12.121,12.147,12.176,12.203,12.239,12.268,12.291,12.33,12.357,12.387,12.421,12.454,12.482,12.516,12.554,12.582,12.618,12.652,12.679,12.715,12.741,12.782,12.822,12.865,12.904,12.936,12.98,13.018,13.057,13.092,13.126,13.175,13.22,13.261,13.302,13.344,13.4,13.464,13.515,13.565,13.619,13.687,13.721,13.795,13.833,13.899,13.952,14.053,14.118,14.185,14.321,14.424,14.615,14.83,15.15,16.054
341,GRN FP,8.053,9.207,9.533,9.756,9.972,10.094,10.219,10.333,10.432,10.548,10.633,10.699,10.758,10.824,10.874,10.926,10.983,11.051,11.095,11.131,11.176,11.227,11.265,11.307,11.347,11.39,11.424,11.476,11.536,11.569,11.604,11.634,11.672,11.71,11.749,11.786,11.819,11.85,11.893,11.928,11.956,11.995,12.026,12.056,12.091,12.121,12.147,12.176,12.203,12.239,12.268,12.291,12.33,12.357,12.387,12.421,12.454,12.482,12.516,12.554,12.582,12.618,12.652,12.679,12.715,12.741,12.782,12.822,12.865,12.904,12.936,12.98,13.018,13.057,13.092,13.126,13.175,13.22,13.261,13.302,13.344,13.4,13.464,13.515,13.565,13.619,13.687,13.721,13.795,13.833,13.899,13.952,14.053,14.118,14.185,14.321,14.424,14.615,14.83,15.15,16.054
342,GRN FP,8.075,9.212,9.513,9.743,9.868,10.061,10.188,10.317,10.415,10.489,10.554,10.645,10.714,10.782,10.852,10.919,10.976,11.038,11.089,11.134,11.176,11.228,11.273,11.31,11.35,11.39,11.427,11.466,11.51,11.55,11.588,11.616,11.663,11.705,11.73,11.767,11.808,11.842,11.868,11.906,11.932,11.959,12.001,12.043,12.079,12.109,12.142,12.181,12.211,12.24,12.273,12.298,12.329,12.371,12.404,12.438,12.47,12.496,12.531,12.559,12.593,12.627,12.658,12.69,12.725,12.768,12.792,12.832,12.862,12.907,12.951,12.989,13.019,13.058,13.105,13.145,13.192,13.229,13.279,13.349,13.393,13.43,13.477,13.521,13.565,13.618,13.673,13.729,13.791,13.847,13.919,13.995,14.057,14.153,14.247,14.356,14.522,14.669,14.813,15.062,15.89
343,GRN FP,8.075,9.212,9.513,9.743,9.868,10.061,10.188,10.317,10.415,10.489,10.554,10.645,10.714,10.782,10.852,10.919,10.976,11.038,11.089,11.134,11.176,11.228,11.273,11.31,11.35,11.39,11.427,11.466,11.51,11.55,11.588,11.616,11.663,11.705,11.73,11.767,11.808,11.842,11.868,11.906,11.932,11.959,12.001,12.043,12.079,12.109,12.142,12.181,12.211,12.24,12.273,12.298,12.329,12.371,12.404,12.438,12.47,12.496,12.531,12.559,12.593,12.627,12.658,12.69,12.725,12.768,12.792,12.832,12.862,12.907,12.951,12.989,13.019,13.058,13.105,13.145,13.192,13.229,13.279,13.349,13.393,13.43,13.477,13.521,13.565,13.618,13.673,13.729,13.791,13.847,13.919,13.995,14.057,14.153,14.247,14.356,14.522,14.669,14.813,15.062,15.89
344,GRN FP,8.209,9.209,9.583,9.784,9.939,10.056,10.247,10.339,10.427,10.528,10.601,10.667,10.708,10.773,10.84,10.897,10.962,11.031,11.097,11.148,11.189,11.23,11.283,11.323,11.361,11.4,11.438,11.479,11.514,11.55,11.585,11.623,11.657,11.696,11.73,11.761,11.787,11.823,11.859,11.892,11.928,11.967,12.0,12.031,12.07,12.111,12.144,12.181,12.218,12.242,12.266,12.289,12.319,12.348,12.384,12.416,12.453,12.479,12.514,12.551,12.583,12.627,12.667,12.707,12.73,12.762,12.795,12.829,12.863,12.889,12.921,12.956,12.991,13.044,13.095,13.133,13.18,13.227,13.27,13.318,13.357,13.419,13.458,13.516,13.583,13.631,13.693,13.741,13.812,13.882,13.943,14.017,14.081,14.161,14.249,14.406,14.54,14.656,14.821,15.173,15.947
345,GRN FP,8.209,9.209,9.583,9.784,9.939,10.056,10.247,10.339,10.427,10.528,10.601,10.667,10.708,10.773,10.84,10.897,10.962,11.031,11.097,11.148,11.189,11.23,11.283,11.323,11.361,11.4,11.438,11.479,11.514,11.55,11.585,11.623,11.657,11.696,11.73,11.761,11.787,11.823,11.859,11.892,11.928,11.967,12.0,12.031,12.07,12.111,12.144,12.181,12.218,12.242,12.266,12.289,12.319,12.348,12.384,12.416,12.453,12.479,12.514,12.551,12.583,12.627,12.667,12.707,12.73,12.762,12.795,12.829,12.863,12.889,12.921,12.956,12.991,13.044,13.095,13.133,13.18,13.227,13.27,13.318,13.357,13.419,13.458,13.516,13.583,13.631,13.693,13.741,13.812,13.882,13.943,14.017,14.081,14.161,14.249,14.406,14.54,14.656,14.821,15.173,15.947
346,GRN FP,8.223,9.194,9.527,9.749,9.924,10.08,10.198,10.295,10.401,10.482,10.581,10.67,10.717,10.801,10.858,10.913,10.978,11.023,11.065,11.108,11.166,11.216,11.268,11.312,11.343,11.371,11.42,11.461,11.501,11.559,11.595,11.628,11.657,11.699,11.735,11.765,11.797,11.828,11.867,11.897,11.924,11.956,11.989,12.03,12.065,12.095,12.125,12.154,12.19,12.218,12.256,12.286,12.313,12.349,12.389,12.431,12.461,12.505,12.53,12.571,12.604,12.635,12.673,12.701,12.74,12.771,12.807,12.839,12.878,12.92,12.951,12.98,13.027,13.068,13.109,13.157,13.212,13.253,13.307,13.339,13.384,13.443,13.497,13.545,13.585,13.632,13.699,13.748,13.791,13.864,13.928,14.011,14.095,14.185,14.284,14.41,14.527,14.692,14.913,15.26,16.051
347,GRN FP,8.223,9.194,9.527,9.749,9.924,10.08,10.198,10.295,10.401,10.482,10.581,10.67,10.717,10.801,10.858,10.913,10.978,11.023,11.065,11.108,11.166,11.216,11.268,11.312,11.343,11.371,11.42,11.461,11.501,11.559,11.595,11.628,11.657,11.699,11.735,11.765,11.797,11.828,11.867,11.897,11.924,11.956,11.989,12.03,12.065,12.095,12.125,12.154,12.19,12.218,12.256,12.286,12.313,12.349,12.389,12.431,12.461,12.505,12.53,12.571,12.604,12.635,12.673,12.701,12.74,12.771,12.807,12.839,12.878,12.92,12.951,12.98,13.027,13.068,13.109,13.157,13.212,13.253,13.307,13.339,13.384,13.443,13.497,13.545,13.585,13.632,13.699,13.748,13.791,13.864,13.928,14.011,14.095,14.185,14.284,14.41,14.527,14.692,14.913,15.26,16.051
348,GRN FP,8.23,9.194,9.543,9.779,9.956,10.133,10.242,10.352,10.427,10.494,10.568,10.64,10.726,10.792,10.847,10.92,10.987,11.049,11.104,11.152,11.194,11.231,11.284,11.321,11.365,11.395,11.441,11.473,11.515,11.554,11.586,11.625,11.657,11.68,11.712,11.742,11.79,11.825,11.86,11.896,11.923,11.956,11.991,12.026,12.049,12.09,12.121,12.154,12.201,12.23,12.262,12.296,12.325,12.361,12.394,12.427,12.456,12.487,12.517,12.564,12.603,12.627,12.663,12.696,12.736,12.766,12.807,12.844,12.885,12.92,12.954,13.001,13.044,13.083,13.111,13.156,13.196,13.236,13.275,13.306,13.362,13.41,13.468,13.533,13.578,13.642,13.686,13.733,13.794,13.852,13.934,14.022,14.106,14.211,14.294,14.43,14.573,14.704,14.949,15.343,16.068
349,GRN FP,8.23,9.194,9.543,9.779,9.956,10.133,10.242,10.352,10.427,10.494,10.568,10.64,10.726,10.792,10.847,10.92,10.987,11.049,11.104,11.152,11.194,11.231,11.284,11.321,11.365,11.395,11.441,11.473,11.515,11.554,11.586,11.625,11.657,11.68,11.712,11.742,11.79,11.825,11.86,11.896,11.923,11.956,11.991,12.026,12.049,12.09,12.121,12.154,12.201,12.23,12.262,12.296,12.325,12.361,12.394,12.427,12.456,12.487,12.517,12.564,12.603,12.627,12.663,12.696,12.736,12.766,12.807,12.844,12.885,12.92,12.954,13.001,13.044,13.083,13.111,13.156,13.196,13.236,13.275,13.306,13.362,13.41,13.468,13.533,13.578,13.642,13.686,13.733,13.794,13.852,13.934,14.022,14.106,14.211,14.294,14.43,14.573,14.704,14.949,15.343,16.068
350,GRN FP,8.114,9.182,9.539,9.768,9.936,10.125,10.234,10.339,10.435,10.516,10.606,10.666,10.745,10.809,10.861,10.913,10.978,11.042,11.108,11.141,11.181,11.224,11.258,11.307,11.353,11.391,11.432,11.465,11.499,11.539,11.571,11.607,11.649,11.681,11.72,11.761,11.792,11.815,11.86,11.893,11.942,11.986,12.012,12.046,12.08,12.117,12.142,12.172,12.218,12.256,12.29,12.32,12.356,12.389,12.415,12.44,12.463,12.504,12.539,12.573,12.611,12.654,12.69,12.73,12.763,12.801,12.834,12.868,12.901,12.938,12.973,13.01,13.048,13.084,13.132,13.173,13.225,13.269,13.302,13.347,13.4,13.441,13.484,13.543,13.608,13.659,13.717,13.777,13.834,13.895,13.971,14.043,14.107,14.201,14.278,14.421,14.544,14.709,14.972,15.373,16.218
351,GRN FP,8.114,9.182,9.539,9.768,9.936,10.125,10.234,10.339,10.435,10.516,10.606,10.666,10.745,10.809,10.861,10.913,10.978,11.042,11.108,11.141,11.181,11.224,11.258,11.307,11.353,11.391,11.432,11.465,11.499,11.539,11.571,11.607,11.649,11.681,11.72,11.761,11.792,11.815,11.86,11.893,11.942,11.986,12.012,12.046,12.08,12.117,12.142,12.172,12.218,12.256,12.29,12.32,12.356,12.389,12.415,12.44,12.463,12.504,12.539,12.573,12.611,12.654,12.69,12.73,12.763,12.801,12.834,12.868,12.901,12.938,12.973,13.01,13.048,13.084,13.132,13.173,13.225,13.269,13.302,13.347,13.4,13.441,13.484,13.543,13.608,13.659,13.717,13.777,13.834,13.895,13.971,14.043,14.107,14.201,14.278,14.421,14.544,14.709,14.972,15.373,16.218
352,GRN FP,8.226,9.14,9.509,9.733,9.946,10.066,10.204,10.313,10.42,10.504,10.595,10.676,10.741,10.789,10.848,10.908,10.962,11.032,11.076,11.12,11.174,11.218,11.27,11.32,11.36,11.398,11.432,11.473,11.507,11.543,11.572,11.612,11.648,11.684,11.714,11.753,11.79,11.832,11.872,11.914,11.945,11.975,12.003,12.033,12.07,12.099,12.138,12.184,12.217,12.259,12.292,12.33,12.36,12.386,12.418,12.449,12.497,12.525,12.552,12.596,12.622,12.669,12.717,12.759,12.791,12.819,12.856,12.884,12.918,12.955,12.988,13.02,13.054,13.087,13.13,13.16,13.203,13.257,13.299,13.348,13.384,13.436,13.479,13.523,13.584,13.64,13.693,13.765,13.824,13.875,13.953,14.026,14.141,14.212,14.325,14.435,14.557,14.756,14.988,15.354,16.226
353,GRN FP,8.226,9.14,9.509,9.733,9.946,10.066,10.204,10.313,10.42,10.504,10.595,10.676,10.741,10.789,10.848,10.908,10.962,11.032,11.076,11.12,11.174,11.218,11.27,11.32,11.36,11.398,11.432,11.473,11.507,11.543,11.572,11.612,11.648,11.684,11.714,11.753,11.79,11.832,11.872,11.914,11.945,11.975,12.003,12.033,12.07,12.099,12.138,12.184,12.217,12.259,12.292,12.33,12.36,12.386,12.418,12.449,12.497,12.525,12.552,12.596,12.622,12.669,12.717,12.759,12.791,12.819,12.856,12.884,12.918,12.955,12.988,13.02,13.054,13.087,13.13,13.16,13.203,13.257,13.299,13.348,13.384,13.436,13.479,13.523,13.584,13.64,13.693,13.765,13.824,13.875,13.953,14.026,14.141,14.212,14.325,14.435,14.557,14.756,14.988,15.354,16.226
354,GRN FP,8.219,9.143,9.536,9.728,9.914,10.054,10.196,10.301,10.391,10.473,10.568,10.632,10.694,10.775,10.876,10.933,10.991,11.041,11.081,11.14,11.181,11.231,11.272,11.324,11.363,11.409,11.46,11.495,11.527,11.566,11.608,11.642,11.68,11.719,11.741,11.779,11.812,11.846,11.882,11.918,11.946,11.992,12.029,12.06,12.089,12.132,12.175,12.213,12.245,12.28,12.323,12.351,12.384,12.405,12.437,12.463,12.493,12.53,12.564,12.595,12.63,12.669,12.702,12.73,12.756,12.798,12.829,12.878,12.915,12.95,12.992,13.02,13.048,13.085,13.113,13.158,13.205,13.254,13.314,13.372,13.417,13.456,13.492,13.547,13.599,13.65,13.685,13.76,13.799,13.874,13.939,14.018,14.121,14.211,14.302,14.44,14.589,14.8,15.023,15.399,16.135
355,GRN FP,8.219,9.143,9.536,9.728,9.914,10.054,10.196,10.301,10.391,10.473,10.568,10.632,10.694,10.775,10.876,10.933,10.991,11.041,11.081,11.14,11.181,11.231,11.272,11.324,11.363,11.409,11.46,11.495,11.527,11.566,11.608,11.642,11.68,11.719,11.741,11.779,11.812,11.846,11.882,11.918,11.946,11.992,12.029,12.06,12.089,12.132,12.175,12.213,12.245,12.28,12.323,12.351,12.384,12.405,12.437,12.463,12.493,12.53,12.564,12.595,12.63,12.669,12.702,12.73,12.756,12.798,12.829,12.878,12.915,12.95,12.992,13.02,13.048,13.085,13.113,13.158,13.205,13.254,13.314,13.372,13.417,13.456,13.492,13.547,13.599,13.65,13.685,13.76,13.799,13.874,13.939,14.018,14.121,14.211,14.302,14.44,14.589,14.8,15.023,15.399,16.135
356,GRN FP,8.248,9.1,9.572,9.75,9.896,10.051,10.188,10.289,10.398,10.492,10.576,10.662,10.738,10.832,10.895,10.942,11.008,11.07,11.127,11.177,11.22,11.265,11.317,11.362,11.401,11.434,11.483,11.53,11.561,11.605,11.658,11.695,11.726,11.758,11.787,11.821,11.849,11.879,11.911,11.944,11.976,12.011,12.045,12.074,12.105,12.14,12.174,12.203,12.236,12.27,12.301,12.341,12.38,12.414,12.452,12.482,12.515,12.549,12.593,12.622,12.651,12.684,12.718,12.74,12.787,12.811,12.845,12.884,12.914,12.938,12.977,13.013,13.048,13.08,13.119,13.159,13.197,13.247,13.296,13.351,13.404,13.437,13.497,13.54,13.596,13.658,13.713,13.77,13.841,13.924,14.0,14.067,14.141,14.246,14.314,14.459,14.572,14.789,15.082,15.398,16.109
357,GRN FP,8.248,9.1,9.572,9.75,9.896,10.051,10.188,10.289,10.398,10.492,10.576,10.662,10.738,10.832,10.895,10.942,11.008,11.07,11.127,11.177,11.22,11.265,11.317,11.362,11.401,11.434,11.483,11.53,11.561,11.605,11.658,11.695,11.726,11.758,11.787,11.821,11.849,11.879,11.911,11.944,11.976,12.011,12.045,12.074,12.105,12.14,12.174,12.203,12.236,12.27,12.301,12.341,12.38,12.414,12.452,12.482,12.515,12.549,12.593,12.622,12.651,12.684,12.718,12.74,12.787,12.811,12.845,12.884,12.914,12.938,12.977,13.013,13.048,13.08,13.119,13.159,13.197,13.247,13.296,13.351,13.404,13.437,13.497,13.54,13.596,13.658,13.713,13.77,13.841,13.924,14.0,14.067,14.141,14.246,14.314,14.459,14.572,14.789,15.082,15.398,16.109
358,GRN FP,8.253,9.196,9.558,9.815,9.963,10.094,10.23,10.334,10.441,10.53,10.588,10.654,10.726,10.801,10.886,10.941,10.992,11.047,11.088,11.142,11.196,11.257,11.296,11.339,11.38,11.447,11.48,11.52,11.569,11.606,11.645,11.688,11.719,11.767,11.805,11.838,11.877,11.908,11.944,11.98,12.003,12.034,12.057,12.084,12.119,12.157,12.178,12.212,12.247,12.277,12.308,12.339,12.379,12.403,12.435,12.459,12.49,12.524,12.553,12.588,12.623,12.652,12.681,12.71,12.748,12.782,12.83,12.861,12.892,12.921,12.965,13.002,13.035,13.078,13.113,13.16,13.199,13.236,13.284,13.333,13.383,13.448,13.516,13.568,13.618,13.656,13.725,13.798,13.848,13.915,13.995,14.07,14.154,14.238,14.332,14.441,14.57,14.762,14.945,15.328,16.184
359,GRN FP,8.253,9.196,9.558,9.815,9.963,10.094,10.23,10.334,10.441,10.53,10.588,10.654,10.726,10.801,10.886,10.941,10.992,11.047,11.088,11.142,11.196,11.257,11.296,11.339,11.38,11.447,11.48,11.52,11.569,11.606,11.645,11.688,11.719,11.767,11.805,11.838,11.877,11.908,11.944,11.98,12.003,12.034,12.057,12.084,12.119,12.157,12.178,12.212,12.247,12.277,12.308,12.339,12.379,12.403,12.435,12.459,12.49,12.524,12.553,12.588,12.623,12.652,12.681,12.71,12.748,12.782,12.83,12.861,12.892,12.921,12.965,13.002,13.035,13.078,13.113,13.16,13.199,13.236,13.284,13.333,13.383,13.448,13.516,13.568,13.618,13.656,13.725,13.798,13.848,13.915,13.995,14.07,14.154,14.238,14.332,14.441,14.57,14.762,14.945,15.328,16.184
360,GRN FP,8.256,9.249,9.628,9.877,10.033,10.196,10.295,10.386,10.484,10.565,10.634,10.703,10.768,10.829,10.889,10.957,11.001,11.046,11.101,11.162,11.219,11.28,11.319,11.354,11.395,11.431,11.464,11.513,11.549,11.592,11.633,11.669,11.704,11.747,11.787,11.824,11.864,11.901,11.934,11.966,12.011,12.042,12.076,12.109,12.138,12.165,12.189,12.214,12.256,12.291,12.324,12.356,12.383,12.408,12.441,12.478,12.507,12.543,12.568,12.605,12.638,12.664,12.707,12.737,12.765,12.793,12.83,12.876,12.92,12.949,12.981,13.01,13.044,13.088,13.119,13.159,13.198,13.238,13.274,13.319,13.376,13.434,13.482,13.535,13.585,13.632,13.688,13.77,13.818,13.907,13.984,14.069,14.158,14.272,14.35,14.479,14.627,14.72,14.909,15.319,16.042
361,GRN FP,8.256,9.249,9.628,9.877,10.033,10.196,10.295,10.386,10.484,10.565,10.634,10.703,10.768,10.829,10.889,10.957,11.001,11.046,11.101,11.162,11.219,11.28,11.319,11.354,11.395,11.431,11.464,11.513,11.549,11.592,11.633,11.669,11.704,11.747,11.787,11.824,11.864,11.901,11.934,11.966,12.011,12.042,12.076,12.109,12.138,12.165,12.189,12.214,12.256,12.291,12.324,12.356,12.383,12.408,12.441,12.478,12.507,12.543,12.568,12.605,12.638,12.664,12.707,12.737,12.765,12.793,12.83,12.876,12.92,12.949,12.981,13.01,13.044,13.088,13.119,13.159,13.198,13.238,13.274,13.319,13.376,13.434,13.482,13.535,13.585,13.632,13.688,13.77,13.818,13.907,13.984,14.069,14.158,14.272,14.35,14.479,14.627,14.72,14.909,15.319,16.042
362,GRN FP,8.242,9.32,9.719,9.956,10.104,10.237,10.351,10.467,10.566,10.633,10.678,10.735,10.804,10.86,10.919,10.986,11.036,11.077,11.137,11.191,11.222,11.278,11.33,11.371,11.414,11.451,11.506,11.54,11.584,11.606,11.639,11.668,11.704,11.743,11.786,11.823,11.861,11.907,11.94,11.965,12.0,12.029,12.065,12.096,12.13,12.166,12.198,12.235,12.272,12.302,12.337,12.368,12.397,12.422,12.451,12.491,12.512,12.541,12.569,12.61,12.635,12.669,12.7,12.736,12.764,12.795,12.836,12.871,12.898,12.931,12.963,13.003,13.044,13.085,13.121,13.151,13.196,13.237,13.272,13.313,13.36,13.42,13.467,13.519,13.577,13.635,13.704,13.771,13.848,13.92,13.992,14.067,14.133,14.226,14.335,14.445,14.569,14.745,14.944,15.413,15.916
363,GRN FP,8.242,9.32,9.719,9.956,10.104,10.237,10.351,10.467,10.566,10.633,10.678,10.735,10.804,10.86,10.919,10.986,11.036,11.077,11.137,11.191,11.222,11.278,11.33,11.371,11.414,11.451,11.506,11.54,11.584,11.606,11.639,11.668,11.704,11.743,11.786,11.823,11.861,11.907,11.94,11.965,12.0,12.029,12.065,12.096,12.13,12.166,12.198,12.235,12.272,12.302,12.337,12.368,12.397,12.422,12.451,12.491,12.512,12.541,12.569,12.61,12.635,12.669,12.7,12.736,12.764,12.795,12.836,12.871,12.898,12.931,12.963,13.003,13.044,13.085,13.121,13.151,13.196,13.237,13.272,13.313,13.36,13.42,13.467,13.519,13.577,13.635,13.704,13.771,13.848,13.92,13.992,14.067,14.133,14.226,14.335,14.445,14.569,14.745,14.944,15.413,15.916
364,GRN FP,8.358,9.396,9.77,9.964,10.117,10.265,10.385,10.499,10.587,10.65,10.721,10.772,10.834,10.904,10.964,11.007,11.049,11.097,11.146,11.193,11.247,11.293,11.337,11.389,11.437,11.47,11.509,11.541,11.577,11.613,11.654,11.688,11.714,11.742,11.787,11.829,11.867,11.906,11.938,11.97,12.002,12.029,12.064,12.1,12.136,12.174,12.198,12.237,12.27,12.305,12.334,12.365,12.396,12.422,12.45,12.477,12.517,12.558,12.599,12.627,12.654,12.683,12.725,12.747,12.776,12.815,12.852,12.889,12.923,12.95,12.988,13.025,13.058,13.092,13.125,13.159,13.207,13.252,13.305,13.35,13.388,13.429,13.471,13.522,13.574,13.625,13.68,13.744,13.834,13.886,13.959,14.035,14.128,14.213,14.328,14.469,14.597,14.771,15.001,15.289,16.011
365,GRN FP,8.358,9.396,9.77,9.964,10.117,10.265,10.385,10.499,10.587,10.65,10.721,10.772,10.834,10.904,10.964,11.007,11.049,11.097,11.146,11.193,11.247,11.293,11.337,11.389,11.437,11.47,11.509,11.541,11.577,11.613,11.654,11.688,11.714,11.742,11.787,11.829,11.867,11.906,11.938,11.97,12.002,12.029,12.064,12.1,12.136,12.174,12.198,12.237,12.27,12.305,12.334,12.365,12.396,12.422,12.45,12.477,12.517,12.558,12.599,12.627,12.654,12.683,12.725,12.747,12.776,12.815,12.852,12.889,12.923,12.95,12.988,13.025,13.058,13.092,13.125,13.159,13.207,13.252,13.305,13.35,13.388,13.429,13.471,13.522,13.574,13.625,13.68,13.744,13.834,13.886,13.959,14.035,14.128,14.213,14.328,14.469,14.597,14.771,15.001,15.289,16.011
366,GRN FP,8.466,9.368,9.738,9.957,10.13,10.292,10.4,10.48,10.574,10.662,10.752,10.811,10.883,10.926,10.972,11.037,11.082,11.127,11.17,11.214,11.251,11.305,11.343,11.392,11.44,11.476,11.517,11.558,11.591,11.624,11.658,11.696,11.742,11.779,11.797,11.83,11.874,11.904,11.936,11.969,12.002,12.034,12.067,12.094,12.121,12.149,12.189,12.22,12.248,12.278,12.321,12.351,12.379,12.406,12.433,12.476,12.506,12.539,12.569,12.603,12.632,12.67,12.702,12.737,12.767,12.801,12.838,12.872,12.905,12.946,12.99,13.027,13.069,13.113,13.16,13.196,13.219,13.261,13.3,13.346,13.375,13.424,13.471,13.521,13.569,13.624,13.677,13.74,13.802,13.878,13.961,14.041,14.142,14.229,14.351,14.474,14.591,14.731,14.931,15.277,15.922
367,GRN FP,8.466,9.368,9.738,9.957,10.13,10.292,10.4,10.48,10.574,10.662,10.752,10.811,10.883,10.926,10.972,11.037,11.082,11.127,11.17,11.214,11.251,11.305,11.343,11.392,11.44,11.476,11.517,11.558,11.591,11.624,11.658,11.696,11.742,11.779,11.797,11.83,11.874,11.904,11.936,11.969,12.002,12.034,12.067,12.094,12.121,12.149,12.189,12.22,12.248,12.278,12.321,12.351,12.379,12.406,12.433,12.476,12.506,12.539,12.569,12.603,12.632,12.67,12.702,12.737,12.767,12.801,12.838,12.872,12.905,12.946,12.99,13.027,13.069,13.113,13.16,13.196,13.219,13.261,13.3,13.346,13.375,13.424,13.471,13.521,13.569,13.624,13.677,13.74,13.802,13.878,13.961,14.041,14.142,14.229,14.351,14.474,14.591,14.731,14.931,15.277,15.922
368,GRN FP,8.476,9.349,9.737,9.996,10.149,10.282,10.398,10.497,10.601,10.676,10.735,10.817,10.891,10.959,11.015,11.07,11.112,11.15,11.181,11.218,11.256,11.297,11.334,11.381,11.419,11.464,11.51,11.542,11.576,11.614,11.651,11.681,11.723,11.756,11.797,11.828,11.855,11.889,11.925,11.951,11.989,12.015,12.047,12.077,12.109,12.143,12.182,12.213,12.248,12.288,12.321,12.354,12.384,12.422,12.454,12.482,12.518,12.553,12.583,12.619,12.641,12.68,12.715,12.76,12.806,12.842,12.88,12.915,12.939,12.968,13.006,13.035,13.069,13.104,13.134,13.175,13.215,13.264,13.306,13.356,13.397,13.447,13.503,13.55,13.602,13.659,13.715,13.768,13.825,13.892,13.956,14.03,14.116,14.196,14.3,14.416,14.592,14.77,15.013,15.335,16.029
369,GRN FP,8.476,9.349,9.737,9.996,10.149,10.282,10.398,10.497,10.601,10.676,10.735,10.817,10.891,10.959,11.015,11.07,11.112,11.15,11.181,11.218,11.256,11.297,11.334,11.381,11.419,11.464,11.51,11.542,11.576,11.614,11.651,11.681,11.723,11.756,11.797,11.828,11.855,11.889,11.925,11.951,11.989,12.015,12.047,12.077,12.109,12.143,12.182,12.213,12.248,12.288,12.321,12.354,12.384,12.422,12.454,12.482,12.518,12.553,12.583,12.619,12.641,12.68,12.715,12.76,12.806,12.842,12.88,12.915,12.939,12.968,13.006,13.035,13.069,13.104,13.134,13.175,13.215,13.264,13.306,13.356,13.397,13.447,13.503,13.55,13.602,13.659,13.715,13.768,13.825,13.892,13.956,14.03,14.116,14.196,14.3,14.416,14.592,14.77,15.013,15.335,16.029
370,GRN FP,8.33,9.47,9.819,10.029,10.186,10.348,10.474,10.576,10.637,10.725,10.796,10.854,10.921,10.984,11.033,11.078,11.114,11.161,11.201,11.249,11.298,11.337,11.374,11.402,11.455,11.495,11.535,11.573,11.601,11.636,11.669,11.703,11.742,11.775,11.811,11.841,11.876,11.905,11.938,11.964,11.991,12.025,12.054,12.093,12.132,12.167,12.206,12.235,12.265,12.294,12.328,12.361,12.399,12.437,12.469,12.499,12.527,12.563,12.598,12.629,12.664,12.7,12.727,12.763,12.796,12.832,12.872,12.899,12.929,12.973,13.018,13.057,13.089,13.118,13.164,13.209,13.252,13.295,13.337,13.383,13.429,13.467,13.506,13.554,13.616,13.663,13.717,13.789,13.837,13.898,13.973,14.038,14.122,14.215,14.327,14.437,14.584,14.729,14.978,15.259,16.046
371,GRN FP,8.33,9.47,9.819,10.029,10.186,10.348,10.474,10.576,10.637,10.725,10.796,10.854,10.921,10.984,11.033,11.078,11.114,11.161,11.201,11.249,11.298,11.337,11.374,11.402,11.455,11.495,11.535,11.573,11.601,11.636,11.669,11.703,11.742,11.775,11.811,11.841,11.876,11.905,11.938,11.964,11.991,12.025,12.054,12.093,12.132,12.167,12.206,12.235,12.265,12.294,12.328,12.361,12.399,12.437,12.469,12.499,12.527,12.563,12.598,12.629,12.664,12.7,12.727,12.763,12.796,12.832,12.872,12.899,12.929,12.973,13.018,13.057,13.089,13.118,13.164,13.209,13.252,13.295,13.337,13.383,13.429,13.467,13.506,13.554,13.616,13.663,13.717,13.789,13.837,13.898,13.973,14.038,14.122,14.215,14.327,14.437,14.584,14.729,14.978,15.259,16.046
372,GRN FP,8.31,9.455,9.865,10.032,10.191,10.363,10.49,10.564,10.658,10.745,10.808,10.876,10.948,10.998,11.047,11.109,11.154,11.184,11.217,11.255,11.305,11.339,11.385,11.414,11.454,11.494,11.535,11.582,11.617,11.658,11.698,11.731,11.77,11.801,11.833,11.861,11.895,11.924,11.955,11.991,12.023,12.055,12.095,12.128,12.158,12.191,12.218,12.242,12.27,12.3,12.337,12.364,12.395,12.432,12.467,12.502,12.533,12.561,12.598,12.643,12.666,12.699,12.736,12.771,12.8,12.831,12.867,12.905,12.942,12.962,13.006,13.052,13.09,13.12,13.161,13.195,13.236,13.274,13.323,13.375,13.428,13.468,13.516,13.561,13.608,13.664,13.718,13.76,13.826,13.901,13.984,14.054,14.138,14.224,14.342,14.457,14.605,14.733,14.964,15.27,16.05
373,GRN FP,8.31,9.455,9.865,10.032,10.191,10.363,10.49,10.564,10.658,10.745,10.808,10.876,10.948,10.998,11.047,11.109,11.154,11.184,11.217,11.255,11.305,11.339,11.385,11.414,11.454,11.494,11.535,11.582,11.617,11.658,11.698,11.731,11.77,11.801,11.833,11.861,11.895,11.924,11.955,11.991,12.023,12.055,12.095,12.128,12.158,12.191,12.218,12.242,12.27,12.3,12.337,12.364,12.395,12.432,12.467,12.502,12.533,12.561,12.598,12.643,12.666,12.699,12.736,12.771,12.8,12.831,12.867,12.905,12.942,12.962,13.006,13.052,13.09,13.12,13.161,13.195,13.236,13.274,13.323,13.375,13.428,13.468,13.516,13.561,13.608,13.664,13.718,13.76,13.826,13.901,13.984,14.054,14.138,14.224,14.342,14.457,14.605,14.733,14.964,15.27,16.05
374,GRN FP,8.481,9.54,9.855,10.109,10.255,10.39,10.484,10.579,10.657,10.742,10.818,10.873,10.942,10.987,11.038,11.093,11.131,11.172,11.22,11.267,11.321,11.366,11.403,11.448,11.481,11.514,11.553,11.599,11.631,11.667,11.698,11.732,11.768,11.799,11.839,11.874,11.91,11.945,11.974,12.008,12.045,12.076,12.11,12.135,12.166,12.198,12.227,12.258,12.287,12.312,12.343,12.368,12.396,12.424,12.453,12.494,12.533,12.568,12.6,12.636,12.677,12.709,12.739,12.773,12.806,12.834,12.864,12.896,12.929,12.963,13.002,13.039,13.086,13.124,13.162,13.209,13.243,13.281,13.325,13.382,13.416,13.463,13.501,13.544,13.609,13.653,13.696,13.766,13.824,13.889,13.964,14.048,14.143,14.229,14.351,14.465,14.562,14.726,14.957,15.27,16.039
375,GRN FP,8.481,9.54,9.855,10.109,10.255,10.39,10.484,10.579,10.657,10.742,10.818,10.873,10.942,10.987,11.038,11.093,11.131,11.172,11.22,11.267,11.321,11.366,11.403,11.448,11.481,11.514,11.553,11.599,11.631,11.667,11.698,11.732,11.768,11.799,11.839,11.874,11.91,11.945,11.974,12.008,12.045,12.076,12.11,12.135,12.166,12.198,12.227,12.258,12.287,12.312,12.343,12.368,12.396,12.424,12.453,12.494,12.533,12.568,12.6,12.636,12.677,12.709,12.739,12.773,12.806,12.834,12.864,12.896,12.929,12.963,13.002,13.039,13.086,13.124,13.162,13.209,13.243,13.281,13.325,13.382,13.416,13.463,13.501,13.544,13.609,13.653,13.696,13.766,13.824,13.889,13.964,14.048,14.143,14.229,14.351,14.465,14.562,14.726,14.957,15.27,16.039
376,GRN FP,8.492,9.609,9.899,10.115,10.274,10.397,10.515,10.588,10.666,10.739,10.823,10.887,10.966,11.017,11.063,11.123,11.159,11.203,11.247,11.294,11.332,11.376,11.409,11.445,11.479,11.528,11.563,11.592,11.622,11.652,11.689,11.72,11.747,11.787,11.824,11.855,11.886,11.916,11.955,11.996,12.027,12.066,12.104,12.14,12.172,12.193,12.229,12.263,12.291,12.315,12.346,12.367,12.397,12.422,12.46,12.49,12.532,12.565,12.598,12.64,12.683,12.72,12.748,12.78,12.813,12.846,12.885,12.919,12.948,12.975,13.005,13.033,13.069,13.11,13.143,13.201,13.253,13.301,13.33,13.377,13.409,13.463,13.497,13.546,13.588,13.642,13.681,13.736,13.799,13.886,13.967,14.039,14.122,14.215,14.309,14.424,14.538,14.695,14.916,15.277,16.06
377,GRN FP,8.492,9.609,9.899,10.115,10.274,10.397,10.515,10.588,10.666,10.739,10.823,10.887,10.966,11.017,11.063,11.123,11.159,11.203,11.247,11.294,11.332,11.376,11.409,11.445,11.479,11.528,11.563,11.592,11.622,11.652,11.689,11.72,11.747,11.787,11.824,11.855,11.886,11.916,11.955,11.996,12.027,12.066,12.104,12.14,12.172,12.193,12.229,12.263,12.291,12.315,12.346,12.367,12.397,12.422,12.46,12.49,12.532,12.565,12.598,12.64,12.683,12.72,12.748,12.78,12.813,12.846,12.885,12.919,12.948,12.975,13.005,13.033,13.069,13.11,13.143,13.201,13.253,13.301,13.33,13.377,13.409,13.463,13.497,13.546,13.588,13.642,13.681,13.736,13.799,13.886,13.967,14.039,14.122,14.215,14.309,14.424,14.538,14.695,14.916,15.277,16.06
378,GRN FP,8.61,9.648,9.927,10.161,10.333,10.445,10.543,10.626,10.72,10.783,10.851,10.908,10.964,11.024,11.072,11.117,11.16,11.209,11.245,11.284,11.338,11.375,11.42,11.47,11.506,11.538,11.574,11.603,11.64,11.674,11.705,11.74,11.771,11.812,11.864,11.897,11.928,11.961,11.987,12.023,12.054,12.09,12.122,12.158,12.189,12.22,12.253,12.286,12.311,12.336,12.368,12.392,12.417,12.453,12.485,12.509,12.535,12.573,12.614,12.645,12.664,12.7,12.734,12.765,12.803,12.835,12.874,12.913,12.949,12.981,13.006,13.044,13.078,13.111,13.147,13.181,13.21,13.249,13.292,13.328,13.371,13.419,13.473,13.514,13.57,13.628,13.684,13.734,13.798,13.863,13.934,14.012,14.112,14.204,14.313,14.419,14.579,14.735,14.922,15.221,16.096
379,GRN FP,8.61,9.648,9.927,10.161,10.333,10.445,10.543,10.626,10.72,10.783,10.851,10.908,10.964,11.024,11.072,11.117,11.16,11.209,11.245,11.284,11.338,11.375,11.42,11.47,11.506,11.538,11.574,11.603,11.64,11.674,11.705,11.74,11.771,11.812,11.864,11.897,11.928,11.961,11.987,12.023,12.054,12.09,12.122,12.158,12.189,12.22,12.253,12.286,12.311,12.336,12.368,12.392,12.417,12.453,12.485,12.509,12.535,12.573,12.614,12.645,12.664,12.7,12.734,12.765,12.803,12.835,12.874,12.913,12.949,12.981,13.006,13.044,13.078,13.111,13.147,13.181,13.21,13.249,13.292,13.328,13.371,13.419,13.473,13.514,13.57,13.628,13.684,13.734,13.798,13.863,13.934,14.012,14.112,14.204,14.313,14.419,14.579,14.735,14.922,15.221,16.096
380,GRN FP,8.524,9.679,10.027,10.19,10.337,10.461,10.567,10.645,10.714,10.777,10.848,10.909,10.988,11.038,11.092,11.151,11.202,11.237,11.279,11.324,11.364,11.412,11.455,11.497,11.532,11.568,11.608,11.646,11.675,11.714,11.743,11.776,11.803,11.835,11.867,11.895,11.923,11.959,11.989,12.024,12.056,12.083,12.114,12.149,12.179,12.207,12.244,12.27,12.304,12.342,12.373,12.405,12.429,12.462,12.494,12.529,12.556,12.583,12.618,12.651,12.682,12.714,12.748,12.774,12.805,12.845,12.877,12.919,12.949,12.975,13.006,13.046,13.077,13.114,13.156,13.187,13.219,13.26,13.306,13.347,13.391,13.443,13.492,13.531,13.582,13.637,13.692,13.743,13.804,13.872,13.939,14.008,14.112,14.209,14.307,14.428,14.576,14.722,14.952,15.213,15.911
381,GRN FP,8.524,9.679,10.027,10.19,10.337,10.461,10.567,10.645,10.714,10.777,10.848,10.909,10.988,11.038,11.092,11.151,11.202,11.237,11.279,11.324,11.364,11.412,11.455,11.497,11.532,11.568,11.608,11.646,11.675,11.714,11.743,11.776,11.803,11.835,11.867,11.895,11.923,11.959,11.989,12.024,12.056,12.083,12.114,12.149,12.179,12.207,12.244,12.27,12.304,12.342,12.373,12.405,12.429,12.462,12.494,12.529,12.556,12.583,12.618,12.651,12.682,12.714,12.748,12.774,12.805,12.845,12.877,12.919,12.949,12.975,13.006,13.046,13.077,13.114,13.156,13.187,13.219,13.26,13.306,13.347,13.391,13.443,13.492,13.531,13.582,13.637,13.692,13.743,13.804,13.872,13.939,14.008,14.112,14.209,14.307,14.428,14.576,14.722,14.952,15.213,15.911
382,GRN FP,8.55,9.805,10.074,10.241,10.385,10.506,10.601,10.7,10.775,10.848,10.903,10.953,11.012,11.062,11.112,11.163,11.215,11.276,11.327,11.37,11.403,11.439,11.472,11.509,11.538,11.584,11.617,11.661,11.696,11.734,11.771,11.803,11.831,11.87,11.907,11.939,11.974,11.997,12.039,12.071,12.097,12.123,12.15,12.179,12.209,12.243,12.273,12.295,12.322,12.352,12.38,12.415,12.444,12.471,12.499,12.52,12.546,12.577,12.608,12.635,12.668,12.696,12.725,12.757,12.795,12.825,12.863,12.908,12.942,12.972,13.014,13.039,13.076,13.114,13.143,13.187,13.232,13.266,13.3,13.346,13.391,13.43,13.477,13.524,13.583,13.625,13.685,13.74,13.807,13.874,13.938,14.018,14.104,14.204,14.291,14.384,14.503,14.639,14.828,15.273,15.937
383,GRN FP,8.55,9.805,10.074,10.241,10.385,10.506,10.601,10.7,10.775,10.848,10.903,10.953,11.012,11.062,11.112,11.163,11.215,11.276,11.327,11.37,11.403,11.439,11.472,11.509,11.538,11.584,11.617,11.661,11.696,11.734,11.771,11.803,11.831,11.87,11.907,11.939,11.974,11.997,12.039,12.071,12.097,12.123,12.15,12.179,12.209,12.243,12.273,12.295,12.322,12.352,12.38,12.415,12.444,12.471,12.499,12.52,12.546,12.577,12.608,12.635,12.668,12.696,12.725,12.757,12.795,12.825,12.863,12.908,12.942,12.972,13.014,13.039,13.076,13.114,13.143,13.187,13.232,13.266,13.3,13.346,13.391,13.43,13.477,13.524,13.583,13.625,13.685,13.74,13.807,13.874,13.938,14.018,14.104,14.204,14.291,14.384,14.503,14.639,14.828,15.273,15.937
384,GRN FP,9.079,9.764,10.038,10.272,10.43,10.528,10.641,10.733,10.816,10.886,10.953,11.016,11.063,11.121,11.17,11.228,11.264,11.309,11.347,11.389,11.435,11.477,11.505,11.543,11.58,11.621,11.663,11.695,11.727,11.755,11.785,11.819,11.852,11.888,11.914,11.937,11.966,11.995,12.025,12.058,12.09,12.117,12.147,12.184,12.211,12.243,12.268,12.297,12.322,12.356,12.383,12.414,12.441,12.469,12.492,12.529,12.552,12.58,12.614,12.648,12.685,12.717,12.742,12.776,12.816,12.844,12.874,12.899,12.934,12.978,12.997,13.032,13.063,13.091,13.124,13.162,13.196,13.234,13.276,13.332,13.39,13.434,13.47,13.521,13.592,13.66,13.732,13.806,13.872,13.932,13.99,14.058,14.133,14.189,14.287,14.391,14.517,14.678,14.863,15.15,15.948
385,GRN FP,9.079,9.764,10.038,10.272,10.43,10.528,10.641,10.733,10.816,10.886,10.953,11.016,11.063,11.121,11.17,11.228,11.264,11.309,11.347,11.389,11.435,11.477,11.505,11.543,11.58,11.621,11.663,11.695,11.727,11.755,11.785,11.819,11.852,11.888,11.914,11.937,11.966,11.995,12.025,12.058,12.09,12.117,12.147,12.184,12.211,12.243,12.268,12.297,12.322,12.356,12.383,12.414,12.441,12.469,12.492,12.529,12.552,12.58,12.614,12.648,12.685,12.717,12.742,12.776,12.816,12.844,12.874,12.899,12.934,12.978,12.997,13.032,13.063,13.091,13.124,13.162,13.196,13.234,13.276,13.332,13.39,13.434,13.47,13.521,13.592,13.66,13.732,13.806,13.872,13.932,13.99,14.058,14.133,14.189,14.287,14.391,14.517,14.678,14.863,15.15,15.948
386,GRN FP,9.014,9.796,10.137,10.336,10.455,10.588,10.696,10.77,10.838,10.922,10.978,11.034,11.081,11.127,11.191,11.254,11.299,11.34,11.392,11.432,11.478,11.528,11.562,11.598,11.628,11.659,11.685,11.722,11.755,11.79,11.822,11.851,11.88,11.912,11.946,11.983,12.004,12.03,12.063,12.093,12.117,12.138,12.164,12.194,12.223,12.264,12.297,12.316,12.345,12.373,12.399,12.427,12.457,12.482,12.509,12.537,12.566,12.591,12.626,12.656,12.684,12.717,12.75,12.778,12.814,12.844,12.87,12.899,12.936,12.965,12.991,13.028,13.059,13.099,13.134,13.171,13.206,13.251,13.297,13.34,13.401,13.462,13.498,13.533,13.582,13.627,13.696,13.761,13.833,13.888,13.958,14.025,14.097,14.179,14.26,14.354,14.523,14.625,14.83,15.135,15.83
387,GRN FP,9.014,9.796,10.137,10.336,10.455,10.588,10.696,10.77,10.838,10.922,10.978,11.034,11.081,11.127,11.191,11.254,11.299,11.34,11.392,11.432,11.478,11.528,11.562,11.598,11.628,11.659,11.685,11.722,11.755,11.79,11.822,11.851,11.88,11.912,11.946,11.983,12.004,12.03,12.063,12.093,12.117,12.138,12.164,12.194,12.223,12.264,12.297,12.316,12.345,12.373,12.399,12.427,12.457,12.482,12.509,12.537,12.566,12.591,12.626,12.656,12.684,12.717,12.75,12.778,12.814,12.844,12.87,12.899,12.936,12.965,12.991,13.028,13.059,13.099,13.134,13.171,13.206,13.251,13.297,13.34,13.401,13.462,13.498,13.533,13.582,13.627,13.696,13.761,13.833,13.888,13.958,14.025,14.097,14.179,14.26,14.354,14.523,14.625,14.83,15.135,15.83
388,GRN FP,9.091,9.8,10.204,10.377,10.499,10.616,10.686,10.774,10.874,10.953,11.015,11.07,11.12,11.171,11.218,11.278,11.332,11.383,11.423,11.452,11.498,11.537,11.566,11.6,11.625,11.671,11.706,11.741,11.772,11.809,11.836,11.876,11.903,11.936,11.968,11.998,12.032,12.057,12.082,12.104,12.139,12.172,12.205,12.24,12.263,12.281,12.308,12.333,12.364,12.392,12.417,12.45,12.478,12.5,12.532,12.567,12.59,12.617,12.642,12.673,12.702,12.734,12.753,12.776,12.806,12.831,12.853,12.885,12.924,12.959,12.995,13.026,13.062,13.105,13.144,13.174,13.209,13.249,13.279,13.334,13.381,13.414,13.456,13.503,13.559,13.604,13.646,13.705,13.746,13.801,13.868,13.963,14.027,14.093,14.181,14.32,14.467,14.57,14.728,15.021,15.624
389,GRN FP,9.091,9.8,10.204,10.377,10.499,10.616,10.686,10.774,10.874,10.953,11.015,11.07,11.12,11.171,11.218,11.278,11.332,11.383,11.423,11.452,11.498,11.537,11.566,11.6,11.625,11.671,11.706,11.741,11.772,11.809,11.836,11.876,11.903,11.936,11.968,11.998,12.032,12.057,12.082,12.104,12.139,12.172,12.205,12.24,12.263,12.281,12.308,12.333,12.364,12.392,12.417,12.45,12.478,12.5,12.532,12.567,12.59,12.617,12.642,12.673,12.702,12.734,12.753,12.776,12.806,12.831,12.853,12.885,12.924,12.959,12.995,13.026,13.062,13.105,13.144,13.174,13.209,13.249,13.279,13.334,13.381,13.414,13.456,13.503,13.559,13.604,13.646,13.705,13.746,13.801,13.868,13.963,14.027,14.093,14.181,14.32,14.467,14.57,14.728,15.021,15.624
390,GRN FP,9.226,9.976,10.247,10.409,10.527,10.653,10.731,10.814,10.894,10.97,11.037,11.116,11.171,11.22,11.269,11.317,11.36,11.412,11.449,11.479,11.531,11.576,11.611,11.651,11.698,11.729,11.764,11.792,11.832,11.866,11.892,11.923,11.953,11.981,12.008,12.035,12.065,12.091,12.118,12.143,12.17,12.195,12.219,12.241,12.27,12.303,12.329,12.362,12.387,12.42,12.445,12.466,12.491,12.514,12.538,12.558,12.591,12.618,12.645,12.681,12.711,12.739,12.769,12.797,12.83,12.86,12.893,12.928,12.959,12.989,13.02,13.045,13.073,13.103,13.139,13.173,13.219,13.257,13.294,13.326,13.368,13.411,13.444,13.482,13.528,13.576,13.631,13.682,13.733,13.794,13.864,13.932,14.006,14.073,14.175,14.282,14.404,14.503,14.679,14.954,15.64
391,GRN FP,9.226,9.976,10.247,10.409,10.527,10.653,10.731,10.814,10.894,10.97,11.037,11.116,11.171,11.22,11.269,11.317,11.36,11.412,11.449,11.479,11.531,11.576,11.611,11.651,11.698,11.729,11.764,11.792,11.832,11.866,11.892,11.923,11.953,11.981,12.008,12.035,12.065,12.091,12.118,12.143,12.17,12.195,12.219,12.241,12.27,12.303,12.329,12.362,12.387,12.42,12.445,12.466,12.491,12.514,12.538,12.558,12.591,12.618,12.645,12.681,12.711,12.739,12.769,12.797,12.83,12.86,12.893,12.928,12.959,12.989,13.02,13.045,13.073,13.103,13.139,13.173,13.219,13.257,13.294,13.326,13.368,13.411,13.444,13.482,13.528,13.576,13.631,13.682,13.733,13.794,13.864,13.932,14.006,14.073,14.175,14.282,14.404,14.503,14.679,14.954,15.64
392,GRN FP,9.242,10.089,10.325,10.465,10.592,10.71,10.796,10.872,10.964,11.034,11.098,11.155,11.205,11.257,11.314,11.357,11.406,11.451,11.492,11.526,11.554,11.593,11.628,11.668,11.701,11.74,11.775,11.809,11.839,11.874,11.907,11.933,11.964,11.995,12.025,12.054,12.087,12.107,12.128,12.159,12.185,12.21,12.239,12.268,12.298,12.323,12.35,12.379,12.402,12.43,12.454,12.484,12.507,12.538,12.567,12.586,12.617,12.64,12.672,12.702,12.725,12.763,12.79,12.818,12.843,12.867,12.893,12.922,12.95,12.983,13.01,13.039,13.076,13.102,13.139,13.176,13.206,13.237,13.277,13.319,13.358,13.387,13.429,13.468,13.516,13.566,13.621,13.664,13.712,13.769,13.846,13.9,13.967,14.044,14.136,14.222,14.329,14.469,14.653,14.957,15.65
393,GRN FP,9.242,10.089,10.325,10.465,10.592,10.71,10.796,10.872,10.964,11.034,11.098,11.155,11.205,11.257,11.314,11.357,11.406,11.451,11.492,11.526,11.554,11.593,11.628,11.668,11.701,11.74,11.775,11.809,11.839,11.874,11.907,11.933,11.964,11.995,12.025,12.054,12.087,12.107,12.128,12.159,12.185,12.21,12.239,12.268,12.298,12.323,12.35,12.379,12.402,12.43,12.454,12.484,12.507,12.538,12.567,12.586,12.617,12.64,12.672,12.702,12.725,12.763,12.79,12.818,12.843,12.867,12.893,12.922,12.95,12.983,13.01,13.039,13.076,13.102,13.139,13.176,13.206,13.237,13.277,13.319,13.358,13.387,13.429,13.468,13.516,13.566,13.621,13.664,13.712,13.769,13.846,13.9,13.967,14.044,14.136,14.222,14.329,14.469,14.653,14.957,15.65
394,GRN FP,9.395,10.184,10.393,10.544,10.681,10.786,10.908,10.965,11.027,11.098,11.162,11.224,11.269,11.308,11.352,11.387,11.434,11.474,11.518,11.562,11.6,11.631,11.657,11.694,11.726,11.76,11.786,11.822,11.845,11.878,11.906,11.935,11.958,11.992,12.017,12.052,12.084,12.117,12.141,12.165,12.191,12.215,12.241,12.273,12.297,12.324,12.348,12.365,12.392,12.416,12.441,12.473,12.504,12.53,12.56,12.579,12.602,12.626,12.647,12.671,12.697,12.723,12.759,12.789,12.815,12.843,12.869,12.894,12.926,12.954,12.987,13.028,13.064,13.098,13.125,13.152,13.194,13.234,13.27,13.305,13.332,13.37,13.417,13.454,13.506,13.543,13.601,13.658,13.718,13.77,13.829,13.897,13.95,14.019,14.112,14.22,14.343,14.497,14.684,14.89,15.532
395,GRN FP,9.395,10.184,10.393,10.544,10.681,10.786,10.908,10.965,11.027,11.098,11.162,11.224,11.269,11.308,11.352,11.387,11.434,11.474,11.518,11.562,11.6,11.631,11.657,11.694,11.726,11.76,11.786,11.822,11.845,11.878,11.906,11.935,11.958,11.992,12.017,12.052,12.084,12.117,12.141,12.165,12.191,12.215,12.241,12.273,12.297,12.324,12.348,12.365,12.392,12.416,12.441,12.473,12.504,12.53,12.56,12.579,12.602,12.626,12.647,12.671,12.697,12.723,12.759,12.789,12.815,12.843,12.869,12.894,12.926,12.954,12.987,13.028,13.064,13.098,13.125,13.152,13.194,13.234,13.27,13.305,13.332,13.37,13.417,13.454,13.506,13.543,13.601,13.658,13.718,13.77,13.829,13.897,13.95,14.019,14.112,14.22,14.343,14.497,14.684,14.89,15.532
396,GRN FP,9.257,10.266,10.504,10.636,10.751,10.852,10.933,10.996,11.079,11.152,11.212,11.256,11.31,11.355,11.407,11.456,11.493,11.53,11.566,11.601,11.637,11.677,11.715,11.744,11.777,11.803,11.832,11.865,11.894,11.917,11.95,11.977,12.008,12.036,12.062,12.087,12.114,12.15,12.175,12.196,12.219,12.24,12.267,12.292,12.317,12.34,12.362,12.387,12.41,12.434,12.457,12.479,12.512,12.534,12.558,12.584,12.605,12.63,12.655,12.68,12.702,12.729,12.755,12.779,12.813,12.843,12.873,12.9,12.931,12.954,12.982,13.004,13.038,13.07,13.111,13.147,13.182,13.219,13.253,13.285,13.325,13.361,13.399,13.447,13.492,13.547,13.588,13.638,13.68,13.721,13.774,13.828,13.889,13.959,14.051,14.158,14.288,14.431,14.612,14.853,15.402
397,GRN FP,9.257,10.266,10.504,10.636,10.751,10.852,10.933,10.996,11.079,11.152,11.212,11.256,11.31,11.355,11.407,11.456,11.493,11.53,11.566,11.601,11.637,11.677,11.715,11.744,11.777,11.803,11.832,11.865,11.894,11.917,11.95,11.977,12.008,12.036,12.062,12.087,12.114,12.15,12.175,12.196,12.219,12.24,12.267,12.292,12.317,12.34,12.362,12.387,12.41,12.434,12.457,12.479,12.512,12.534,12.558,12.584,12.605,12.63,12.655,12.68,12.702,12.729,12.755,12.779,12.813,12.843,12.873,12.9,12.931,12.954,12.982,13.004,13.038,13.07,13.111,13.147,13.182,13.219,13.253,13.285,13.325,13.361,13.399,13.447,13.492,13.547,13.588,13.638,13.68,13.721,13.774,13.828,13.889,13.959,14.051,14.158,14.288,14.431,14.612,14.853,15.402
398,GRN FP,9.584,10.338,10.569,10.724,10.834,10.939,11.028,11.123,11.184,11.251,11.304,11.353,11.397,11.458,11.497,11.531,11.558,11.59,11.617,11.652,11.687,11.713,11.747,11.78,11.815,11.844,11.871,11.898,11.931,11.96,11.988,12.012,12.037,12.063,12.084,12.113,12.137,12.167,12.189,12.214,12.238,12.259,12.282,12.306,12.325,12.35,12.374,12.4,12.431,12.449,12.47,12.5,12.523,12.549,12.574,12.603,12.626,12.654,12.679,12.699,12.729,12.746,12.762,12.785,12.803,12.827,12.851,12.874,12.903,12.933,12.966,13.005,13.037,13.071,13.099,13.123,13.152,13.19,13.226,13.266,13.298,13.335,13.383,13.425,13.462,13.509,13.548,13.577,13.625,13.666,13.717,13.765,13.826,13.878,14.002,14.094,14.206,14.362,14.517,14.736,15.426
399,GRN FP,9.584,10.338,10.569,10.724,10.834,10.939,11.028,11.123,11.184,11.251,11.304,11.353,11.397,11.458,11.497,11.531,11.558,11.59,11.617,11.652,11.687,11.713,11.747,11.78,11.815,11.844,11.871,11.898,11.931,11.96,11.988,12.012,12.037,12.063,12.084,12.113,12.137,12.167,12.189,12.214,12.238,12.259,12.282,12.306,12.325,12.35,12.374,12.4,12.431,12.449,12.47,12.5,12.523,12.549,12.574,12.603,12.626,12.654,12.679,12.699,12.729,12.746,12.762,12.785,12.803,12.827,12.851,12.874,12.903,12.933,12.966,13.005,13.037,13.071,13.099,13.123,13.152,13.19,13.226,13.266,13.298,13.335,13.383,13.425,13.462,13.509,13.548,13.577,13.625,13.666,13.717,13.765,13.826,13.878,14.002,14.094,14.206,14.362,14.517,14.736,15.426
400,GRN FP,9.478,10.43,10.645,10.825,10.917,11.013,11.081,11.149,11.209,11.279,11.326,11.384,11.431,11.477,11.522,11.567,11.606,11.641,11.67,11.704,11.729,11.76,11.789,11.829,11.863,11.894,11.921,11.945,11.968,11.993,12.016,12.041,12.068,12.088,12.115,12.142,12.171,12.197,12.224,12.252,12.279,12.303,12.324,12.342,12.361,12.386,12.412,12.435,12.462,12.483,12.503,12.524,12.547,12.568,12.59,12.614,12.637,12.658,12.681,12.703,12.719,12.745,12.766,12.796,12.819,12.84,12.862,12.888,12.923,12.954,12.981,13.007,13.035,13.062,13.083,13.119,13.149,13.177,13.212,13.245,13.275,13.304,13.35,13.388,13.421,13.461,13.518,13.563,13.612,13.665,13.714,13.768,13.827,13.883,13.972,14.051,14.135,14.272,14.421,14.691,15.271
401,GRN FP,9.478,10.43,10.645,10.825,10.917,11.013,11.081,11.149,11.209,11.279,11.326,11.384,11.431,11.477,11.522,11.567,11.606,11.641,11.67,11.704,11.729,11.76,11.789,11.829,11.863,11.894,11.921,11.945,11.968,11.993,12.016,12.041,12.068,12.088,12.115,12.142,12.171,12.197,12.224,12.252,12.279,12.303,12.324,12.342,12.361,12.386,12.412,12.435,12.462,12.483,12.503,12.524,12.547,12.568,12.59,12.614,12.637,12.658,12.681,12.703,12.719,12.745,12.766,12.796,12.819,12.84,12.862,12.888,12.923,12.954,12.981,13.007,13.035,13.062,13.083,13.119,13.149,13.177,13.212,13.245,13.275,13.304,13.35,13.388,13.421,13.461,13.518,13.563,13.612,13.665,13.714,13.768,13.827,13.883,13.972,14.051,14.135,14.272,14.421,14.691,15.271
402,GRN FP,9.499,10.377,10.582,10.732,10.833,10.93,11.051,11.11,11.182,11.253,11.314,11.377,11.419,11.453,11.494,11.525,11.556,11.582,11.621,11.661,11.702,11.739,11.773,11.804,11.835,11.855,11.883,11.907,11.937,11.965,11.992,12.018,12.048,12.068,12.09,12.111,12.136,12.161,12.182,12.204,12.228,12.25,12.269,12.293,12.313,12.334,12.358,12.377,12.399,12.425,12.448,12.469,12.495,12.517,12.543,12.562,12.59,12.618,12.638,12.66,12.691,12.722,12.743,12.767,12.795,12.823,12.848,12.879,12.901,12.925,12.954,12.986,13.009,13.042,13.073,13.097,13.119,13.144,13.168,13.194,13.227,13.28,13.311,13.353,13.389,13.428,13.488,13.525,13.568,13.616,13.676,13.738,13.794,13.862,13.942,14.04,14.14,14.24,14.404,14.693,15.637
403,GRN FP,9.499,10.377,10.582,10.732,10.833,10.93,11.051,11.11,11.182,11.253,11.314,11.377,11.419,11.453,11.494,11.525,11.556,11.582,11.621,11.661,11.702,11.739,11.773,11.804,11.835,11.855,11.883,11.907,11.937,11.965,11.992,12.018,12.048,12.068,12.09,12.111,12.136,12.161,12.182,12.204,12.228,12.25,12.269,12.293,12.313,12.334,12.358,12.377,12.399,12.425,12.448,12.469,12.495,12.517,12.543,12.562,12.59,12.618,12.638,12.66,12.691,12.722,12.743,12.767,12.795,12.823,12.848,12.879,12.901,12.925,12.954,12.986,13.009,13.042,13.073,13.097,13.119,13.144,13.168,13.194,13.227,13.28,13.311,13.353,13.389,13.428,13.488,13.525,13.568,13.616,13.676,13.738,13.794,13.862,13.942,14.04,14.14,14.24,14.404,14.693,15.637
404,GRN FP,9.544,10.284,10.558,10.699,10.804,10.898,10.964,11.052,11.122,11.203,11.256,11.306,11.343,11.387,11.428,11.471,11.513,11.55,11.585,11.634,11.662,11.701,11.731,11.756,11.784,11.81,11.844,11.87,11.895,11.919,11.945,11.969,12.001,12.027,12.046,12.071,12.098,12.124,12.15,12.169,12.184,12.206,12.23,12.257,12.282,12.306,12.331,12.357,12.375,12.398,12.423,12.452,12.479,12.5,12.526,12.551,12.573,12.6,12.622,12.644,12.669,12.692,12.709,12.741,12.761,12.787,12.816,12.838,12.868,12.889,12.911,12.936,12.965,12.994,13.021,13.049,13.082,13.108,13.151,13.183,13.211,13.244,13.28,13.314,13.348,13.382,13.414,13.454,13.507,13.559,13.613,13.68,13.741,13.808,13.902,13.971,14.075,14.172,14.371,14.668,15.483
405,GRN FP,9.544,10.284,10.558,10.699,10.804,10.898,10.964,11.052,11.122,11.203,11.256,11.306,11.343,11.387,11.428,11.471,11.513,11.55,11.585,11.634,11.662,11.701,11.731,11.756,11.784,11.81,11.844,11.87,11.895,11.919,11.945,11.969,12.001,12.027,12.046,12.071,12.098,12.124,12.15,12.169,12.184,12.206,12.23,12.257,12.282,12.306,12.331,12.357,12.375,12.398,12.423,12.452,12.479,12.5,12.526,12.551,12.573,12.6,12.622,12.644,12.669,12.692,12.709,12.741,12.761,12.787,12.816,12.838,12.868,12.889,12.911,12.936,12.965,12.994,13.021,13.049,13.082,13.108,13.151,13.183,13.211,13.244,13.28,13.314,13.348,13.382,13.414,13.454,13.507,13.559,13.613,13.68,13.741,13.808,13.902,13.971,14.075,14.172,14.371,14.668,15.483
406,GRN FP,9.484,10.298,10.539,10.65,10.726,10.842,10.929,10.998,11.041,11.104,11.178,11.23,11.277,11.333,11.377,11.409,11.452,11.5,11.535,11.564,11.594,11.632,11.669,11.701,11.735,11.762,11.788,11.818,11.841,11.865,11.893,11.914,11.949,11.974,12.003,12.032,12.057,12.088,12.115,12.144,12.166,12.191,12.215,12.232,12.257,12.286,12.304,12.325,12.347,12.376,12.399,12.425,12.447,12.473,12.498,12.519,12.554,12.576,12.594,12.624,12.644,12.664,12.691,12.711,12.736,12.762,12.794,12.823,12.844,12.871,12.906,12.932,12.948,12.976,13.001,13.039,13.066,13.103,13.133,13.155,13.187,13.214,13.243,13.281,13.322,13.349,13.39,13.434,13.468,13.521,13.582,13.627,13.696,13.757,13.823,13.903,14.011,14.15,14.322,14.613,15.421
407,GRN FP,9.484,10.298,10.539,10.65,10.726,10.842,10.929,10.998,11.041,11.104,11.178,11.23,11.277,11.333,11.377,11.409,11.452,11.5,11.535,11.564,11.594,11.632,11.669,11.701,11.735,11.762,11.788,11.818,11.841,11.865,11.893,11.914,11.949,11.974,12.003,12.032,12.057,12.088,12.115,12.144,12.166,12.191,12.215,12.232,12.257,12.286,12.304,12.325,12.347,12.376,12.399,12.425,12.447,12.473,12.498,12.519,12.554,12.576,12.594,12.624,12.644,12.664,12.691,12.711,12.736,12.762,12.794,12.823,12.844,12.871,12.906,12.932,12.948,12.976,13.001,13.039,13.066,13.103,13.133,13.155,13.187,13.214,13.243,13.281,13.322,13.349,13.39,13.434,13.468,13.521,13.582,13.627,13.696,13.757,13.823,13.903,14.011,14.15,14.322,14.613,15.421
408,GRN FP,9.28,10.241,10.492,10.635,10.757,10.835,10.911,10.975,11.048,11.096,11.171,11.213,11.262,11.31,11.343,11.389,11.43,11.46,11.497,11.534,11.562,11.6,11.635,11.663,11.696,11.733,11.761,11.797,11.825,11.851,11.875,11.901,11.923,11.953,11.984,12.015,12.039,12.068,12.095,12.124,12.146,12.168,12.19,12.213,12.235,12.263,12.29,12.311,12.335,12.355,12.376,12.397,12.417,12.438,12.459,12.479,12.501,12.533,12.556,12.583,12.609,12.628,12.649,12.666,12.692,12.727,12.755,12.781,12.808,12.827,12.846,12.866,12.895,12.92,12.949,12.979,13.005,13.033,13.069,13.096,13.127,13.158,13.187,13.228,13.264,13.301,13.348,13.393,13.438,13.484,13.543,13.598,13.669,13.722,13.793,13.877,13.988,14.152,14.303,14.566,15.352
409,GRN FP,9.28,10.241,10.492,10.635,10.757,10.835,10.911,10.975,11.048,11.096,11.171,11.213,11.262,11.31,11.343,11.389,11.43,11.46,11.497,11.534,11.562,11.6,11.635,11.663,11.696,11.733,11.761,11.797,11.825,11.851,11.875,11.901,11.923,11.953,11.984,12.015,12.039,12.068,12.095,12.124,12.146,12.168,12.19,12.213,12.235,12.263,12.29,12.311,12.335,12.355,12.376,12.397,12.417,12.438,12.459,12.479,12.501,12.533,12.556,12.583,12.609,12.628,12.649,12.666,12.692,12.727,12.755,12.781,12.808,12.827,12.846,12.866,12.895,12.92,12.949,12.979,13.005,13.033,13.069,13.096,13.127,13.158,13.187,13.228,13.264,13.301,13.348,13.393,13.438,13.484,13.543,13.598,13.669,13.722,13.793,13.877,13.988,14.152,14.303,14.566,15.352
410,GRN FP,9.195,10.193,10.481,10.634,10.749,10.828,10.914,10.98,11.042,11.105,11.145,11.195,11.251,11.296,11.343,11.385,11.427,11.464,11.501,11.533,11.57,11.601,11.628,11.665,11.691,11.718,11.747,11.776,11.799,11.826,11.86,11.888,11.917,11.938,11.966,11.986,12.01,12.03,12.062,12.082,12.105,12.126,12.147,12.171,12.191,12.212,12.232,12.255,12.279,12.301,12.323,12.345,12.371,12.392,12.417,12.442,12.464,12.493,12.507,12.528,12.558,12.584,12.611,12.632,12.662,12.684,12.708,12.736,12.765,12.794,12.824,12.846,12.872,12.904,12.933,12.953,12.979,13.009,13.033,13.068,13.1,13.126,13.155,13.187,13.216,13.248,13.293,13.329,13.367,13.421,13.481,13.548,13.603,13.667,13.729,13.829,13.931,14.036,14.218,14.514,15.183
411,GRN FP,9.195,10.193,10.481,10.634,10.749,10.828,10.914,10.98,11.042,11.105,11.145,11.195,11.251,11.296,11.343,11.385,11.427,11.464,11.501,11.533,11.57,11.601,11.628,11.665,11.691,11.718,11.747,11.776,11.799,11.826,11.86,11.888,11.917,11.938,11.966,11.986,12.01,12.03,12.062,12.082,12.105,12.126,12.147,12.171,12.191,12.212,12.232,12.255,12.279,12.301,12.323,12.345,12.371,12.392,12.417,12.442,12.464,12.493,12.507,12.528,12.558,12.584,12.611,12.632,12.662,12.684,12.708,12.736,12.765,12.794,12.824,12.846,12.872,12.904,12.933,12.953,12.979,13.009,13.033,13.068,13.1,13.126,13.155,13.187,13.216,13.248,13.293,13.329,13.367,13.421,13.481,13.548,13.603,13.667,13.729,13.829,13.931,14.036,14.218,14.514,15.183
412,GRN FP,9.544,10.251,10.477,10.624,10.768,10.882,10.959,11.049,11.093,11.15,11.205,11.254,11.306,11.354,11.397,11.444,11.482,11.521,11.556,11.592,11.624,11.665,11.69,11.715,11.751,11.783,11.811,11.842,11.877,11.908,11.937,11.955,11.983,12.01,12.032,12.055,12.083,12.112,12.136,12.168,12.188,12.207,12.228,12.25,12.273,12.299,12.319,12.347,12.366,12.395,12.419,12.444,12.466,12.486,12.512,12.532,12.555,12.583,12.609,12.63,12.654,12.677,12.7,12.723,12.74,12.76,12.784,12.813,12.842,12.87,12.896,12.929,12.949,12.974,13.001,13.026,13.046,13.078,13.101,13.141,13.176,13.212,13.238,13.278,13.32,13.365,13.4,13.452,13.499,13.543,13.592,13.645,13.707,13.781,13.865,13.947,14.045,14.139,14.346,14.69,15.33
413,GRN FP,9.544,10.251,10.477,10.624,10.768,10.882,10.959,11.049,11.093,11.15,11.205,11.254,11.306,11.354,11.397,11.444,11.482,11.521,11.556,11.592,11.624,11.665,11.69,11.715,11.751,11.783,11.811,11.842,11.877,11.908,11.937,11.955,11.983,12.01,12.032,12.055,12.083,12.112,12.136,12.168,12.188,12.207,12.228,12.25,12.273,12.299,12.319,12.347,12.366,12.395,12.419,12.444,12.466,12.486,12.512,12.532,12.555,12.583,12.609,12.63,12.654,12.677,12.7,12.723,12.74,12.76,12.784,12.813,12.842,12.87,12.896,12.929,12.949,12.974,13.001,13.026,13.046,13.078,13.101,13.141,13.176,13.212,13.238,13.278,13.32,13.365,13.4,13.452,13.499,13.543,13.592,13.645,13.707,13.781,13.865,13.947,14.045,14.139,14.346,14.69,15.33
414,GRN FP,9.55,10.266,10.551,10.683,10.806,10.923,11.006,11.073,11.152,11.206,11.277,11.328,11.383,11.427,11.456,11.504,11.543,11.575,11.611,11.643,11.682,11.708,11.731,11.764,11.792,11.827,11.853,11.876,11.903,11.938,11.965,11.995,12.025,12.05,12.076,12.101,12.129,12.158,12.185,12.216,12.249,12.275,12.296,12.318,12.34,12.364,12.385,12.413,12.437,12.467,12.493,12.52,12.546,12.567,12.591,12.61,12.631,12.657,12.676,12.697,12.718,12.741,12.764,12.784,12.812,12.837,12.862,12.882,12.911,12.943,12.97,13.0,13.033,13.057,13.087,13.116,13.148,13.178,13.207,13.242,13.267,13.305,13.337,13.375,13.415,13.451,13.491,13.533,13.575,13.632,13.68,13.728,13.799,13.887,13.972,14.079,14.186,14.282,14.448,14.625,15.314
415,GRN FP,9.55,10.266,10.551,10.683,10.806,10.923,11.006,11.073,11.152,11.206,11.277,11.328,11.383,11.427,11.456,11.504,11.543,11.575,11.611,11.643,11.682,11.708,11.731,11.764,11.792,11.827,11.853,11.876,11.903,11.938,11.965,11.995,12.025,12.05,12.076,12.101,12.129,12.158,12.185,12.216,12.249,12.275,12.296,12.318,12.34,12.364,12.385,12.413,12.437,12.467,12.493,12.52,12.546,12.567,12.591,12.61,12.631,12.657,12.676,12.697,12.718,12.741,12.764,12.784,12.812,12.837,12.862,12.882,12.911,12.943,12.97,13.0,13.033,13.057,13.087,13.116,13.148,13.178,13.207,13.242,13.267,13.305,13.337,13.375,13.415,13.451,13.491,13.533,13.575,13.632,13.68,13.728,13.799,13.887,13.972,14.079,14.186,14.282,14.448,14.625,15.314
416,GRN FP,9.523,10.232,10.564,10.745,10.866,10.968,11.031,11.115,11.19,11.244,11.3,11.353,11.398,11.442,11.501,11.54,11.584,11.621,11.667,11.701,11.742,11.778,11.816,11.844,11.878,11.905,11.94,11.967,11.992,12.023,12.049,12.075,12.108,12.13,12.158,12.184,12.208,12.23,12.254,12.283,12.308,12.329,12.351,12.375,12.4,12.42,12.439,12.464,12.482,12.514,12.534,12.558,12.58,12.606,12.631,12.658,12.681,12.699,12.717,12.748,12.774,12.799,12.824,12.845,12.875,12.899,12.927,12.952,12.977,13.008,13.028,13.055,13.09,13.125,13.153,13.181,13.212,13.243,13.262,13.297,13.332,13.367,13.406,13.442,13.482,13.531,13.557,13.601,13.635,13.702,13.761,13.808,13.877,13.967,14.039,14.118,14.229,14.406,14.545,14.769,15.434
417,GRN FP,9.523,10.232,10.564,10.745,10.866,10.968,11.031,11.115,11.19,11.244,11.3,11.353,11.398,11.442,11.501,11.54,11.584,11.621,11.667,11.701,11.742,11.778,11.816,11.844,11.878,11.905,11.94,11.967,11.992,12.023,12.049,12.075,12.108,12.13,12.158,12.184,12.208,12.23,12.254,12.283,12.308,12.329,12.351,12.375,12.4,12.42,12.439,12.464,12.482,12.514,12.534,12.558,12.58,12.606,12.631,12.658,12.681,12.699,12.717,12.748,12.774,12.799,12.824,12.845,12.875,12.899,12.927,12.952,12.977,13.008,13.028,13.055,13.09,13.125,13.153,13.181,13.212,13.243,13.262,13.297,13.332,13.367,13.406,13.442,13.482,13.531,13.557,13.601,13.635,13.702,13.761,13.808,13.877,13.967,14.039,14.118,14.229,14.406,14.545,14.769,15.434
418,GRN FP,9.692,10.294,10.576,10.786,10.895,10.994,11.094,11.157,11.235,11.299,11.36,11.411,11.458,11.52,11.576,11.626,11.667,11.706,11.749,11.777,11.817,11.853,11.889,11.921,11.947,11.97,11.998,12.024,12.049,12.075,12.1,12.125,12.152,12.187,12.207,12.234,12.257,12.276,12.302,12.328,12.354,12.39,12.408,12.432,12.461,12.489,12.513,12.532,12.561,12.582,12.608,12.631,12.654,12.68,12.702,12.722,12.746,12.769,12.789,12.815,12.842,12.867,12.897,12.923,12.943,12.97,12.995,13.025,13.053,13.085,13.118,13.147,13.172,13.199,13.222,13.256,13.284,13.32,13.349,13.379,13.411,13.451,13.478,13.518,13.545,13.582,13.613,13.661,13.7,13.743,13.814,13.861,13.945,14.02,14.099,14.179,14.303,14.421,14.566,14.84,15.553
419,GRN FP,9.692,10.294,10.576,10.786,10.895,10.994,11.094,11.157,11.235,11.299,11.36,11.411,11.458,11.52,11.576,11.626,11.667,11.706,11.749,11.777,11.817,11.853,11.889,11.921,11.947,11.97,11.998,12.024,12.049,12.075,12.1,12.125,12.152,12.187,12.207,12.234,12.257,12.276,12.302,12.328,12.354,12.39,12.408,12.432,12.461,12.489,12.513,12.532,12.561,12.582,12.608,12.631,12.654,12.68,12.702,12.722,12.746,12.769,12.789,12.815,12.842,12.867,12.897,12.923,12.943,12.97,12.995,13.025,13.053,13.085,13.118,13.147,13.172,13.199,13.222,13.256,13.284,13.32,13.349,13.379,13.411,13.451,13.478,13.518,13.545,13.582,13.613,13.661,13.7,13.743,13.814,13.861,13.945,14.02,14.099,14.179,14.303,14.421,14.566,14.84,15.553
420,GRN FP,9.618,10.322,10.647,10.793,10.962,11.063,11.126,11.205,11.289,11.353,11.406,11.472,11.53,11.588,11.642,11.678,11.722,11.772,11.81,11.84,11.883,11.926,11.956,11.981,12.011,12.04,12.072,12.099,12.131,12.16,12.19,12.217,12.242,12.265,12.289,12.306,12.334,12.358,12.382,12.404,12.429,12.447,12.47,12.492,12.524,12.554,12.582,12.601,12.622,12.645,12.67,12.693,12.713,12.739,12.768,12.792,12.813,12.837,12.864,12.889,12.914,12.941,12.968,13.003,13.028,13.052,13.084,13.11,13.139,13.158,13.191,13.215,13.238,13.275,13.308,13.34,13.367,13.401,13.43,13.459,13.49,13.518,13.553,13.594,13.635,13.671,13.714,13.748,13.792,13.836,13.894,13.947,14.017,14.08,14.169,14.269,14.347,14.491,14.65,14.896,15.652
421,GRN FP,9.618,10.322,10.647,10.793,10.962,11.063,11.126,11.205,11.289,11.353,11.406,11.472,11.53,11.588,11.642,11.678,11.722,11.772,11.81,11.84,11.883,11.926,11.956,11.981,12.011,12.04,12.072,12.099,12.131,12.16,12.19,12.217,12.242,12.265,12.289,12.306,12.334,12.358,12.382,12.404,12.429,12.447,12.47,12.492,12.524,12.554,12.582,12.601,12.622,12.645,12.67,12.693,12.713,12.739,12.768,12.792,12.813,12.837,12.864,12.889,12.914,12.941,12.968,13.003,13.028,13.052,13.084,13.11,13.139,13.158,13.191,13.215,13.238,13.275,13.308,13.34,13.367,13.401,13.43,13.459,13.49,13.518,13.553,13.594,13.635,13.671,13.714,13.748,13.792,13.836,13.894,13.947,14.017,14.08,14.169,14.269,14.347,14.491,14.65,14.896,15.652
422,GRN FP,9.857,10.446,10.747,10.915,11.034,11.129,11.212,11.287,11.366,11.453,11.502,11.551,11.593,11.653,11.691,11.74,11.786,11.837,11.88,11.915,11.95,11.988,12.029,12.056,12.087,12.123,12.147,12.171,12.198,12.222,12.252,12.281,12.307,12.332,12.364,12.387,12.409,12.428,12.456,12.481,12.503,12.53,12.549,12.573,12.603,12.622,12.644,12.669,12.698,12.722,12.746,12.771,12.795,12.825,12.847,12.863,12.894,12.926,12.947,12.969,12.991,13.012,13.04,13.076,13.101,13.124,13.151,13.183,13.212,13.241,13.28,13.312,13.34,13.358,13.39,13.417,13.44,13.477,13.505,13.537,13.572,13.61,13.643,13.675,13.72,13.763,13.798,13.841,13.877,13.918,13.972,14.022,14.08,14.139,14.209,14.313,14.408,14.531,14.7,15.073,15.777
423,GRN FP,9.857,10.446,10.747,10.915,11.034,11.129,11.212,11.287,11.366,11.453,11.502,11.551,11.593,11.653,11.691,11.74,11.786,11.837,11.88,11.915,11.95,11.988,12.029,12.056,12.087,12.123,12.147,12.171,12.198,12.222,12.252,12.281,12.307,12.332,12.364,12.387,12.409,12.428,12.456,12.481,12.503,12.53,12.549,12.573,12.603,12.622,12.644,12.669,12.698,12.722,12.746,12.771,12.795,12.825,12.847,12.863,12.894,12.926,12.947,12.969,12.991,13.012,13.04,13.076,13.101,13.124,13.151,13.183,13.212,13.241,13.28,13.312,13.34,13.358,13.39,13.417,13.44,13.477,13.505,13.537,13.572,13.61,13.643,13.675,13.72,13.763,13.798,13.841,13.877,13.918,13.972,14.022,14.08,14.139,14.209,14.313,14.408,14.531,14.7,15.073,15.777
424,GRN FP,9.943,10.535,10.802,10.926,11.085,11.211,11.303,11.37,11.459,11.519,11.574,11.632,11.689,11.737,11.778,11.826,11.866,11.906,11.951,11.991,12.034,12.079,12.117,12.149,12.174,12.205,12.228,12.247,12.281,12.299,12.32,12.342,12.367,12.392,12.416,12.444,12.476,12.499,12.519,12.541,12.566,12.593,12.625,12.652,12.68,12.705,12.726,12.75,12.773,12.798,12.818,12.846,12.874,12.889,12.916,12.939,12.966,12.992,13.013,13.04,13.068,13.089,13.117,13.142,13.165,13.184,13.213,13.245,13.276,13.3,13.326,13.366,13.398,13.428,13.454,13.489,13.51,13.544,13.568,13.608,13.638,13.675,13.71,13.747,13.782,13.825,13.866,13.908,13.955,14.006,14.039,14.09,14.158,14.218,14.288,14.372,14.48,14.628,14.852,15.166,15.749
425,GRN FP,9.943,10.535,10.802,10.926,11.085,11.211,11.303,11.37,11.459,11.519,11.574,11.632,11.689,11.737,11.778,11.826,11.866,11.906,11.951,11.991,12.034,12.079,12.117,12.149,12.174,12.205,12.228,12.247,12.281,12.299,12.32,12.342,12.367,12.392,12.416,12.444,12.476,12.499,12.519,12.541,12.566,12.593,12.625,12.652,12.68,12.705,12.726,12.75,12.773,12.798,12.818,12.846,12.874,12.889,12.916,12.939,12.966,12.992,13.013,13.04,13.068,13.089,13.117,13.142,13.165,13.184,13.213,13.245,13.276,13.3,13.326,13.366,13.398,13.428,13.454,13.489,13.51,13.544,13.568,13.608,13.638,13.675,13.71,13.747,13.782,13.825,13.866,13.908,13.955,14.006,14.039,14.09,14.158,14.218,14.288,14.372,14.48,14.628,14.852,15.166,15.749
426,GRN FP,9.695,10.423,10.777,10.964,11.112,11.213,11.299,11.38,11.436,11.499,11.569,11.636,11.689,11.736,11.787,11.833,11.871,11.907,11.946,11.994,12.029,12.063,12.1,12.134,12.166,12.2,12.234,12.263,12.29,12.32,12.345,12.367,12.389,12.412,12.435,12.461,12.487,12.509,12.532,12.558,12.583,12.605,12.633,12.658,12.685,12.709,12.726,12.753,12.78,12.803,12.827,12.848,12.873,12.9,12.928,12.957,12.978,13.013,13.032,13.059,13.083,13.109,13.138,13.167,13.189,13.221,13.245,13.274,13.301,13.326,13.358,13.389,13.414,13.441,13.467,13.501,13.538,13.56,13.59,13.638,13.673,13.713,13.742,13.784,13.828,13.866,13.91,13.944,13.992,14.034,14.092,14.169,14.245,14.299,14.37,14.453,14.594,14.748,14.911,15.254,15.83
427,GRN FP,9.695,10.423,10.777,10.964,11.112,11.213,11.299,11.38,11.436,11.499,11.569,11.636,11.689,11.736,11.787,11.833,11.871,11.907,11.946,11.994,12.029,12.063,12.1,12.134,12.166,12.2,12.234,12.263,12.29,12.32,12.345,12.367,12.389,12.412,12.435,12.461,12.487,12.509,12.532,12.558,12.583,12.605,12.633,12.658,12.685,12.709,12.726,12.753,12.78,12.803,12.827,12.848,12.873,12.9,12.928,12.957,12.978,13.013,13.032,13.059,13.083,13.109,13.138,13.167,13.189,13.221,13.245,13.274,13.301,13.326,13.358,13.389,13.414,13.441,13.467,13.501,13.538,13.56,13.59,13.638,13.673,13.713,13.742,13.784,13.828,13.866,13.91,13.944,13.992,14.034,14.092,14.169,14.245,14.299,14.37,14.453,14.594,14.748,14.911,15.254,15.83
428,GRN FP,9.418,10.507,10.745,10.974,11.127,11.222,11.314,11.385,11.442,11.503,11.551,11.604,11.671,11.715,11.768,11.812,11.866,11.9,11.945,11.984,12.023,12.059,12.091,12.126,12.16,12.192,12.215,12.247,12.283,12.31,12.344,12.369,12.396,12.424,12.45,12.475,12.508,12.539,12.56,12.596,12.621,12.644,12.671,12.697,12.719,12.739,12.762,12.782,12.808,12.836,12.857,12.876,12.906,12.93,12.954,12.976,13.003,13.029,13.055,13.081,13.106,13.136,13.158,13.188,13.216,13.242,13.263,13.287,13.319,13.344,13.382,13.41,13.436,13.458,13.486,13.517,13.542,13.579,13.607,13.648,13.676,13.706,13.744,13.786,13.835,13.885,13.925,13.969,14.025,14.073,14.127,14.182,14.257,14.315,14.4,14.506,14.631,14.749,14.959,15.251,16.02
429,GRN FP,9.418,10.507,10.745,10.974,11.127,11.222,11.314,11.385,11.442,11.503,11.551,11.604,11.671,11.715,11.768,11.812,11.866,11.9,11.945,11.984,12.023,12.059,12.091,12.126,12.16,12.192,12.215,12.247,12.283,12.31,12.344,12.369,12.396,12.424,12.45,12.475,12.508,12.539,12.56,12.596,12.621,12.644,12.671,12.697,12.719,12.739,12.762,12.782,12.808,12.836,12.857,12.876,12.906,12.93,12.954,12.976,13.003,13.029,13.055,13.081,13.106,13.136,13.158,13.188,13.216,13.242,13.263,13.287,13.319,13.344,13.382,13.41,13.436,13.458,13.486,13.517,13.542,13.579,13.607,13.648,13.676,13.706,13.744,13.786,13.835,13.885,13.925,13.969,14.025,14.073,14.127,14.182,14.257,14.315,14.4,14.506,14.631,14.749,14.959,15.251,16.02
430,GRN FP,9.619,10.441,10.705,10.887,11.044,11.186,11.287,11.365,11.423,11.489,11.552,11.63,11.672,11.736,11.779,11.82,11.868,11.904,11.932,11.975,12.007,12.05,12.091,12.121,12.147,12.173,12.203,12.231,12.262,12.291,12.32,12.345,12.38,12.409,12.449,12.476,12.497,12.523,12.546,12.574,12.598,12.631,12.662,12.688,12.713,12.744,12.768,12.792,12.82,12.85,12.88,12.906,12.926,12.954,12.977,13.008,13.033,13.06,13.089,13.117,13.14,13.166,13.187,13.216,13.237,13.27,13.299,13.324,13.358,13.389,13.414,13.442,13.473,13.498,13.527,13.553,13.586,13.621,13.653,13.69,13.722,13.765,13.797,13.832,13.865,13.904,13.957,14.015,14.055,14.101,14.149,14.208,14.266,14.335,14.432,14.527,14.643,14.768,14.993,15.296,15.937
431,GRN FP,9.619,10.441,10.705,10.887,11.044,11.186,11.287,11.365,11.423,11.489,11.552,11.63,11.672,11.736,11.779,11.82,11.868,11.904,11.932,11.975,12.007,12.05,12.091,12.121,12.147,12.173,12.203,12.231,12.262,12.291,12.32,12.345,12.38,12.409,12.449,12.476,12.497,12.523,12.546,12.574,12.598,12.631,12.662,12.688,12.713,12.744,12.768,12.792,12.82,12.85,12.88,12.906,12.926,12.954,12.977,13.008,13.033,13.06,13.089,13.117,13.14,13.166,13.187,13.216,13.237,13.27,13.299,13.324,13.358,13.389,13.414,13.442,13.473,13.498,13.527,13.553,13.586,13.621,13.653,13.69,13.722,13.765,13.797,13.832,13.865,13.904,13.957,14.015,14.055,14.101,14.149,14.208,14.266,14.335,14.432,14.527,14.643,14.768,14.993,15.296,15.937
432,GRN FP,9.562,10.446,10.783,10.959,11.066,11.153,11.236,11.324,11.424,11.488,11.555,11.608,11.666,11.714,11.748,11.8,11.839,11.895,11.927,11.965,12.005,12.036,12.071,12.114,12.146,12.182,12.212,12.243,12.269,12.308,12.339,12.363,12.392,12.419,12.448,12.482,12.508,12.536,12.579,12.603,12.645,12.669,12.69,12.712,12.745,12.777,12.801,12.831,12.851,12.872,12.905,12.928,12.95,12.976,12.998,13.029,13.047,13.078,13.109,13.139,13.175,13.2,13.228,13.26,13.283,13.311,13.331,13.359,13.39,13.426,13.447,13.477,13.502,13.539,13.569,13.596,13.624,13.655,13.692,13.723,13.758,13.795,13.832,13.867,13.911,13.955,13.997,14.031,14.097,14.148,14.211,14.261,14.332,14.377,14.44,14.525,14.614,14.754,14.986,15.312,16.024
433,GRN FP,9.562,10.446,10.783,10.959,11.066,11.153,11.236,11.324,11.424,11.488,11.555,11.608,11.666,11.714,11.748,11.8,11.839,11.895,11.927,11.965,12.005,12.036,12.071,12.114,12.146,12.182,12.212,12.243,12.269,12.308,12.339,12.363,12.392,12.419,12.448,12.482,12.508,12.536,12.579,12.603,12.645,12.669,12.69,12.712,12.745,12.777,12.801,12.831,12.851,12.872,12.905,12.928,12.95,12.976,12.998,13.029,13.047,13.078,13.109,13.139,13.175,13.2,13.228,13.26,13.283,13.311,13.331,13.359,13.39,13.426,13.447,13.477,13.502,13.539,13.569,13.596,13.624,13.655,13.692,13.723,13.758,13.795,13.832,13.867,13.911,13.955,13.997,14.031,14.097,14.148,14.211,14.261,14.332,14.377,14.44,14.525,14.614,14.754,14.986,15.312,16.024
434,GRN FP,9.698,10.432,10.761,10.975,11.1,11.198,11.284,11.362,11.426,11.491,11.56,11.617,11.672,11.722,11.776,11.82,11.858,11.893,11.932,11.982,12.02,12.052,12.086,12.117,12.15,12.186,12.222,12.262,12.285,12.319,12.358,12.389,12.423,12.45,12.48,12.509,12.54,12.569,12.598,12.626,12.647,12.676,12.696,12.723,12.749,12.776,12.817,12.849,12.876,12.905,12.931,12.95,12.982,13.009,13.032,13.053,13.077,13.103,13.133,13.161,13.183,13.209,13.233,13.261,13.288,13.318,13.354,13.387,13.409,13.437,13.47,13.506,13.535,13.565,13.599,13.633,13.659,13.687,13.718,13.755,13.783,13.819,13.866,13.897,13.925,13.971,14.018,14.055,14.1,14.169,14.222,14.268,14.337,14.408,14.491,14.6,14.701,14.822,14.979,15.436,16.082
435,GRN FP,9.698,10.432,10.761,10.975,11.1,11.198,11.284,11.362,11.426,11.491,11.56,11.617,11.672,11.722,11.776,11.82,11.858,11.893,11.932,11.982,12.02,12.052,12.086,12.117,12.15,12.186,12.222,12.262,12.285,12.319,12.358,12.389,12.423,12.45,12.48,12.509,12.54,12.569,12.598,12.626,12.647,12.676,12.696,12.723,12.749,12.776,12.817,12.849,12.876,12.905,12.931,12.95,12.982,13.009,13.032,13.053,13.077,13.103,13.133,13.161,13.183,13.209,13.233,13.261,13.288,13.318,13.354,13.387,13.409,13.437,13.47,13.506,13.535,13.565,13.599,13.633,13.659,13.687,13.718,13.755,13.783,13.819,13.866,13.897,13.925,13.971,14.018,14.055,14.1,14.169,14.222,14.268,14.337,14.408,14.491,14.6,14.701,14.822,14.979,15.436,16.082
436,GRN FP,9.481,10.425,10.809,10.964,11.06,11.168,11.309,11.394,11.446,11.517,11.567,11.628,11.687,11.735,11.778,11.812,11.856,11.909,11.962,11.999,12.036,12.082,12.121,12.153,12.186,12.227,12.253,12.288,12.313,12.343,12.384,12.415,12.445,12.472,12.497,12.524,12.558,12.584,12.61,12.643,12.674,12.694,12.726,12.753,12.776,12.811,12.835,12.854,12.878,12.911,12.932,12.954,12.983,13.021,13.04,13.062,13.084,13.11,13.132,13.154,13.178,13.205,13.228,13.258,13.286,13.322,13.355,13.379,13.413,13.442,13.472,13.504,13.536,13.563,13.591,13.623,13.648,13.681,13.715,13.756,13.791,13.827,13.863,13.907,13.946,13.992,14.033,14.079,14.137,14.18,14.23,14.287,14.35,14.424,14.516,14.621,14.705,14.869,15.017,15.423,16.506
437,GRN FP,9.481,10.425,10.809,10.964,11.06,11.168,11.309,11.394,11.446,11.517,11.567,11.628,11.687,11.735,11.778,11.812,11.856,11.909,11.962,11.999,12.036,12.082,12.121,12.153,12.186,12.227,12.253,12.288,12.313,12.343,12.384,12.415,12.445,12.472,12.497,12.524,12.558,12.584,12.61,12.643,12.674,12.694,12.726,12.753,12.776,12.811,12.835,12.854,12.878,12.911,12.932,12.954,12.983,13.021,13.04,13.062,13.084,13.11,13.132,13.154,13.178,13.205,13.228,13.258,13.286,13.322,13.355,13.379,13.413,13.442,13.472,13.504,13.536,13.563,13.591,13.623,13.648,13.681,13.715,13.756,13.791,13.827,13.863,13.907,13.946,13.992,14.033,14.079,14.137,14.18,14.23,14.287,14.35,14.424,14.516,14.621,14.705,14.869,15.017,15.423,16.506
438,GRN FP,9.452,10.494,10.819,10.966,11.09,11.213,11.322,11.394,11.469,11.53,11.597,11.646,11.707,11.756,11.801,11.854,11.9,11.95,11.99,12.027,12.069,12.104,12.14,12.193,12.227,12.259,12.296,12.322,12.348,12.383,12.41,12.439,12.463,12.489,12.521,12.547,12.576,12.605,12.633,12.657,12.682,12.703,12.73,12.762,12.79,12.814,12.85,12.872,12.899,12.92,12.948,12.972,12.998,13.025,13.052,13.083,13.102,13.126,13.149,13.172,13.199,13.22,13.253,13.286,13.319,13.345,13.373,13.397,13.429,13.462,13.495,13.527,13.553,13.588,13.621,13.654,13.691,13.718,13.742,13.774,13.806,13.846,13.894,13.924,13.96,14.004,14.057,14.104,14.156,14.202,14.254,14.317,14.379,14.458,14.538,14.642,14.741,14.887,15.111,15.457,16.265
439,GRN FP,9.452,10.494,10.819,10.966,11.09,11.213,11.322,11.394,11.469,11.53,11.597,11.646,11.707,11.756,11.801,11.854,11.9,11.95,11.99,12.027,12.069,12.104,12.14,12.193,12.227,12.259,12.296,12.322,12.348,12.383,12.41,12.439,12.463,12.489,12.521,12.547,12.576,12.605,12.633,12.657,12.682,12.703,12.73,12.762,12.79,12.814,12.85,12.872,12.899,12.92,12.948,12.972,12.998,13.025,13.052,13.083,13.102,13.126,13.149,13.172,13.199,13.22,13.253,13.286,13.319,13.345,13.373,13.397,13.429,13.462,13.495,13.527,13.553,13.588,13.621,13.654,13.691,13.718,13.742,13.774,13.806,13.846,13.894,13.924,13.96,14.004,14.057,14.104,14.156,14.202,14.254,14.317,14.379,14.458,14.538,14.642,14.741,14.887,15.111,15.457,16.265
440,GRN FP,9.576,10.466,10.823,10.974,11.117,11.227,11.318,11.388,11.457,11.538,11.588,11.651,11.701,11.758,11.809,11.848,11.89,11.923,11.973,12.012,12.061,12.111,12.151,12.188,12.219,12.253,12.283,12.309,12.339,12.369,12.402,12.433,12.459,12.487,12.512,12.546,12.575,12.598,12.623,12.656,12.678,12.701,12.729,12.766,12.794,12.826,12.848,12.874,12.899,12.926,12.947,12.981,13.009,13.036,13.067,13.094,13.111,13.137,13.163,13.187,13.211,13.239,13.261,13.288,13.317,13.351,13.389,13.426,13.447,13.478,13.505,13.537,13.574,13.604,13.633,13.663,13.696,13.728,13.765,13.795,13.829,13.868,13.91,13.956,13.983,14.043,14.09,14.14,14.204,14.256,14.311,14.372,14.435,14.494,14.562,14.656,14.821,14.943,15.136,15.476,16.342
441,GRN FP,9.576,10.466,10.823,10.974,11.117,11.227,11.318,11.388,11.457,11.538,11.588,11.651,11.701,11.758,11.809,11.848,11.89,11.923,11.973,12.012,12.061,12.111,12.151,12.188,12.219,12.253,12.283,12.309,12.339,12.369,12.402,12.433,12.459,12.487,12.512,12.546,12.575,12.598,12.623,12.656,12.678,12.701,12.729,12.766,12.794,12.826,12.848,12.874,12.899,12.926,12.947,12.981,13.009,13.036,13.067,13.094,13.111,13.137,13.163,13.187,13.211,13.239,13.261,13.288,13.317,13.351,13.389,13.426,13.447,13.478,13.505,13.537,13.574,13.604,13.633,13.663,13.696,13.728,13.765,13.795,13.829,13.868,13.91,13.956,13.983,14.043,14.09,14.14,14.204,14.256,14.311,14.372,14.435,14.494,14.562,14.656,14.821,14.943,15.136,15.476,16.342
442,GRN FP,9.741,10.549,10.839,11.018,11.124,11.259,11.374,11.46,11.521,11.594,11.64,11.697,11.746,11.791,11.842,11.881,11.928,11.98,12.023,12.058,12.094,12.131,12.17,12.2,12.239,12.27,12.294,12.322,12.356,12.391,12.42,12.449,12.476,12.5,12.52,12.548,12.565,12.592,12.62,12.647,12.67,12.697,12.73,12.754,12.783,12.814,12.837,12.867,12.897,12.927,12.953,12.982,13.01,13.036,13.067,13.091,13.117,13.15,13.182,13.209,13.228,13.265,13.286,13.315,13.337,13.36,13.394,13.42,13.452,13.481,13.514,13.55,13.579,13.609,13.635,13.666,13.697,13.731,13.773,13.815,13.852,13.905,13.946,13.991,14.032,14.07,14.122,14.171,14.237,14.286,14.344,14.385,14.458,14.557,14.641,14.765,14.881,15.003,15.186,15.492,16.15
443,GRN FP,9.741,10.549,10.839,11.018,11.124,11.259,11.374,11.46,11.521,11.594,11.64,11.697,11.746,11.791,11.842,11.881,11.928,11.98,12.023,12.058,12.094,12.131,12.17,12.2,12.239,12.27,12.294,12.322,12.356,12.391,12.42,12.449,12.476,12.5,12.52,12.548,12.565,12.592,12.62,12.647,12.67,12.697,12.73,12.754,12.783,12.814,12.837,12.867,12.897,12.927,12.953,12.982,13.01,13.036,13.067,13.091,13.117,13.15,13.182,13.209,13.228,13.265,13.286,13.315,13.337,13.36,13.394,13.42,13.452,13.481,13.514,13.55,13.579,13.609,13.635,13.666,13.697,13.731,13.773,13.815,13.852,13.905,13.946,13.991,14.032,14.07,14.122,14.171,14.237,14.286,14.344,14.385,14.458,14.557,14.641,14.765,14.881,15.003,15.186,15.492,16.15
444,GRN FP,9.903,10.55,10.822,11.013,11.149,11.292,11.378,11.44,11.523,11.594,11.648,11.705,11.759,11.809,11.859,11.9,11.943,11.986,12.029,12.083,12.119,12.155,12.193,12.219,12.244,12.271,12.291,12.326,12.355,12.394,12.425,12.451,12.481,12.51,12.542,12.572,12.597,12.621,12.647,12.671,12.701,12.722,12.757,12.783,12.81,12.831,12.855,12.883,12.91,12.937,12.965,12.996,13.022,13.045,13.071,13.095,13.119,13.155,13.193,13.219,13.247,13.269,13.297,13.329,13.357,13.383,13.412,13.443,13.471,13.502,13.533,13.568,13.603,13.631,13.658,13.686,13.718,13.748,13.784,13.829,13.87,13.918,13.975,14.013,14.063,14.117,14.158,14.214,14.268,14.315,14.381,14.444,14.488,14.586,14.656,14.762,14.857,14.968,15.175,15.523,16.311
445,GRN FP,9.903,10.55,10.822,11.013,11.149,11.292,11.378,11.44,11.523,11.594,11.648,11.705,11.759,11.809,11.859,11.9,11.943,11.986,12.029,12.083,12.119,12.155,12.193,12.219,12.244,12.271,12.291,12.326,12.355,12.394,12.425,12.451,12.481,12.51,12.542,12.572,12.597,12.621,12.647,12.671,12.701,12.722,12.757,12.783,12.81,12.831,12.855,12.883,12.91,12.937,12.965,12.996,13.022,13.045,13.071,13.095,13.119,13.155,13.193,13.219,13.247,13.269,13.297,13.329,13.357,13.383,13.412,13.443,13.471,13.502,13.533,13.568,13.603,13.631,13.658,13.686,13.718,13.748,13.784,13.829,13.87,13.918,13.975,14.013,14.063,14.117,14.158,14.214,14.268,14.315,14.381,14.444,14.488,14.586,14.656,14.762,14.857,14.968,15.175,15.523,16.311
446,GRN FP,9.81,10.593,10.908,11.041,11.192,11.298,11.376,11.468,11.536,11.601,11.658,11.719,11.785,11.843,11.889,11.923,11.959,12.01,12.051,12.097,12.13,12.162,12.192,12.228,12.267,12.305,12.334,12.365,12.391,12.419,12.447,12.475,12.497,12.53,12.556,12.584,12.613,12.645,12.669,12.691,12.725,12.752,12.781,12.814,12.837,12.864,12.889,12.911,12.941,12.96,12.986,13.016,13.038,13.063,13.082,13.109,13.145,13.177,13.197,13.224,13.257,13.287,13.324,13.346,13.375,13.408,13.444,13.468,13.497,13.525,13.554,13.595,13.628,13.654,13.683,13.708,13.747,13.776,13.818,13.855,13.888,13.923,13.961,13.995,14.042,14.086,14.146,14.199,14.261,14.322,14.388,14.45,14.51,14.596,14.666,14.753,14.878,15.004,15.197,15.514,16.442
447,GRN FP,9.81,10.593,10.908,11.041,11.192,11.298,11.376,11.468,11.536,11.601,11.658,11.719,11.785,11.843,11.889,11.923,11.959,12.01,12.051,12.097,12.13,12.162,12.192,12.228,12.267,12.305,12.334,12.365,12.391,12.419,12.447,12.475,12.497,12.53,12.556,12.584,12.613,12.645,12.669,12.691,12.725,12.752,12.781,12.814,12.837,12.864,12.889,12.911,12.941,12.96,12.986,13.016,13.038,13.063,13.082,13.109,13.145,13.177,13.197,13.224,13.257,13.287,13.324,13.346,13.375,13.408,13.444,13.468,13.497,13.525,13.554,13.595,13.628,13.654,13.683,13.708,13.747,13.776,13.818,13.855,13.888,13.923,13.961,13.995,14.042,14.086,14.146,14.199,14.261,14.322,14.388,14.45,14.51,14.596,14.666,14.753,14.878,15.004,15.197,15.514,16.442
448,GRN FP,9.993,10.61,10.896,11.067,11.207,11.306,11.413,11.502,11.572,11.646,11.706,11.753,11.806,11.855,11.906,11.953,11.996,12.038,12.064,12.105,12.15,12.179,12.212,12.246,12.274,12.314,12.34,12.375,12.403,12.432,12.462,12.49,12.521,12.542,12.577,12.602,12.629,12.658,12.681,12.711,12.745,12.769,12.793,12.822,12.853,12.888,12.911,12.935,12.958,12.982,13.008,13.032,13.054,13.081,13.098,13.124,13.148,13.179,13.204,13.229,13.27,13.302,13.32,13.347,13.375,13.4,13.431,13.454,13.479,13.511,13.545,13.575,13.619,13.641,13.675,13.713,13.745,13.772,13.805,13.831,13.865,13.915,13.962,14.022,14.066,14.104,14.166,14.22,14.268,14.332,14.39,14.429,14.492,14.575,14.673,14.75,14.837,14.997,15.141,15.433,16.267
449,GRN FP,9.993,10.61,10.896,11.067,11.207,11.306,11.413,11.502,11.572,11.646,11.706,11.753,11.806,11.855,11.906,11.953,11.996,12.038,12.064,12.105,12.15,12.179,12.212,12.246,12.274,12.314,12.34,12.375,12.403,12.432,12.462,12.49,12.521,12.542,12.577,12.602,12.629,12.658,12.681,12.711,12.745,12.769,12.793,12.822,12.853,12.888,12.911,12.935,12.958,12.982,13.008,13.032,13.054,13.081,13.098,13.124,13.148,13.179,13.204,13.229,13.27,13.302,13.32,13.347,13.375,13.4,13.431,13.454,13.479,13.511,13.545,13.575,13.619,13.641,13.675,13.713,13.745,13.772,13.805,13.831,13.865,13.915,13.962,14.022,14.066,14.104,14.166,14.22,14.268,14.332,14.39,14.429,14.492,14.575,14.673,14.75,14.837,14.997,15.141,15.433,16.267
450,GRN FP,9.693,10.732,10.935,11.118,11.29,11.403,11.491,11.576,11.642,11.699,11.744,11.789,11.833,11.873,11.918,11.963,12.004,12.051,12.083,12.113,12.148,12.184,12.232,12.258,12.292,12.328,12.362,12.395,12.421,12.457,12.487,12.514,12.539,12.567,12.594,12.626,12.66,12.683,12.71,12.736,12.761,12.79,12.818,12.85,12.879,12.909,12.943,12.974,12.99,13.012,13.03,13.047,13.08,13.107,13.13,13.158,13.186,13.212,13.245,13.282,13.307,13.327,13.352,13.376,13.4,13.428,13.451,13.485,13.513,13.536,13.563,13.586,13.619,13.655,13.693,13.723,13.757,13.79,13.821,13.868,13.901,13.934,13.959,13.996,14.037,14.081,14.129,14.171,14.236,14.3,14.361,14.428,14.501,14.561,14.637,14.724,14.824,14.978,15.166,15.451,16.285
451,GRN FP,9.693,10.732,10.935,11.118,11.29,11.403,11.491,11.576,11.642,11.699,11.744,11.789,11.833,11.873,11.918,11.963,12.004,12.051,12.083,12.113,12.148,12.184,12.232,12.258,12.292,12.328,12.362,12.395,12.421,12.457,12.487,12.514,12.539,12.567,12.594,12.626,12.66,12.683,12.71,12.736,12.761,12.79,12.818,12.85,12.879,12.909,12.943,12.974,12.99,13.012,13.03,13.047,13.08,13.107,13.13,13.158,13.186,13.212,13.245,13.282,13.307,13.327,13.352,13.376,13.4,13.428,13.451,13.485,13.513,13.536,13.563,13.586,13.619,13.655,13.693,13.723,13.757,13.79,13.821,13.868,13.901,13.934,13.959,13.996,14.037,14.081,14.129,14.171,14.236,14.3,14.361,14.428,14.501,14.561,14.637,14.724,14.824,14.978,15.166,15.451,16.285
452,GRN FP,9.958,10.805,11.051,11.182,11.303,11.392,11.479,11.555,11.625,11.691,11.75,11.816,11.856,11.902,11.953,11.997,12.051,12.098,12.147,12.17,12.194,12.227,12.266,12.298,12.322,12.363,12.4,12.428,12.451,12.48,12.509,12.551,12.581,12.604,12.626,12.656,12.685,12.711,12.734,12.762,12.793,12.814,12.841,12.865,12.888,12.909,12.939,12.97,12.99,13.019,13.048,13.068,13.093,13.12,13.149,13.176,13.203,13.219,13.242,13.265,13.294,13.31,13.328,13.36,13.384,13.418,13.453,13.472,13.504,13.532,13.564,13.593,13.622,13.65,13.683,13.725,13.765,13.803,13.834,13.863,13.891,13.93,13.963,14.007,14.069,14.112,14.162,14.201,14.237,14.316,14.373,14.437,14.514,14.558,14.649,14.729,14.865,14.984,15.166,15.477,16.001
453,GRN FP,9.958,10.805,11.051,11.182,11.303,11.392,11.479,11.555,11.625,11.691,11.75,11.816,11.856,11.902,11.953,11.997,12.051,12.098,12.147,12.17,12.194,12.227,12.266,12.298,12.322,12.363,12.4,12.428,12.451,12.48,12.509,12.551,12.581,12.604,12.626,12.656,12.685,12.711,12.734,12.762,12.793,12.814,12.841,12.865,12.888,12.909,12.939,12.97,12.99,13.019,13.048,13.068,13.093,13.12,13.149,13.176,13.203,13.219,13.242,13.265,13.294,13.31,13.328,13.36,13.384,13.418,13.453,13.472,13.504,13.532,13.564,13.593,13.622,13.65,13.683,13.725,13.765,13.803,13.834,13.863,13.891,13.93,13.963,14.007,14.069,14.112,14.162,14.201,14.237,14.316,14.373,14.437,14.514,14.558,14.649,14.729,14.865,14.984,15.166,15.477,16.001
454,GRN FP,10.028,10.759,11.07,11.236,11.348,11.469,11.541,11.619,11.692,11.746,11.82,11.864,11.901,11.941,11.972,12.016,12.064,12.105,12.149,12.188,12.229,12.262,12.296,12.328,12.36,12.387,12.416,12.451,12.479,12.504,12.539,12.566,12.591,12.627,12.656,12.68,12.704,12.73,12.754,12.78,12.807,12.837,12.857,12.886,12.911,12.936,12.955,12.985,13.012,13.035,13.068,13.091,13.114,13.137,13.17,13.196,13.217,13.239,13.262,13.29,13.309,13.333,13.353,13.377,13.405,13.432,13.452,13.483,13.515,13.547,13.584,13.613,13.646,13.673,13.705,13.734,13.778,13.805,13.84,13.872,13.899,13.94,13.989,14.028,14.074,14.112,14.156,14.211,14.267,14.324,14.388,14.436,14.5,14.554,14.649,14.732,14.861,14.994,15.17,15.498,16.094
455,GRN FP,10.028,10.759,11.07,11.236,11.348,11.469,11.541,11.619,11.692,11.746,11.82,11.864,11.901,11.941,11.972,12.016,12.064,12.105,12.149,12.188,12.229,12.262,12.296,12.328,12.36,12.387,12.416,12.451,12.479,12.504,12.539,12.566,12.591,12.627,12.656,12.68,12.704,12.73,12.754,12.78,12.807,12.837,12.857,12.886,12.911,12.936,12.955,12.985,13.012,13.035,13.068,13.091,13.114,13.137,13.17,13.196,13.217,13.239,13.262,13.29,13.309,13.333,13.353,13.377,13.405,13.432,13.452,13.483,13.515,13.547,13.584,13.613,13.646,13.673,13.705,13.734,13.778,13.805,13.84,13.872,13.899,13.94,13.989,14.028,14.074,14.112,14.156,14.211,14.267,14.324,14.388,14.436,14.5,14.554,14.649,14.732,14.861,14.994,15.17,15.498,16.094
456,GRN FP,10.34,10.954,11.165,11.332,11.458,11.53,11.606,11.678,11.732,11.796,11.849,11.899,11.938,11.976,12.022,12.065,12.102,12.136,12.17,12.216,12.271,12.304,12.332,12.358,12.387,12.42,12.446,12.48,12.512,12.538,12.568,12.597,12.614,12.637,12.66,12.691,12.715,12.746,12.783,12.815,12.837,12.859,12.882,12.905,12.932,12.956,12.983,13.004,13.03,13.054,13.083,13.107,13.13,13.156,13.177,13.2,13.219,13.241,13.264,13.292,13.324,13.35,13.375,13.399,13.427,13.457,13.48,13.508,13.533,13.56,13.591,13.615,13.65,13.683,13.72,13.751,13.786,13.818,13.844,13.88,13.914,13.945,13.987,14.034,14.064,14.106,14.153,14.192,14.245,14.293,14.344,14.396,14.464,14.545,14.622,14.752,14.853,14.969,15.133,15.342,16.086
457,GRN FP,10.34,10.954,11.165,11.332,11.458,11.53,11.606,11.678,11.732,11.796,11.849,11.899,11.938,11.976,12.022,12.065,12.102,12.136,12.17,12.216,12.271,12.304,12.332,12.358,12.387,12.42,12.446,12.48,12.512,12.538,12.568,12.597,12.614,12.637,12.66,12.691,12.715,12.746,12.783,12.815,12.837,12.859,12.882,12.905,12.932,12.956,12.983,13.004,13.03,13.054,13.083,13.107,13.13,13.156,13.177,13.2,13.219,13.241,13.264,13.292,13.324,13.35,13.375,13.399,13.427,13.457,13.48,13.508,13.533,13.56,13.591,13.615,13.65,13.683,13.72,13.751,13.786,13.818,13.844,13.88,13.914,13.945,13.987,14.034,14.064,14.106,14.153,14.192,14.245,14.293,14.344,14.396,14.464,14.545,14.622,14.752,14.853,14.969,15.133,15.342,16.086
458,GRN FP,10.32,10.87,11.144,11.27,11.429,11.503,11.588,11.648,11.714,11.761,11.818,11.863,11.911,11.962,12.007,12.046,12.089,12.129,12.163,12.194,12.236,12.267,12.295,12.333,12.361,12.391,12.424,12.457,12.498,12.535,12.565,12.589,12.612,12.635,12.657,12.685,12.712,12.74,12.766,12.801,12.827,12.851,12.881,12.915,12.953,12.978,13.005,13.027,13.043,13.071,13.102,13.13,13.162,13.189,13.214,13.242,13.266,13.298,13.318,13.341,13.365,13.386,13.408,13.431,13.454,13.473,13.509,13.535,13.563,13.59,13.624,13.65,13.676,13.708,13.741,13.779,13.813,13.85,13.881,13.914,13.946,13.982,14.024,14.069,14.113,14.158,14.204,14.268,14.313,14.376,14.432,14.475,14.539,14.615,14.672,14.763,14.876,15.026,15.191,15.469,16.379
459,GRN FP,10.32,10.87,11.144,11.27,11.429,11.503,11.588,11.648,11.714,11.761,11.818,11.863,11.911,11.962,12.007,12.046,12.089,12.129,12.163,12.194,12.236,12.267,12.295,12.333,12.361,12.391,12.424,12.457,12.498,12.535,12.565,12.589,12.612,12.635,12.657,12.685,12.712,12.74,12.766,12.801,12.827,12.851,12.881,12.915,12.953,12.978,13.005,13.027,13.043,13.071,13.102,13.13,13.162,13.189,13.214,13.242,13.266,13.298,13.318,13.341,13.365,13.386,13.408,13.431,13.454,13.473,13.509,13.535,13.563,13.59,13.624,13.65,13.676,13.708,13.741,13.779,13.813,13.85,13.881,13.914,13.946,13.982,14.024,14.069,14.113,14.158,14.204,14.268,14.313,14.376,14.432,14.475,14.539,14.615,14.672,14.763,14.876,15.026,15.191,15.469,16.379
460,GRN FP,10.196,10.747,11.077,11.24,11.34,11.425,11.501,11.594,11.677,11.757,11.802,11.856,11.906,11.97,12.016,12.067,12.11,12.15,12.192,12.222,12.261,12.296,12.329,12.363,12.396,12.43,12.454,12.485,12.515,12.55,12.582,12.61,12.637,12.676,12.707,12.734,12.765,12.796,12.825,12.855,12.879,12.909,12.936,12.955,12.979,13.004,13.03,13.05,13.079,13.11,13.139,13.163,13.19,13.211,13.232,13.258,13.283,13.307,13.335,13.355,13.383,13.414,13.438,13.459,13.49,13.512,13.541,13.564,13.587,13.626,13.657,13.685,13.715,13.742,13.776,13.798,13.837,13.882,13.917,13.95,14.003,14.045,14.074,14.125,14.169,14.215,14.256,14.308,14.362,14.417,14.475,14.538,14.616,14.691,14.786,14.871,14.971,15.098,15.274,15.549,16.326
461,GRN FP,10.196,10.747,11.077,11.24,11.34,11.425,11.501,11.594,11.677,11.757,11.802,11.856,11.906,11.97,12.016,12.067,12.11,12.15,12.192,12.222,12.261,12.296,12.329,12.363,12.396,12.43,12.454,12.485,12.515,12.55,12.582,12.61,12.637,12.676,12.707,12.734,12.765,12.796,12.825,12.855,12.879,12.909,12.936,12.955,12.979,13.004,13.03,13.05,13.079,13.11,13.139,13.163,13.19,13.211,13.232,13.258,13.283,13.307,13.335,13.355,13.383,13.414,13.438,13.459,13.49,13.512,13.541,13.564,13.587,13.626,13.657,13.685,13.715,13.742,13.776,13.798,13.837,13.882,13.917,13.95,14.003,14.045,14.074,14.125,14.169,14.215,14.256,14.308,14.362,14.417,14.475,14.538,14.616,14.691,14.786,14.871,14.971,15.098,15.274,15.549,16.326
462,GRN FP,10.206,10.735,11.043,11.21,11.316,11.43,11.511,11.591,11.658,11.718,11.777,11.837,11.882,11.922,11.979,12.038,12.076,12.119,12.153,12.201,12.241,12.275,12.313,12.351,12.383,12.417,12.454,12.481,12.51,12.541,12.568,12.598,12.643,12.67,12.697,12.725,12.75,12.788,12.812,12.841,12.871,12.901,12.928,12.963,12.989,13.025,13.057,13.082,13.106,13.13,13.157,13.188,13.215,13.238,13.261,13.29,13.323,13.349,13.371,13.401,13.43,13.455,13.477,13.498,13.524,13.551,13.587,13.609,13.637,13.663,13.693,13.731,13.765,13.792,13.85,13.887,13.913,13.95,13.981,14.017,14.06,14.101,14.134,14.196,14.239,14.297,14.34,14.378,14.429,14.487,14.535,14.592,14.678,14.724,14.795,14.899,15.038,15.179,15.4,15.62,16.553
463,GRN FP,10.206,10.735,11.043,11.21,11.316,11.43,11.511,11.591,11.658,11.718,11.777,11.837,11.882,11.922,11.979,12.038,12.076,12.119,12.153,12.201,12.241,12.275,12.313,12.351,12.383,12.417,12.454,12.481,12.51,12.541,12.568,12.598,12.643,12.67,12.697,12.725,12.75,12.788,12.812,12.841,12.871,12.901,12.928,12.963,12.989,13.025,13.057,13.082,13.106,13.13,13.157,13.188,13.215,13.238,13.261,13.29,13.323,13.349,13.371,13.401,13.43,13.455,13.477,13.498,13.524,13.551,13.587,13.609,13.637,13.663,13.693,13.731,13.765,13.792,13.85,13.887,13.913,13.95,13.981,14.017,14.06,14.101,14.134,14.196,14.239,14.297,14.34,14.378,14.429,14.487,14.535,14.592,14.678,14.724,14.795,14.899,15.038,15.179,15.4,15.62,16.553
464,GRN FP,9.994,10.776,11.011,11.182,11.267,11.409,11.486,11.575,11.662,11.718,11.786,11.831,11.877,11.958,12.002,12.044,12.086,12.125,12.168,12.208,12.245,12.279,12.306,12.338,12.389,12.428,12.46,12.505,12.53,12.555,12.582,12.609,12.636,12.667,12.692,12.714,12.746,12.787,12.813,12.856,12.882,12.902,12.934,12.962,12.99,13.034,13.066,13.093,13.12,13.142,13.17,13.198,13.23,13.261,13.285,13.31,13.347,13.365,13.388,13.42,13.446,13.474,13.499,13.531,13.557,13.596,13.621,13.653,13.686,13.709,13.735,13.773,13.816,13.867,13.896,13.941,13.98,14.018,14.048,14.088,14.121,14.163,14.199,14.23,14.271,14.331,14.371,14.437,14.47,14.525,14.572,14.641,14.7,14.781,14.881,14.975,15.105,15.278,15.473,15.701,16.501
465,GRN FP,9.994,10.776,11.011,11.182,11.267,11.409,11.486,11.575,11.662,11.718,11.786,11.831,11.877,11.958,12.002,12.044,12.086,12.125,12.168,12.208,12.245,12.279,12.306,12.338,12.389,12.428,12.46,12.505,12.53,12.555,12.582,12.609,12.636,12.667,12.692,12.714,12.746,12.787,12.813,12.856,12.882,12.902,12.934,12.962,12.99,13.034,13.066,13.093,13.12,13.142,13.17,13.198,13.23,13.261,13.285,13.31,13.347,13.365,13.388,13.42,13.446,13.474,13.499,13.531,13.557,13.596,13.621,13.653,13.686,13.709,13.735,13.773,13.816,13.867,13.896,13.941,13.98,14.018,14.048,14.088,14.121,14.163,14.199,14.23,14.271,14.331,14.371,14.437,14.47,14.525,14.572,14.641,14.7,14.781,14.881,14.975,15.105,15.278,15.473,15.701,16.501
466,GRN FP,9.942,10.738,10.967,11.134,11.235,11.35,11.459,11.546,11.617,11.697,11.754,11.812,11.87,11.951,12.006,12.055,12.088,12.137,12.183,12.23,12.26,12.289,12.316,12.349,12.392,12.424,12.455,12.485,12.525,12.554,12.591,12.634,12.669,12.698,12.73,12.77,12.792,12.815,12.843,12.875,12.9,12.925,12.951,12.984,13.007,13.03,13.063,13.093,13.125,13.149,13.178,13.211,13.251,13.275,13.302,13.326,13.35,13.39,13.42,13.447,13.469,13.495,13.523,13.552,13.588,13.616,13.647,13.676,13.704,13.739,13.771,13.814,13.851,13.898,13.931,13.971,13.995,14.039,14.079,14.124,14.161,14.21,14.254,14.285,14.332,14.386,14.439,14.484,14.523,14.565,14.635,14.688,14.76,14.837,14.911,15.003,15.126,15.303,15.458,15.753,16.591
467,GRN FP,9.942,10.738,10.967,11.134,11.235,11.35,11.459,11.546,11.617,11.697,11.754,11.812,11.87,11.951,12.006,12.055,12.088,12.137,12.183,12.23,12.26,12.289,12.316,12.349,12.392,12.424,12.455,12.485,12.525,12.554,12.591,12.634,12.669,12.698,12.73,12.77,12.792,12.815,12.843,12.875,12.9,12.925,12.951,12.984,13.007,13.03,13.063,13.093,13.125,13.149,13.178,13.211,13.251,13.275,13.302,13.326,13.35,13.39,13.42,13.447,13.469,13.495,13.523,13.552,13.588,13.616,13.647,13.676,13.704,13.739,13.771,13.814,13.851,13.898,13.931,13.971,13.995,14.039,14.079,14.124,14.161,14.21,14.254,14.285,14.332,14.386,14.439,14.484,14.523,14.565,14.635,14.688,14.76,14.837,14.911,15.003,15.126,15.303,15.458,15.753,16.591
468,GRN FP,9.725,10.668,10.902,11.108,11.246,11.34,11.454,11.55,11.64,11.7,11.764,11.821,11.878,11.942,11.989,12.051,12.096,12.148,12.185,12.22,12.263,12.317,12.357,12.39,12.423,12.463,12.499,12.54,12.571,12.603,12.639,12.668,12.699,12.731,12.758,12.791,12.817,12.84,12.869,12.901,12.925,12.948,12.98,13.005,13.033,13.059,13.089,13.119,13.139,13.168,13.2,13.23,13.254,13.287,13.318,13.348,13.374,13.403,13.437,13.468,13.506,13.535,13.562,13.598,13.62,13.643,13.67,13.697,13.734,13.758,13.795,13.838,13.872,13.909,13.949,13.979,14.017,14.059,14.093,14.136,14.183,14.23,14.29,14.337,14.392,14.444,14.485,14.533,14.582,14.627,14.676,14.75,14.821,14.901,14.97,15.067,15.166,15.324,15.509,15.85,16.703
469,GRN FP,9.725,10.668,10.902,11.108,11.246,11.34,11.454,11.55,11.64,11.7,11.764,11.821,11.878,11.942,11.989,12.051,12.096,12.148,12.185,12.22,12.263,12.317,12.357,12.39,12.423,12.463,12.499,12.54,12.571,12.603,12.639,12.668,12.699,12.731,12.758,12.791,12.817,12.84,12.869,12.901,12.925,12.948,12.98,13.005,13.033,13.059,13.089,13.119,13.139,13.168,13.2,13.23,13.254,13.287,13.318,13.348,13.374,13.403,13.437,13.468,13.506,13.535,13.562,13.598,13.62,13.643,13.67,13.697,13.734,13.758,13.795,13.838,13.872,13.909,13.949,13.979,14.017,14.059,14.093,14.136,14.183,14.23,14.29,14.337,14.392,14.444,14.485,14.533,14.582,14.627,14.676,14.75,14.821,14.901,14.97,15.067,15.166,15.324,15.509,15.85,16.703
470,GRN FP,9.983,10.649,10.936,11.131,11.274,11.39,11.495,11.56,11.648,11.703,11.768,11.829,11.886,11.955,12.01,12.049,12.111,12.155,12.205,12.242,12.277,12.316,12.352,12.393,12.437,12.464,12.494,12.521,12.557,12.602,12.64,12.671,12.709,12.744,12.776,12.808,12.84,12.872,12.899,12.938,12.973,13.004,13.039,13.064,13.089,13.114,13.145,13.168,13.185,13.206,13.227,13.259,13.287,13.314,13.34,13.366,13.399,13.423,13.452,13.481,13.509,13.535,13.562,13.591,13.625,13.664,13.703,13.739,13.78,13.81,13.844,13.876,13.909,13.955,13.996,14.039,14.069,14.103,14.148,14.194,14.227,14.27,14.323,14.368,14.415,14.47,14.509,14.563,14.61,14.673,14.734,14.799,14.879,14.975,15.059,15.178,15.28,15.465,15.673,15.988,17.166
471,GRN FP,9.983,10.649,10.936,11.131,11.274,11.39,11.495,11.56,11.648,11.703,11.768,11.829,11.886,11.955,12.01,12.049,12.111,12.155,12.205,12.242,12.277,12.316,12.352,12.393,12.437,12.464,12.494,12.521,12.557,12.602,12.64,12.671,12.709,12.744,12.776,12.808,12.84,12.872,12.899,12.938,12.973,13.004,13.039,13.064,13.089,13.114,13.145,13.168,13.185,13.206,13.227,13.259,13.287,13.314,13.34,13.366,13.399,13.423,13.452,13.481,13.509,13.535,13.562,13.591,13.625,13.664,13.703,13.739,13.78,13.81,13.844,13.876,13.909,13.955,13.996,14.039,14.069,14.103,14.148,14.194,14.227,14.27,14.323,14.368,14.415,14.47,14.509,14.563,14.61,14.673,14.734,14.799,14.879,14.975,15.059,15.178,15.28,15.465,15.673,15.988,17.166
472,GRN FP,9.65,10.674,10.896,11.128,11.272,11.386,11.482,11.573,11.645,11.715,11.785,11.862,11.917,11.982,12.027,12.08,12.144,12.185,12.225,12.273,12.309,12.351,12.399,12.432,12.472,12.507,12.54,12.573,12.603,12.63,12.665,12.695,12.724,12.752,12.776,12.805,12.835,12.869,12.901,12.933,12.966,12.987,13.009,13.047,13.078,13.105,13.135,13.173,13.203,13.233,13.257,13.289,13.313,13.345,13.378,13.409,13.435,13.46,13.5,13.533,13.567,13.602,13.632,13.658,13.688,13.719,13.754,13.792,13.833,13.874,13.911,13.941,13.965,14.002,14.033,14.063,14.108,14.139,14.181,14.217,14.271,14.317,14.35,14.387,14.444,14.487,14.543,14.604,14.676,14.734,14.795,14.855,14.901,14.981,15.095,15.194,15.347,15.488,15.721,16.069,16.984
473,GRN FP,9.65,10.674,10.896,11.128,11.272,11.386,11.482,11.573,11.645,11.715,11.785,11.862,11.917,11.982,12.027,12.08,12.144,12.185,12.225,12.273,12.309,12.351,12.399,12.432,12.472,12.507,12.54,12.573,12.603,12.63,12.665,12.695,12.724,12.752,12.776,12.805,12.835,12.869,12.901,12.933,12.966,12.987,13.009,13.047,13.078,13.105,13.135,13.173,13.203,13.233,13.257,13.289,13.313,13.345,13.378,13.409,13.435,13.46,13.5,13.533,13.567,13.602,13.632,13.658,13.688,13.719,13.754,13.792,13.833,13.874,13.911,13.941,13.965,14.002,14.033,14.063,14.108,14.139,14.181,14.217,14.271,14.317,14.35,14.387,14.444,14.487,14.543,14.604,14.676,14.734,14.795,14.855,14.901,14.981,15.095,15.194,15.347,15.488,15.721,16.069,16.984
474,GRN FP,9.755,10.64,10.924,11.134,11.264,11.408,11.516,11.626,11.703,11.769,11.821,11.896,11.964,12.013,12.054,12.11,12.158,12.21,12.255,12.295,12.327,12.366,12.4,12.442,12.485,12.513,12.543,12.586,12.613,12.647,12.681,12.711,12.732,12.764,12.795,12.83,12.864,12.896,12.925,12.96,12.996,13.02,13.047,13.076,13.112,13.142,13.166,13.193,13.225,13.256,13.292,13.321,13.349,13.381,13.413,13.437,13.469,13.495,13.539,13.574,13.599,13.627,13.657,13.685,13.715,13.755,13.786,13.824,13.853,13.881,13.915,13.949,13.984,14.022,14.059,14.101,14.137,14.176,14.216,14.254,14.289,14.33,14.374,14.424,14.46,14.512,14.557,14.616,14.695,14.755,14.837,14.903,14.983,15.091,15.171,15.31,15.421,15.548,15.763,16.09,17.036
475,GRN FP,9.755,10.64,10.924,11.134,11.264,11.408,11.516,11.626,11.703,11.769,11.821,11.896,11.964,12.013,12.054,12.11,12.158,12.21,12.255,12.295,12.327,12.366,12.4,12.442,12.485,12.513,12.543,12.586,12.613,12.647,12.681,12.711,12.732,12.764,12.795,12.83,12.864,12.896,12.925,12.96,12.996,13.02,13.047,13.076,13.112,13.142,13.166,13.193,13.225,13.256,13.292,13.321,13.349,13.381,13.413,13.437,13.469,13.495,13.539,13.574,13.599,13.627,13.657,13.685,13.715,13.755,13.786,13.824,13.853,13.881,13.915,13.949,13.984,14.022,14.059,14.101,14.137,14.176,14.216,14.254,14.289,14.33,14.374,14.424,14.46,14.512,14.557,14.616,14.695,14.755,14.837,14.903,14.983,15.091,15.171,15.31,15.421,15.548,15.763,16.09,17.036
476,GRN FP,9.84,10.687,10.994,11.185,11.338,11.467,11.556,11.642,11.707,11.785,11.85,11.908,11.963,12.004,12.062,12.12,12.17,12.226,12.27,12.317,12.35,12.392,12.442,12.477,12.51,12.546,12.59,12.627,12.666,12.7,12.728,12.755,12.793,12.825,12.861,12.896,12.92,12.949,12.974,13.002,13.029,13.059,13.098,13.124,13.151,13.183,13.211,13.237,13.269,13.294,13.327,13.357,13.384,13.411,13.443,13.477,13.502,13.524,13.552,13.588,13.618,13.644,13.667,13.693,13.729,13.769,13.797,13.825,13.858,13.894,13.94,13.976,14.013,14.057,14.1,14.136,14.179,14.226,14.27,14.308,14.341,14.391,14.43,14.474,14.525,14.585,14.638,14.695,14.754,14.806,14.859,14.954,15.023,15.111,15.204,15.321,15.43,15.616,15.803,16.151,17.319
477,GRN FP,9.84,10.687,10.994,11.185,11.338,11.467,11.556,11.642,11.707,11.785,11.85,11.908,11.963,12.004,12.062,12.12,12.17,12.226,12.27,12.317,12.35,12.392,12.442,12.477,12.51,12.546,12.59,12.627,12.666,12.7,12.728,12.755,12.793,12.825,12.861,12.896,12.92,12.949,12.974,13.002,13.029,13.059,13.098,13.124,13.151,13.183,13.211,13.237,13.269,13.294,13.327,13.357,13.384,13.411,13.443,13.477,13.502,13.524,13.552,13.588,13.618,13.644,13.667,13.693,13.729,13.769,13.797,13.825,13.858,13.894,13.94,13.976,14.013,14.057,14.1,14.136,14.179,14.226,14.27,14.308,14.341,14.391,14.43,14.474,14.525,14.585,14.638,14.695,14.754,14.806,14.859,14.954,15.023,15.111,15.204,15.321,15.43,15.616,15.803,16.151,17.319
478,GRN FP,10.087,10.733,11.001,11.168,11.349,11.474,11.604,11.681,11.759,11.826,11.887,11.946,12.02,12.065,12.109,12.148,12.19,12.229,12.267,12.321,12.356,12.397,12.428,12.471,12.515,12.554,12.592,12.633,12.674,12.707,12.745,12.777,12.821,12.856,12.889,12.915,12.949,12.99,13.025,13.053,13.081,13.108,13.138,13.16,13.187,13.218,13.249,13.272,13.297,13.328,13.363,13.393,13.429,13.456,13.491,13.537,13.571,13.605,13.629,13.646,13.681,13.712,13.736,13.767,13.799,13.829,13.857,13.885,13.92,13.953,13.985,14.014,14.052,14.085,14.116,14.162,14.202,14.249,14.294,14.34,14.376,14.421,14.476,14.528,14.583,14.625,14.679,14.736,14.791,14.853,14.923,14.998,15.09,15.161,15.276,15.376,15.497,15.619,15.848,16.191,17.334
479,GRN FP,10.087,10.733,11.001,11.168,11.349,11.474,11.604,11.681,11.759,11.826,11.887,11.946,12.02,12.065,12.109,12.148,12.19,12.229,12.267,12.321,12.356,12.397,12.428,12.471,12.515,12.554,12.592,12.633,12.674,12.707,12.745,12.777,12.821,12.856,12.889,12.915,12.949,12.99,13.025,13.053,13.081,13.108,13.138,13.16,13.187,13.218,13.249,13.272,13.297,13.328,13.363,13.393,13.429,13.456,13.491,13.537,13.571,13.605,13.629,13.646,13.681,13.712,13.736,13.767,13.799,13.829,13.857,13.885,13.92,13.953,13.985,14.014,14.052,14.085,14.116,14.162,14.202,14.249,14.294,14.34,14.376,14.421,14.476,14.528,14.583,14.625,14.679,14.736,14.791,14.853,14.923,14.998,15.09,15.161,15.276,15.376,15.497,15.619,15.848,16.191,17.334
480,GRN FP,10.067,10.688,11.037,11.24,11.375,11.491,11.58,11.682,11.746,11.817,11.888,11.943,12.006,12.062,12.115,12.155,12.215,12.259,12.305,12.339,12.398,12.437,12.478,12.516,12.569,12.605,12.645,12.684,12.721,12.745,12.776,12.81,12.844,12.872,12.9,12.935,12.972,13.003,13.041,13.066,13.097,13.127,13.153,13.185,13.215,13.247,13.271,13.293,13.328,13.365,13.391,13.416,13.448,13.475,13.503,13.532,13.562,13.593,13.625,13.661,13.686,13.718,13.752,13.782,13.819,13.851,13.874,13.9,13.937,13.979,14.016,14.048,14.097,14.141,14.188,14.221,14.253,14.296,14.35,14.389,14.439,14.482,14.527,14.571,14.623,14.675,14.738,14.794,14.856,14.925,14.997,15.056,15.124,15.207,15.31,15.428,15.547,15.718,15.931,16.241,17.024
481,GRN FP,10.067,10.688,11.037,11.24,11.375,11.491,11.58,11.682,11.746,11.817,11.888,11.943,12.006,12.062,12.115,12.155,12.215,12.259,12.305,12.339,12.398,12.437,12.478,12.516,12.569,12.605,12.645,12.684,12.721,12.745,12.776,12.81,12.844,12.872,12.9,12.935,12.972,13.003,13.041,13.066,13.097,13.127,13.153,13.185,13.215,13.247,13.271,13.293,13.328,13.365,13.391,13.416,13.448,13.475,13.503,13.532,13.562,13.593,13.625,13.661,13.686,13.718,13.752,13.782,13.819,13.851,13.874,13.9,13.937,13.979,14.016,14.048,14.097,14.141,14.188,14.221,14.253,14.296,14.35,14.389,14.439,14.482,14.527,14.571,14.623,14.675,14.738,14.794,14.856,14.925,14.997,15.056,15.124,15.207,15.31,15.428,15.547,15.718,15.931,16.241,17.024
482,GRN FP,9.861,10.731,11.093,11.269,11.443,11.564,11.665,11.747,11.806,11.893,11.955,12.014,12.062,12.111,12.165,12.226,12.276,12.317,12.356,12.401,12.439,12.484,12.524,12.562,12.608,12.643,12.676,12.708,12.747,12.781,12.826,12.864,12.893,12.923,12.952,12.985,13.016,13.041,13.071,13.102,13.129,13.165,13.187,13.223,13.256,13.29,13.332,13.359,13.393,13.413,13.443,13.472,13.492,13.514,13.541,13.564,13.592,13.615,13.648,13.673,13.713,13.751,13.779,13.815,13.846,13.875,13.903,13.932,13.975,14.008,14.037,14.067,14.101,14.143,14.185,14.219,14.266,14.309,14.36,14.402,14.451,14.502,14.552,14.605,14.655,14.727,14.782,14.837,14.901,14.962,15.03,15.119,15.205,15.274,15.351,15.453,15.588,15.738,15.929,16.305,17.191
483,GRN FP,9.861,10.731,11.093,11.269,11.443,11.564,11.665,11.747,11.806,11.893,11.955,12.014,12.062,12.111,12.165,12.226,12.276,12.317,12.356,12.401,12.439,12.484,12.524,12.562,12.608,12.643,12.676,12.708,12.747,12.781,12.826,12.864,12.893,12.923,12.952,12.985,13.016,13.041,13.071,13.102,13.129,13.165,13.187,13.223,13.256,13.29,13.332,13.359,13.393,13.413,13.443,13.472,13.492,13.514,13.541,13.564,13.592,13.615,13.648,13.673,13.713,13.751,13.779,13.815,13.846,13.875,13.903,13.932,13.975,14.008,14.037,14.067,14.101,14.143,14.185,14.219,14.266,14.309,14.36,14.402,14.451,14.502,14.552,14.605,14.655,14.727,14.782,14.837,14.901,14.962,15.03,15.119,15.205,15.274,15.351,15.453,15.588,15.738,15.929,16.305,17.191
484,GRN FP,9.939,10.81,11.091,11.304,11.442,11.573,11.658,11.747,11.827,11.9,11.965,12.023,12.089,12.153,12.213,12.25,12.298,12.351,12.396,12.439,12.479,12.52,12.567,12.601,12.639,12.685,12.725,12.76,12.796,12.828,12.858,12.884,12.912,12.944,12.972,13.003,13.034,13.057,13.093,13.122,13.155,13.187,13.219,13.244,13.279,13.303,13.331,13.363,13.396,13.431,13.459,13.491,13.514,13.55,13.581,13.615,13.652,13.674,13.713,13.741,13.771,13.797,13.821,13.855,13.884,13.902,13.929,13.971,14.011,14.038,14.07,14.104,14.147,14.175,14.213,14.247,14.283,14.325,14.376,14.423,14.461,14.502,14.551,14.614,14.67,14.732,14.789,14.84,14.896,14.966,15.052,15.128,15.208,15.298,15.37,15.475,15.616,15.749,16.026,16.312,17.23
485,GRN FP,9.939,10.81,11.091,11.304,11.442,11.573,11.658,11.747,11.827,11.9,11.965,12.023,12.089,12.153,12.213,12.25,12.298,12.351,12.396,12.439,12.479,12.52,12.567,12.601,12.639,12.685,12.725,12.76,12.796,12.828,12.858,12.884,12.912,12.944,12.972,13.003,13.034,13.057,13.093,13.122,13.155,13.187,13.219,13.244,13.279,13.303,13.331,13.363,13.396,13.431,13.459,13.491,13.514,13.55,13.581,13.615,13.652,13.674,13.713,13.741,13.771,13.797,13.821,13.855,13.884,13.902,13.929,13.971,14.011,14.038,14.07,14.104,14.147,14.175,14.213,14.247,14.283,14.325,14.376,14.423,14.461,14.502,14.551,14.614,14.67,14.732,14.789,14.84,14.896,14.966,15.052,15.128,15.208,15.298,15.37,15.475,15.616,15.749,16.026,16.312,17.23
486,GRN FP,9.765,10.67,11.055,11.339,11.491,11.593,11.689,11.772,11.84,11.909,11.973,12.042,12.104,12.161,12.229,12.282,12.324,12.368,12.408,12.448,12.476,12.527,12.564,12.603,12.634,12.672,12.702,12.738,12.781,12.82,12.864,12.898,12.936,12.965,13.001,13.038,13.071,13.1,13.131,13.154,13.191,13.221,13.249,13.281,13.318,13.356,13.387,13.425,13.444,13.473,13.499,13.531,13.559,13.587,13.613,13.652,13.684,13.707,13.732,13.769,13.794,13.814,13.845,13.873,13.902,13.936,13.97,14.003,14.031,14.068,14.087,14.117,14.156,14.188,14.228,14.268,14.318,14.354,14.391,14.433,14.467,14.527,14.565,14.608,14.664,14.726,14.784,14.852,14.917,14.985,15.045,15.123,15.204,15.28,15.379,15.492,15.618,15.777,15.995,16.26,17.32
487,GRN FP,9.765,10.67,11.055,11.339,11.491,11.593,11.689,11.772,11.84,11.909,11.973,12.042,12.104,12.161,12.229,12.282,12.324,12.368,12.408,12.448,12.476,12.527,12.564,12.603,12.634,12.672,12.702,12.738,12.781,12.82,12.864,12.898,12.936,12.965,13.001,13.038,13.071,13.1,13.131,13.154,13.191,13.221,13.249,13.281,13.318,13.356,13.387,13.425,13.444,13.473,13.499,13.531,13.559,13.587,13.613,13.652,13.684,13.707,13.732,13.769,13.794,13.814,13.845,13.873,13.902,13.936,13.97,14.003,14.031,14.068,14.087,14.117,14.156,14.188,14.228,14.268,14.318,14.354,14.391,14.433,14.467,14.527,14.565,14.608,14.664,14.726,14.784,14.852,14.917,14.985,15.045,15.123,15.204,15.28,15.379,15.492,15.618,15.777,15.995,16.26,17.32
488,GRN FP,9.85,10.732,11.127,11.34,11.474,11.624,11.743,11.824,11.903,11.955,12.015,12.077,12.154,12.207,12.247,12.293,12.33,12.372,12.417,12.46,12.496,12.53,12.562,12.596,12.644,12.685,12.72,12.753,12.784,12.83,12.867,12.897,12.936,12.974,13.007,13.033,13.063,13.099,13.143,13.171,13.203,13.235,13.262,13.295,13.329,13.356,13.392,13.421,13.457,13.488,13.514,13.546,13.576,13.603,13.636,13.668,13.702,13.742,13.769,13.796,13.823,13.847,13.878,13.909,13.931,13.962,13.99,14.018,14.043,14.093,14.12,14.143,14.178,14.212,14.244,14.279,14.315,14.352,14.38,14.431,14.473,14.527,14.598,14.646,14.696,14.762,14.821,14.873,14.952,15.011,15.089,15.151,15.224,15.309,15.453,15.561,15.693,15.818,16.007,16.367,17.407
489,GRN FP,9.85,10.732,11.127,11.34,11.474,11.624,11.743,11.824,11.903,11.955,12.015,12.077,12.154,12.207,12.247,12.293,12.33,12.372,12.417,12.46,12.496,12.53,12.562,12.596,12.644,12.685,12.72,12.753,12.784,12.83,12.867,12.897,12.936,12.974,13.007,13.033,13.063,13.099,13.143,13.171,13.203,13.235,13.262,13.295,13.329,13.356,13.392,13.421,13.457,13.488,13.514,13.546,13.576,13.603,13.636,13.668,13.702,13.742,13.769,13.796,13.823,13.847,13.878,13.909,13.931,13.962,13.99,14.018,14.043,14.093,14.12,14.143,14.178,14.212,14.244,14.279,14.315,14.352,14.38,14.431,14.473,14.527,14.598,14.646,14.696,14.762,14.821,14.873,14.952,15.011,15.089,15.151,15.224,15.309,15.453,15.561,15.693,15.818,16.007,16.367,17.407
490,GRN FP,9.839,10.768,11.039,11.293,11.455,11.597,11.706,11.819,11.924,11.984,12.042,12.101,12.156,12.203,12.254,12.306,12.357,12.4,12.437,12.491,12.526,12.57,12.604,12.64,12.68,12.712,12.755,12.795,12.829,12.878,12.907,12.942,12.983,13.011,13.045,13.082,13.11,13.135,13.168,13.205,13.237,13.272,13.305,13.331,13.359,13.383,13.414,13.438,13.469,13.516,13.544,13.576,13.603,13.634,13.659,13.69,13.722,13.75,13.777,13.803,13.841,13.872,13.892,13.921,13.945,13.971,14.003,14.031,14.063,14.099,14.126,14.164,14.211,14.245,14.285,14.323,14.362,14.392,14.433,14.476,14.523,14.572,14.615,14.671,14.719,14.77,14.832,14.89,14.967,15.046,15.109,15.184,15.268,15.375,15.475,15.588,15.712,15.881,16.052,16.384,17.429
491,GRN FP,9.839,10.768,11.039,11.293,11.455,11.597,11.706,11.819,11.924,11.984,12.042,12.101,12.156,12.203,12.254,12.306,12.357,12.4,12.437,12.491,12.526,12.57,12.604,12.64,12.68,12.712,12.755,12.795,12.829,12.878,12.907,12.942,12.983,13.011,13.045,13.082,13.11,13.135,13.168,13.205,13.237,13.272,13.305,13.331,13.359,13.383,13.414,13.438,13.469,13.516,13.544,13.576,13.603,13.634,13.659,13.69,13.722,13.75,13.777,13.803,13.841,13.872,13.892,13.921,13.945,13.971,14.003,14.031,14.063,14.099,14.126,14.164,14.211,14.245,14.285,14.323,14.362,14.392,14.433,14.476,14.523,14.572,14.615,14.671,14.719,14.77,14.832,14.89,14.967,15.046,15.109,15.184,15.268,15.375,15.475,15.588,15.712,15.881,16.052,16.384,17.429
492,GRN FP,9.953,10.808,11.185,11.376,11.479,11.611,11.719,11.828,11.912,11.985,12.045,12.12,12.168,12.229,12.272,12.336,12.391,12.426,12.459,12.504,12.553,12.604,12.659,12.697,12.733,12.769,12.821,12.852,12.893,12.934,12.967,13.004,13.035,13.07,13.107,13.132,13.159,13.188,13.222,13.25,13.273,13.297,13.33,13.36,13.389,13.424,13.46,13.498,13.526,13.552,13.577,13.607,13.642,13.667,13.694,13.715,13.742,13.776,13.806,13.833,13.854,13.885,13.913,13.947,13.976,14.016,14.042,14.073,14.108,14.14,14.176,14.206,14.236,14.278,14.31,14.341,14.372,14.408,14.455,14.505,14.544,14.602,14.644,14.691,14.749,14.812,14.861,14.916,14.955,15.024,15.102,15.193,15.268,15.361,15.486,15.57,15.689,15.799,16.034,16.42,17.35
493,GRN FP,9.953,10.808,11.185,11.376,11.479,11.611,11.719,11.828,11.912,11.985,12.045,12.12,12.168,12.229,12.272,12.336,12.391,12.426,12.459,12.504,12.553,12.604,12.659,12.697,12.733,12.769,12.821,12.852,12.893,12.934,12.967,13.004,13.035,13.07,13.107,13.132,13.159,13.188,13.222,13.25,13.273,13.297,13.33,13.36,13.389,13.424,13.46,13.498,13.526,13.552,13.577,13.607,13.642,13.667,13.694,13.715,13.742,13.776,13.806,13.833,13.854,13.885,13.913,13.947,13.976,14.016,14.042,14.073,14.108,14.14,14.176,14.206,14.236,14.278,14.31,14.341,14.372,14.408,14.455,14.505,14.544,14.602,14.644,14.691,14.749,14.812,14.861,14.916,14.955,15.024,15.102,15.193,15.268,15.361,15.486,15.57,15.689,15.799,16.034,16.42,17.35
494,GRN FP,9.994,10.898,11.197,11.383,11.536,11.656,11.778,11.89,11.959,12.04,12.095,12.161,12.217,12.276,12.325,12.399,12.452,12.5,12.549,12.592,12.641,12.667,12.71,12.751,12.783,12.823,12.862,12.894,12.925,12.963,13.006,13.041,13.071,13.108,13.134,13.163,13.19,13.24,13.275,13.31,13.34,13.365,13.397,13.421,13.448,13.472,13.494,13.53,13.562,13.584,13.612,13.637,13.664,13.696,13.725,13.752,13.78,13.806,13.835,13.864,13.893,13.93,13.958,13.984,14.017,14.043,14.073,14.103,14.127,14.154,14.18,14.211,14.239,14.274,14.303,14.35,14.386,14.427,14.462,14.501,14.543,14.596,14.641,14.681,14.735,14.804,14.863,14.917,14.964,15.039,15.123,15.201,15.274,15.382,15.467,15.545,15.651,15.827,16.036,16.471,17.105
495,GRN FP,9.994,10.898,11.197,11.383,11.536,11.656,11.778,11.89,11.959,12.04,12.095,12.161,12.217,12.276,12.325,12.399,12.452,12.5,12.549,12.592,12.641,12.667,12.71,12.751,12.783,12.823,12.862,12.894,12.925,12.963,13.006,13.041,13.071,13.108,13.134,13.163,13.19,13.24,13.275,13.31,13.34,13.365,13.397,13.421,13.448,13.472,13.494,13.53,13.562,13.584,13.612,13.637,13.664,13.696,13.725,13.752,13.78,13.806,13.835,13.864,13.893,13.93,13.958,13.984,14.017,14.043,14.073,14.103,14.127,14.154,14.18,14.211,14.239,14.274,14.303,14.35,14.386,14.427,14.462,14.501,14.543,14.596,14.641,14.681,14.735,14.804,14.863,14.917,14.964,15.039,15.123,15.201,15.274,15.382,15.467,15.545,15.651,15.827,16.036,16.471,17.105
496,GRN FP,10.027,11.001,11.249,11.434,11.61,11.736,11.821,11.936,12.023,12.112,12.175,12.229,12.29,12.34,12.381,12.427,12.472,12.526,12.579,12.62,12.657,12.712,12.752,12.794,12.85,12.888,12.919,12.946,12.976,13.001,13.035,13.062,13.096,13.125,13.154,13.181,13.218,13.244,13.275,13.31,13.336,13.371,13.409,13.439,13.47,13.503,13.531,13.561,13.587,13.619,13.639,13.664,13.687,13.712,13.743,13.763,13.787,13.822,13.849,13.873,13.899,13.936,13.955,13.987,14.018,14.056,14.082,14.116,14.151,14.185,14.213,14.251,14.286,14.321,14.354,14.382,14.416,14.464,14.501,14.537,14.585,14.633,14.666,14.705,14.747,14.805,14.86,14.914,14.987,15.055,15.14,15.204,15.287,15.385,15.476,15.566,15.676,15.824,16.072,16.407,17.135
497,GRN FP,10.027,11.001,11.249,11.434,11.61,11.736,11.821,11.936,12.023,12.112,12.175,12.229,12.29,12.34,12.381,12.427,12.472,12.526,12.579,12.62,12.657,12.712,12.752,12.794,12.85,12.888,12.919,12.946,12.976,13.001,13.035,13.062,13.096,13.125,13.154,13.181,13.218,13.244,13.275,13.31,13.336,13.371,13.409,13.439,13.47,13.503,13.531,13.561,13.587,13.619,13.639,13.664,13.687,13.712,13.743,13.763,13.787,13.822,13.849,13.873,13.899,13.936,13.955,13.987,14.018,14.056,14.082,14.116,14.151,14.185,14.213,14.251,14.286,14.321,14.354,14.382,14.416,14.464,14.501,14.537,14.585,14.633,14.666,14.705,14.747,14.805,14.86,14.914,14.987,15.055,15.14,15.204,15.287,15.385,15.476,15.566,15.676,15.824,16.072,16.407,17.135
498,GRN FP,10.133,11.03,11.316,11.508,11.633,11.761,11.888,11.958,12.071,12.137,12.191,12.249,12.308,12.375,12.433,12.493,12.544,12.596,12.64,12.669,12.711,12.743,12.791,12.823,12.853,12.889,12.93,12.965,13.009,13.038,13.07,13.103,13.14,13.162,13.19,13.222,13.262,13.301,13.334,13.361,13.391,13.411,13.44,13.465,13.497,13.531,13.557,13.58,13.609,13.638,13.669,13.704,13.728,13.764,13.789,13.812,13.84,13.873,13.898,13.924,13.957,13.982,14.0,14.03,14.059,14.092,14.118,14.148,14.182,14.217,14.246,14.281,14.323,14.353,14.384,14.426,14.473,14.516,14.552,14.591,14.63,14.665,14.703,14.748,14.789,14.844,14.904,14.961,15.017,15.075,15.15,15.22,15.296,15.371,15.441,15.557,15.697,15.852,16.048,16.359,16.911
499,GRN FP,10.133,11.03,11.316,11.508,11.633,11.761,11.888,11.958,12.071,12.137,12.191,12.249,12.308,12.375,12.433,12.493,12.544,12.596,12.64,12.669,12.711,12.743,12.791,12.823,12.853,12.889,12.93,12.965,13.009,13.038,13.07,13.103,13.14,13.162,13.19,13.222,13.262,13.301,13.334,13.361,13.391,13.411,13.44,13.465,13.497,13.531,13.557,13.58,13.609,13.638,13.669,13.704,13.728,13.764,13.789,13.812,13.84,13.873,13.898,13.924,13.957,13.982,14.0,14.03,14.059,14.092,14.118,14.148,14.182,14.217,14.246,14.281,14.323,14.353,14.384,14.426,14.473,14.516,14.552,14.591,14.63,14.665,14.703,14.748,14.789,14.844,14.904,14.961,15.017,15.075,15.15,15.22,15.296,15.371,15.441,15.557,15.697,15.852,16.048,16.359,16.911
500,GRN FP,10.196,11.088,11.379,11.562,11.729,11.837,11.936,12.058,12.134,12.203,12.281,12.344,12.396,12.434,12.48,12.527,12.574,12.616,12.657,12.697,12.732,12.776,12.82,12.862,12.898,12.927,12.962,12.992,13.024,13.06,13.099,13.132,13.169,13.197,13.224,13.253,13.291,13.325,13.355,13.387,13.415,13.446,13.467,13.507,13.533,13.562,13.585,13.613,13.643,13.668,13.693,13.723,13.756,13.777,13.806,13.836,13.865,13.89,13.918,13.949,13.975,13.999,14.039,14.064,14.088,14.111,14.144,14.179,14.206,14.236,14.272,14.307,14.337,14.372,14.4,14.444,14.479,14.509,14.557,14.6,14.636,14.69,14.733,14.771,14.816,14.867,14.924,14.981,15.041,15.1,15.155,15.229,15.305,15.385,15.463,15.581,15.691,15.825,16.024,16.342,17.049
501,GRN FP,10.196,11.088,11.379,11.562,11.729,11.837,11.936,12.058,12.134,12.203,12.281,12.344,12.396,12.434,12.48,12.527,12.574,12.616,12.657,12.697,12.732,12.776,12.82,12.862,12.898,12.927,12.962,12.992,13.024,13.06,13.099,13.132,13.169,13.197,13.224,13.253,13.291,13.325,13.355,13.387,13.415,13.446,13.467,13.507,13.533,13.562,13.585,13.613,13.643,13.668,13.693,13.723,13.756,13.777,13.806,13.836,13.865,13.89,13.918,13.949,13.975,13.999,14.039,14.064,14.088,14.111,14.144,14.179,14.206,14.236,14.272,14.307,14.337,14.372,14.4,14.444,14.479,14.509,14.557,14.6,14.636,14.69,14.733,14.771,14.816,14.867,14.924,14.981,15.041,15.1,15.155,15.229,15.305,15.385,15.463,15.581,15.691,15.825,16.024,16.342,17.049
502,GRN FP,10.482,11.094,11.439,11.631,11.81,11.92,12.03,12.108,12.177,12.236,12.32,12.377,12.444,12.5,12.548,12.582,12.632,12.666,12.713,12.757,12.8,12.832,12.867,12.907,12.94,12.978,13.016,13.05,13.08,13.108,13.135,13.164,13.201,13.227,13.254,13.29,13.319,13.346,13.379,13.404,13.429,13.462,13.489,13.517,13.538,13.575,13.6,13.621,13.649,13.678,13.704,13.729,13.758,13.796,13.821,13.853,13.881,13.908,13.944,13.975,14.002,14.029,14.053,14.087,14.116,14.145,14.172,14.204,14.23,14.264,14.292,14.323,14.353,14.392,14.421,14.458,14.503,14.543,14.588,14.627,14.671,14.709,14.757,14.801,14.841,14.909,14.964,15.012,15.062,15.116,15.175,15.239,15.317,15.387,15.472,15.598,15.677,15.831,16.03,16.266,17.258
503,GRN FP,10.482,11.094,11.439,11.631,11.81,11.92,12.03,12.108,12.177,12.236,12.32,12.377,12.444,12.5,12.548,12.582,12.632,12.666,12.713,12.757,12.8,12.832,12.867,12.907,12.94,12.978,13.016,13.05,13.08,13.108,13.135,13.164,13.201,13.227,13.254,13.29,13.319,13.346,13.379,13.404,13.429,13.462,13.489,13.517,13.538,13.575,13.6,13.621,13.649,13.678,13.704,13.729,13.758,13.796,13.821,13.853,13.881,13.908,13.944,13.975,14.002,14.029,14.053,14.087,14.116,14.145,14.172,14.204,14.23,14.264,14.292,14.323,14.353,14.392,14.421,14.458,14.503,14.543,14.588,14.627,14.671,14.709,14.757,14.801,14.841,14.909,14.964,15.012,15.062,15.116,15.175,15.239,15.317,15.387,15.472,15.598,15.677,15.831,16.03,16.266,17.258
504,GRN FP,10.511,11.314,11.537,11.78,11.888,11.984,12.076,12.167,12.231,12.293,12.367,12.414,12.466,12.521,12.573,12.616,12.67,12.705,12.758,12.803,12.85,12.886,12.925,12.96,13.001,13.021,13.055,13.093,13.125,13.156,13.192,13.232,13.262,13.284,13.312,13.351,13.377,13.406,13.432,13.459,13.48,13.509,13.53,13.56,13.583,13.608,13.634,13.662,13.69,13.717,13.743,13.769,13.793,13.824,13.852,13.873,13.894,13.92,13.948,13.974,13.997,14.019,14.049,14.085,14.122,14.157,14.185,14.218,14.246,14.279,14.304,14.339,14.361,14.405,14.438,14.474,14.509,14.539,14.575,14.612,14.659,14.705,14.755,14.794,14.834,14.891,14.956,15.0,15.05,15.087,15.16,15.232,15.317,15.4,15.482,15.556,15.707,15.84,16.013,16.242,16.964
505,GRN FP,10.511,11.314,11.537,11.78,11.888,11.984,12.076,12.167,12.231,12.293,12.367,12.414,12.466,12.521,12.573,12.616,12.67,12.705,12.758,12.803,12.85,12.886,12.925,12.96,13.001,13.021,13.055,13.093,13.125,13.156,13.192,13.232,13.262,13.284,13.312,13.351,13.377,13.406,13.432,13.459,13.48,13.509,13.53,13.56,13.583,13.608,13.634,13.662,13.69,13.717,13.743,13.769,13.793,13.824,13.852,13.873,13.894,13.92,13.948,13.974,13.997,14.019,14.049,14.085,14.122,14.157,14.185,14.218,14.246,14.279,14.304,14.339,14.361,14.405,14.438,14.474,14.509,14.539,14.575,14.612,14.659,14.705,14.755,14.794,14.834,14.891,14.956,15.0,15.05,15.087,15.16,15.232,15.317,15.4,15.482,15.556,15.707,15.84,16.013,16.242,16.964
506,GRN FP,10.544,11.363,11.648,11.828,11.959,12.067,12.155,12.23,12.302,12.362,12.419,12.475,12.532,12.587,12.628,12.668,12.724,12.762,12.8,12.838,12.877,12.921,12.953,12.987,13.018,13.058,13.091,13.122,13.154,13.182,13.22,13.257,13.292,13.325,13.36,13.387,13.413,13.445,13.472,13.498,13.523,13.551,13.575,13.606,13.632,13.661,13.685,13.707,13.736,13.759,13.783,13.807,13.83,13.861,13.883,13.909,13.93,13.964,13.991,14.016,14.04,14.065,14.094,14.122,14.154,14.181,14.203,14.229,14.261,14.291,14.327,14.354,14.383,14.419,14.451,14.481,14.519,14.551,14.588,14.623,14.656,14.701,14.75,14.787,14.841,14.894,14.943,14.984,15.053,15.113,15.147,15.214,15.304,15.374,15.445,15.567,15.66,15.79,15.964,16.145,16.792
507,GRN FP,10.544,11.363,11.648,11.828,11.959,12.067,12.155,12.23,12.302,12.362,12.419,12.475,12.532,12.587,12.628,12.668,12.724,12.762,12.8,12.838,12.877,12.921,12.953,12.987,13.018,13.058,13.091,13.122,13.154,13.182,13.22,13.257,13.292,13.325,13.36,13.387,13.413,13.445,13.472,13.498,13.523,13.551,13.575,13.606,13.632,13.661,13.685,13.707,13.736,13.759,13.783,13.807,13.83,13.861,13.883,13.909,13.93,13.964,13.991,14.016,14.04,14.065,14.094,14.122,14.154,14.181,14.203,14.229,14.261,14.291,14.327,14.354,14.383,14.419,14.451,14.481,14.519,14.551,14.588,14.623,14.656,14.701,14.75,14.787,14.841,14.894,14.943,14.984,15.053,15.113,15.147,15.214,15.304,15.374,15.445,15.567,15.66,15.79,15.964,16.145,16.792
508,GRN FP,10.747,11.517,11.745,11.917,12.024,12.144,12.227,12.313,12.377,12.437,12.492,12.542,12.612,12.664,12.699,12.747,12.785,12.818,12.853,12.897,12.953,12.998,13.031,13.064,13.105,13.134,13.159,13.191,13.219,13.246,13.272,13.297,13.329,13.358,13.386,13.417,13.437,13.466,13.5,13.53,13.559,13.593,13.61,13.633,13.661,13.686,13.712,13.741,13.771,13.799,13.827,13.854,13.878,13.903,13.934,13.957,13.983,14.006,14.033,14.062,14.085,14.106,14.134,14.156,14.175,14.204,14.231,14.257,14.292,14.322,14.353,14.378,14.409,14.435,14.463,14.489,14.524,14.56,14.588,14.632,14.676,14.726,14.76,14.812,14.851,14.897,14.954,15.002,15.05,15.09,15.141,15.192,15.257,15.335,15.438,15.55,15.644,15.773,15.896,16.12,16.786
509,GRN FP,10.747,11.517,11.745,11.917,12.024,12.144,12.227,12.313,12.377,12.437,12.492,12.542,12.612,12.664,12.699,12.747,12.785,12.818,12.853,12.897,12.953,12.998,13.031,13.064,13.105,13.134,13.159,13.191,13.219,13.246,13.272,13.297,13.329,13.358,13.386,13.417,13.437,13.466,13.5,13.53,13.559,13.593,13.61,13.633,13.661,13.686,13.712,13.741,13.771,13.799,13.827,13.854,13.878,13.903,13.934,13.957,13.983,14.006,14.033,14.062,14.085,14.106,14.134,14.156,14.175,14.204,14.231,14.257,14.292,14.322,14.353,14.378,14.409,14.435,14.463,14.489,14.524,14.56,14.588,14.632,14.676,14.726,14.76,14.812,14.851,14.897,14.954,15.002,15.05,15.09,15.141,15.192,15.257,15.335,15.438,15.55,15.644,15.773,15.896,16.12,16.786
510,GRN FP,10.763,11.551,11.798,11.965,12.075,12.197,12.292,12.366,12.44,12.512,12.555,12.605,12.652,12.702,12.759,12.804,12.853,12.893,12.935,12.981,13.017,13.058,13.09,13.117,13.149,13.18,13.212,13.239,13.261,13.293,13.316,13.349,13.37,13.392,13.418,13.442,13.466,13.5,13.522,13.546,13.571,13.595,13.615,13.645,13.684,13.715,13.735,13.76,13.779,13.8,13.826,13.853,13.88,13.908,13.926,13.947,13.979,14.003,14.03,14.065,14.087,14.12,14.14,14.171,14.193,14.21,14.24,14.264,14.301,14.328,14.357,14.387,14.433,14.459,14.5,14.526,14.555,14.587,14.632,14.659,14.7,14.74,14.775,14.823,14.855,14.892,14.942,14.997,15.055,15.111,15.169,15.237,15.29,15.37,15.427,15.508,15.612,15.689,15.824,16.134,16.742
511,GRN FP,10.763,11.551,11.798,11.965,12.075,12.197,12.292,12.366,12.44,12.512,12.555,12.605,12.652,12.702,12.759,12.804,12.853,12.893,12.935,12.981,13.017,13.058,13.09,13.117,13.149,13.18,13.212,13.239,13.261,13.293,13.316,13.349,13.37,13.392,13.418,13.442,13.466,13.5,13.522,13.546,13.571,13.595,13.615,13.645,13.684,13.715,13.735,13.76,13.779,13.8,13.826,13.853,13.88,13.908,13.926,13.947,13.979,14.003,14.03,14.065,14.087,14.12,14.14,14.171,14.193,14.21,14.24,14.264,14.301,14.328,14.357,14.387,14.433,14.459,14.5,14.526,14.555,14.587,14.632,14.659,14.7,14.74,14.775,14.823,14.855,14.892,14.942,14.997,15.055,15.111,15.169,15.237,15.29,15.37,15.427,15.508,15.612,15.689,15.824,16.134,16.742
512,GRN FP,10.976,11.664,11.932,12.083,12.194,12.28,12.364,12.444,12.514,12.577,12.635,12.696,12.747,12.794,12.835,12.868,12.907,12.937,12.97,13.007,13.048,13.091,13.129,13.166,13.198,13.227,13.259,13.286,13.314,13.337,13.363,13.397,13.419,13.447,13.479,13.499,13.525,13.545,13.575,13.593,13.626,13.649,13.676,13.705,13.736,13.759,13.783,13.807,13.827,13.853,13.872,13.891,13.912,13.943,13.969,13.989,14.013,14.039,14.068,14.088,14.11,14.135,14.16,14.193,14.227,14.254,14.279,14.305,14.33,14.359,14.388,14.417,14.452,14.488,14.517,14.54,14.569,14.599,14.639,14.677,14.711,14.742,14.784,14.822,14.871,14.914,14.958,14.992,15.039,15.094,15.141,15.204,15.254,15.31,15.393,15.483,15.598,15.752,15.887,16.042,16.671
513,GRN FP,10.976,11.664,11.932,12.083,12.194,12.28,12.364,12.444,12.514,12.577,12.635,12.696,12.747,12.794,12.835,12.868,12.907,12.937,12.97,13.007,13.048,13.091,13.129,13.166,13.198,13.227,13.259,13.286,13.314,13.337,13.363,13.397,13.419,13.447,13.479,13.499,13.525,13.545,13.575,13.593,13.626,13.649,13.676,13.705,13.736,13.759,13.783,13.807,13.827,13.853,13.872,13.891,13.912,13.943,13.969,13.989,14.013,14.039,14.068,14.088,14.11,14.135,14.16,14.193,14.227,14.254,14.279,14.305,14.33,14.359,14.388,14.417,14.452,14.488,14.517,14.54,14.569,14.599,14.639,14.677,14.711,14.742,14.784,14.822,14.871,14.914,14.958,14.992,15.039,15.094,15.141,15.204,15.254,15.31,15.393,15.483,15.598,15.752,15.887,16.042,16.671
514,GRN FP,10.978,11.531,11.768,11.966,12.097,12.206,12.306,12.389,12.456,12.524,12.575,12.62,12.668,12.716,12.757,12.805,12.866,12.899,12.938,12.965,13.005,13.034,13.061,13.094,13.131,13.165,13.201,13.229,13.254,13.281,13.308,13.33,13.359,13.385,13.413,13.444,13.471,13.502,13.524,13.548,13.573,13.602,13.621,13.645,13.667,13.69,13.719,13.744,13.767,13.793,13.818,13.84,13.868,13.898,13.923,13.954,13.977,14.008,14.032,14.055,14.082,14.108,14.14,14.163,14.184,14.21,14.239,14.265,14.291,14.31,14.338,14.365,14.406,14.432,14.459,14.488,14.514,14.551,14.587,14.627,14.667,14.712,14.752,14.787,14.823,14.864,14.908,14.951,15.004,15.053,15.101,15.191,15.251,15.323,15.405,15.496,15.621,15.755,15.914,16.068,16.858
515,GRN FP,10.978,11.531,11.768,11.966,12.097,12.206,12.306,12.389,12.456,12.524,12.575,12.62,12.668,12.716,12.757,12.805,12.866,12.899,12.938,12.965,13.005,13.034,13.061,13.094,13.131,13.165,13.201,13.229,13.254,13.281,13.308,13.33,13.359,13.385,13.413,13.444,13.471,13.502,13.524,13.548,13.573,13.602,13.621,13.645,13.667,13.69,13.719,13.744,13.767,13.793,13.818,13.84,13.868,13.898,13.923,13.954,13.977,14.008,14.032,14.055,14.082,14.108,14.14,14.163,14.184,14.21,14.239,14.265,14.291,14.31,14.338,14.365,14.406,14.432,14.459,14.488,14.514,14.551,14.587,14.627,14.667,14.712,14.752,14.787,14.823,14.864,14.908,14.951,15.004,15.053,15.101,15.191,15.251,15.323,15.405,15.496,15.621,15.755,15.914,16.068,16.858
516,GRN FP,10.801,11.38,11.694,11.872,11.995,12.102,12.203,12.28,12.364,12.43,12.506,12.565,12.621,12.675,12.71,12.752,12.785,12.825,12.865,12.898,12.931,12.957,12.998,13.027,13.061,13.092,13.118,13.146,13.18,13.206,13.227,13.261,13.296,13.317,13.353,13.384,13.417,13.436,13.461,13.489,13.516,13.544,13.577,13.598,13.63,13.653,13.684,13.705,13.73,13.758,13.785,13.812,13.831,13.857,13.883,13.91,13.932,13.958,13.984,14.015,14.047,14.073,14.103,14.122,14.149,14.176,14.204,14.237,14.259,14.282,14.316,14.342,14.369,14.396,14.426,14.456,14.494,14.518,14.549,14.592,14.628,14.671,14.706,14.744,14.785,14.827,14.886,14.931,14.985,15.043,15.107,15.166,15.251,15.325,15.429,15.503,15.586,15.706,15.86,16.186,16.812
517,GRN FP,10.801,11.38,11.694,11.872,11.995,12.102,12.203,12.28,12.364,12.43,12.506,12.565,12.621,12.675,12.71,12.752,12.785,12.825,12.865,12.898,12.931,12.957,12.998,13.027,13.061,13.092,13.118,13.146,13.18,13.206,13.227,13.261,13.296,13.317,13.353,13.384,13.417,13.436,13.461,13.489,13.516,13.544,13.577,13.598,13.63,13.653,13.684,13.705,13.73,13.758,13.785,13.812,13.831,13.857,13.883,13.91,13.932,13.958,13.984,14.015,14.047,14.073,14.103,14.122,14.149,14.176,14.204,14.237,14.259,14.282,14.316,14.342,14.369,14.396,14.426,14.456,14.494,14.518,14.549,14.592,14.628,14.671,14.706,14.744,14.785,14.827,14.886,14.931,14.985,15.043,15.107,15.166,15.251,15.325,15.429,15.503,15.586,15.706,15.86,16.186,16.812
518,GRN FP,10.679,11.402,11.66,11.811,11.939,12.049,12.154,12.243,12.31,12.367,12.436,12.492,12.549,12.589,12.646,12.687,12.747,12.776,12.802,12.83,12.866,12.889,12.921,12.959,12.995,13.032,13.06,13.09,13.114,13.143,13.173,13.199,13.23,13.258,13.291,13.32,13.351,13.383,13.411,13.443,13.475,13.511,13.54,13.569,13.592,13.62,13.643,13.669,13.705,13.729,13.753,13.775,13.798,13.827,13.854,13.876,13.906,13.93,13.959,13.981,14.012,14.037,14.063,14.085,14.113,14.129,14.153,14.175,14.199,14.225,14.252,14.275,14.304,14.333,14.363,14.403,14.445,14.48,14.514,14.543,14.58,14.614,14.661,14.712,14.756,14.805,14.844,14.902,14.933,14.994,15.061,15.114,15.19,15.304,15.387,15.459,15.55,15.702,15.841,16.102,16.733
519,GRN FP,10.679,11.402,11.66,11.811,11.939,12.049,12.154,12.243,12.31,12.367,12.436,12.492,12.549,12.589,12.646,12.687,12.747,12.776,12.802,12.83,12.866,12.889,12.921,12.959,12.995,13.032,13.06,13.09,13.114,13.143,13.173,13.199,13.23,13.258,13.291,13.32,13.351,13.383,13.411,13.443,13.475,13.511,13.54,13.569,13.592,13.62,13.643,13.669,13.705,13.729,13.753,13.775,13.798,13.827,13.854,13.876,13.906,13.93,13.959,13.981,14.012,14.037,14.063,14.085,14.113,14.129,14.153,14.175,14.199,14.225,14.252,14.275,14.304,14.333,14.363,14.403,14.445,14.48,14.514,14.543,14.58,14.614,14.661,14.712,14.756,14.805,14.844,14.902,14.933,14.994,15.061,15.114,15.19,15.304,15.387,15.459,15.55,15.702,15.841,16.102,16.733
520,GRN FP,10.637,11.328,11.556,11.733,11.906,11.987,12.07,12.157,12.223,12.287,12.343,12.394,12.444,12.516,12.569,12.615,12.65,12.7,12.746,12.785,12.826,12.856,12.891,12.92,12.957,12.986,13.023,13.056,13.094,13.12,13.157,13.185,13.222,13.252,13.28,13.309,13.332,13.356,13.378,13.406,13.43,13.459,13.486,13.517,13.541,13.569,13.589,13.611,13.642,13.666,13.691,13.719,13.746,13.774,13.804,13.837,13.864,13.895,13.914,13.946,13.964,13.986,14.01,14.037,14.066,14.096,14.124,14.159,14.189,14.216,14.246,14.273,14.305,14.338,14.363,14.384,14.42,14.45,14.482,14.513,14.55,14.591,14.625,14.679,14.72,14.761,14.83,14.881,14.927,14.99,15.05,15.113,15.177,15.277,15.348,15.44,15.54,15.681,15.857,16.133,16.633
521,GRN FP,10.637,11.328,11.556,11.733,11.906,11.987,12.07,12.157,12.223,12.287,12.343,12.394,12.444,12.516,12.569,12.615,12.65,12.7,12.746,12.785,12.826,12.856,12.891,12.92,12.957,12.986,13.023,13.056,13.094,13.12,13.157,13.185,13.222,13.252,13.28,13.309,13.332,13.356,13.378,13.406,13.43,13.459,13.486,13.517,13.541,13.569,13.589,13.611,13.642,13.666,13.691,13.719,13.746,13.774,13.804,13.837,13.864,13.895,13.914,13.946,13.964,13.986,14.01,14.037,14.066,14.096,14.124,14.159,14.189,14.216,14.246,14.273,14.305,14.338,14.363,14.384,14.42,14.45,14.482,14.513,14.55,14.591,14.625,14.679,14.72,14.761,14.83,14.881,14.927,14.99,15.05,15.113,15.177,15.277,15.348,15.44,15.54,15.681,15.857,16.133,16.633
522,GRN FP,10.72,11.268,11.501,11.657,11.817,11.908,12.017,12.09,12.186,12.25,12.307,12.372,12.431,12.489,12.534,12.58,12.615,12.641,12.682,12.722,12.769,12.809,12.846,12.881,12.912,12.947,12.98,13.011,13.045,13.075,13.106,13.129,13.165,13.196,13.221,13.245,13.279,13.308,13.337,13.365,13.389,13.414,13.438,13.463,13.49,13.515,13.545,13.569,13.593,13.607,13.635,13.666,13.692,13.715,13.743,13.767,13.802,13.828,13.863,13.891,13.924,13.947,13.974,14.007,14.033,14.062,14.09,14.112,14.138,14.171,14.199,14.217,14.245,14.273,14.303,14.337,14.376,14.409,14.438,14.476,14.516,14.558,14.602,14.642,14.697,14.734,14.779,14.827,14.883,14.955,15.02,15.086,15.158,15.238,15.323,15.432,15.553,15.7,15.895,16.09,16.754
523,GRN FP,10.72,11.268,11.501,11.657,11.817,11.908,12.017,12.09,12.186,12.25,12.307,12.372,12.431,12.489,12.534,12.58,12.615,12.641,12.682,12.722,12.769,12.809,12.846,12.881,12.912,12.947,12.98,13.011,13.045,13.075,13.106,13.129,13.165,13.196,13.221,13.245,13.279,13.308,13.337,13.365,13.389,13.414,13.438,13.463,13.49,13.515,13.545,13.569,13.593,13.607,13.635,13.666,13.692,13.715,13.743,13.767,13.802,13.828,13.863,13.891,13.924,13.947,13.974,14.007,14.033,14.062,14.09,14.112,14.138,14.171,14.199,14.217,14.245,14.273,14.303,14.337,14.376,14.409,14.438,14.476,14.516,14.558,14.602,14.642,14.697,14.734,14.779,14.827,14.883,14.955,15.02,15.086,15.158,15.238,15.323,15.432,15.553,15.7,15.895,16.09,16.754
524,GRN FP,10.437,11.218,11.49,11.623,11.77,11.878,11.969,12.047,12.115,12.191,12.255,12.31,12.364,12.414,12.473,12.529,12.577,12.613,12.647,12.679,12.71,12.752,12.78,12.815,12.851,12.886,12.916,12.956,12.983,13.017,13.049,13.086,13.112,13.132,13.156,13.185,13.213,13.241,13.275,13.299,13.325,13.352,13.375,13.407,13.435,13.458,13.481,13.507,13.523,13.549,13.578,13.613,13.648,13.678,13.704,13.729,13.754,13.782,13.804,13.835,13.856,13.882,13.914,13.941,13.965,13.992,14.024,14.052,14.085,14.11,14.142,14.172,14.205,14.233,14.264,14.297,14.341,14.375,14.403,14.443,14.478,14.515,14.562,14.603,14.641,14.702,14.75,14.808,14.864,14.923,14.982,15.044,15.119,15.203,15.28,15.374,15.517,15.664,15.839,16.089,16.592
525,GRN FP,10.437,11.218,11.49,11.623,11.77,11.878,11.969,12.047,12.115,12.191,12.255,12.31,12.364,12.414,12.473,12.529,12.577,12.613,12.647,12.679,12.71,12.752,12.78,12.815,12.851,12.886,12.916,12.956,12.983,13.017,13.049,13.086,13.112,13.132,13.156,13.185,13.213,13.241,13.275,13.299,13.325,13.352,13.375,13.407,13.435,13.458,13.481,13.507,13.523,13.549,13.578,13.613,13.648,13.678,13.704,13.729,13.754,13.782,13.804,13.835,13.856,13.882,13.914,13.941,13.965,13.992,14.024,14.052,14.085,14.11,14.142,14.172,14.205,14.233,14.264,14.297,14.341,14.375,14.403,14.443,14.478,14.515,14.562,14.603,14.641,14.702,14.75,14.808,14.864,14.923,14.982,15.044,15.119,15.203,15.28,15.374,15.517,15.664,15.839,16.089,16.592
526,GRN FP,10.574,11.177,11.431,11.581,11.732,11.831,11.914,12.001,12.078,12.143,12.198,12.251,12.315,12.368,12.412,12.459,12.5,12.547,12.58,12.625,12.658,12.688,12.731,12.769,12.798,12.834,12.863,12.898,12.928,12.964,13.003,13.04,13.064,13.091,13.122,13.156,13.184,13.209,13.235,13.257,13.284,13.312,13.339,13.363,13.397,13.419,13.448,13.474,13.495,13.53,13.553,13.591,13.621,13.645,13.666,13.692,13.728,13.756,13.781,13.802,13.831,13.855,13.88,13.909,13.931,13.956,13.98,14.015,14.044,14.078,14.104,14.135,14.175,14.208,14.239,14.277,14.32,14.354,14.384,14.419,14.461,14.503,14.541,14.583,14.621,14.656,14.697,14.752,14.799,14.859,14.912,14.98,15.054,15.145,15.222,15.338,15.459,15.599,15.789,16.001,16.724
527,GRN FP,10.574,11.177,11.431,11.581,11.732,11.831,11.914,12.001,12.078,12.143,12.198,12.251,12.315,12.368,12.412,12.459,12.5,12.547,12.58,12.625,12.658,12.688,12.731,12.769,12.798,12.834,12.863,12.898,12.928,12.964,13.003,13.04,13.064,13.091,13.122,13.156,13.184,13.209,13.235,13.257,13.284,13.312,13.339,13.363,13.397,13.419,13.448,13.474,13.495,13.53,13.553,13.591,13.621,13.645,13.666,13.692,13.728,13.756,13.781,13.802,13.831,13.855,13.88,13.909,13.931,13.956,13.98,14.015,14.044,14.078,14.104,14.135,14.175,14.208,14.239,14.277,14.32,14.354,14.384,14.419,14.461,14.503,14.541,14.583,14.621,14.656,14.697,14.752,14.799,14.859,14.912,14.98,15.054,15.145,15.222,15.338,15.459,15.599,15.789,16.001,16.724
528,GRN FP,10.284,11.023,11.378,11.541,11.678,11.78,11.875,11.968,12.052,12.129,12.193,12.242,12.305,12.359,12.401,12.438,12.477,12.523,12.559,12.594,12.642,12.681,12.712,12.754,12.784,12.813,12.838,12.872,12.904,12.927,12.956,12.981,13.019,13.049,13.085,13.116,13.136,13.159,13.183,13.212,13.235,13.269,13.294,13.323,13.346,13.37,13.404,13.437,13.465,13.493,13.51,13.534,13.556,13.581,13.61,13.644,13.678,13.707,13.736,13.761,13.785,13.813,13.839,13.861,13.89,13.917,13.951,13.983,14.009,14.037,14.067,14.093,14.132,14.165,14.198,14.229,14.267,14.306,14.343,14.388,14.428,14.459,14.494,14.532,14.567,14.619,14.667,14.707,14.767,14.809,14.871,14.947,15.024,15.096,15.168,15.282,15.398,15.538,15.695,15.93,16.677
529,GRN FP,10.284,11.023,11.378,11.541,11.678,11.78,11.875,11.968,12.052,12.129,12.193,12.242,12.305,12.359,12.401,12.438,12.477,12.523,12.559,12.594,12.642,12.681,12.712,12.754,12.784,12.813,12.838,12.872,12.904,12.927,12.956,12.981,13.019,13.049,13.085,13.116,13.136,13.159,13.183,13.212,13.235,13.269,13.294,13.323,13.346,13.37,13.404,13.437,13.465,13.493,13.51,13.534,13.556,13.581,13.61,13.644,13.678,13.707,13.736,13.761,13.785,13.813,13.839,13.861,13.89,13.917,13.951,13.983,14.009,14.037,14.067,14.093,14.132,14.165,14.198,14.229,14.267,14.306,14.343,14.388,14.428,14.459,14.494,14.532,14.567,14.619,14.667,14.707,14.767,14.809,14.871,14.947,15.024,15.096,15.168,15.282,15.398,15.538,15.695,15.93,16.677
530,GRN FP,10.43,10.968,11.344,11.537,11.665,11.779,11.881,11.959,12.025,12.079,12.143,12.199,12.258,12.32,12.367,12.411,12.463,12.503,12.54,12.581,12.617,12.646,12.678,12.706,12.735,12.771,12.797,12.827,12.862,12.895,12.926,12.961,12.991,13.022,13.052,13.072,13.096,13.119,13.152,13.179,13.199,13.224,13.255,13.285,13.318,13.343,13.371,13.393,13.41,13.436,13.468,13.501,13.526,13.546,13.575,13.598,13.622,13.654,13.681,13.713,13.745,13.776,13.804,13.829,13.857,13.877,13.907,13.938,13.969,14.003,14.032,14.062,14.091,14.12,14.155,14.195,14.229,14.267,14.308,14.341,14.372,14.407,14.449,14.477,14.528,14.56,14.627,14.677,14.724,14.782,14.841,14.901,14.984,15.061,15.143,15.268,15.379,15.513,15.688,15.908,16.575
531,GRN FP,10.43,10.968,11.344,11.537,11.665,11.779,11.881,11.959,12.025,12.079,12.143,12.199,12.258,12.32,12.367,12.411,12.463,12.503,12.54,12.581,12.617,12.646,12.678,12.706,12.735,12.771,12.797,12.827,12.862,12.895,12.926,12.961,12.991,13.022,13.052,13.072,13.096,13.119,13.152,13.179,13.199,13.224,13.255,13.285,13.318,13.343,13.371,13.393,13.41,13.436,13.468,13.501,13.526,13.546,13.575,13.598,13.622,13.654,13.681,13.713,13.745,13.776,13.804,13.829,13.857,13.877,13.907,13.938,13.969,14.003,14.032,14.062,14.091,14.12,14.155,14.195,14.229,14.267,14.308,14.341,14.372,14.407,14.449,14.477,14.528,14.56,14.627,14.677,14.724,14.782,14.841,14.901,14.984,15.061,15.143,15.268,15.379,15.513,15.688,15.908,16.575
532,GRN FP,10.247,11.024,11.325,11.466,11.611,11.735,11.815,11.91,11.976,12.053,12.114,12.157,12.209,12.261,12.303,12.342,12.38,12.428,12.478,12.524,12.555,12.597,12.634,12.667,12.703,12.744,12.776,12.809,12.837,12.868,12.896,12.932,12.971,13.003,13.022,13.046,13.068,13.094,13.126,13.151,13.177,13.197,13.227,13.245,13.281,13.304,13.334,13.356,13.383,13.413,13.434,13.457,13.489,13.518,13.537,13.566,13.592,13.627,13.653,13.679,13.706,13.733,13.762,13.789,13.813,13.845,13.866,13.895,13.925,13.95,13.981,14.01,14.042,14.066,14.099,14.125,14.16,14.193,14.231,14.274,14.31,14.345,14.38,14.424,14.461,14.502,14.544,14.591,14.649,14.704,14.769,14.841,14.901,14.962,15.024,15.12,15.243,15.406,15.588,15.922,16.632
533,GRN FP,10.247,11.024,11.325,11.466,11.611,11.735,11.815,11.91,11.976,12.053,12.114,12.157,12.209,12.261,12.303,12.342,12.38,12.428,12.478,12.524,12.555,12.597,12.634,12.667,12.703,12.744,12.776,12.809,12.837,12.868,12.896,12.932,12.971,13.003,13.022,13.046,13.068,13.094,13.126,13.151,13.177,13.197,13.227,13.245,13.281,13.304,13.334,13.356,13.383,13.413,13.434,13.457,13.489,13.518,13.537,13.566,13.592,13.627,13.653,13.679,13.706,13.733,13.762,13.789,13.813,13.845,13.866,13.895,13.925,13.95,13.981,14.01,14.042,14.066,14.099,14.125,14.16,14.193,14.231,14.274,14.31,14.345,14.38,14.424,14.461,14.502,14.544,14.591,14.649,14.704,14.769,14.841,14.901,14.962,15.024,15.12,15.243,15.406,15.588,15.922,16.632
534,GRN FP,10.343,10.947,11.263,11.411,11.56,11.666,11.759,11.868,11.92,12.008,12.072,12.131,12.19,12.235,12.282,12.336,12.381,12.423,12.463,12.505,12.543,12.574,12.609,12.637,12.674,12.71,12.738,12.764,12.787,12.809,12.838,12.872,12.904,12.938,12.962,12.991,13.019,13.043,13.068,13.093,13.123,13.15,13.181,13.205,13.226,13.259,13.284,13.308,13.33,13.361,13.384,13.411,13.439,13.461,13.491,13.512,13.536,13.56,13.586,13.608,13.635,13.659,13.696,13.723,13.747,13.779,13.81,13.846,13.876,13.905,13.938,13.966,13.994,14.024,14.056,14.1,14.139,14.171,14.208,14.239,14.283,14.311,14.35,14.394,14.431,14.476,14.526,14.579,14.624,14.673,14.725,14.809,14.877,14.946,15.021,15.094,15.176,15.31,15.537,15.833,16.646
535,GRN FP,10.343,10.947,11.263,11.411,11.56,11.666,11.759,11.868,11.92,12.008,12.072,12.131,12.19,12.235,12.282,12.336,12.381,12.423,12.463,12.505,12.543,12.574,12.609,12.637,12.674,12.71,12.738,12.764,12.787,12.809,12.838,12.872,12.904,12.938,12.962,12.991,13.019,13.043,13.068,13.093,13.123,13.15,13.181,13.205,13.226,13.259,13.284,13.308,13.33,13.361,13.384,13.411,13.439,13.461,13.491,13.512,13.536,13.56,13.586,13.608,13.635,13.659,13.696,13.723,13.747,13.779,13.81,13.846,13.876,13.905,13.938,13.966,13.994,14.024,14.056,14.1,14.139,14.171,14.208,14.239,14.283,14.311,14.35,14.394,14.431,14.476,14.526,14.579,14.624,14.673,14.725,14.809,14.877,14.946,15.021,15.094,15.176,15.31,15.537,15.833,16.646
536,GRN FP,10.3,10.959,11.27,11.453,11.573,11.661,11.745,11.818,11.898,11.96,12.029,12.081,12.158,12.204,12.249,12.305,12.341,12.376,12.418,12.466,12.494,12.526,12.555,12.595,12.632,12.662,12.695,12.724,12.755,12.784,12.817,12.852,12.878,12.906,12.927,12.952,12.98,13.005,13.032,13.065,13.093,13.11,13.136,13.165,13.196,13.232,13.258,13.283,13.311,13.335,13.353,13.376,13.405,13.428,13.456,13.482,13.502,13.531,13.558,13.589,13.611,13.633,13.666,13.688,13.712,13.739,13.777,13.814,13.841,13.874,13.904,13.924,13.953,13.986,14.019,14.058,14.09,14.113,14.156,14.196,14.234,14.268,14.315,14.359,14.4,14.448,14.485,14.525,14.567,14.621,14.667,14.729,14.785,14.864,14.931,15.027,15.136,15.242,15.454,15.757,16.648
537,GRN FP,10.3,10.959,11.27,11.453,11.573,11.661,11.745,11.818,11.898,11.96,12.029,12.081,12.158,12.204,12.249,12.305,12.341,12.376,12.418,12.466,12.494,12.526,12.555,12.595,12.632,12.662,12.695,12.724,12.755,12.784,12.817,12.852,12.878,12.906,12.927,12.952,12.98,13.005,13.032,13.065,13.093,13.11,13.136,13.165,13.196,13.232,13.258,13.283,13.311,13.335,13.353,13.376,13.405,13.428,13.456,13.482,13.502,13.531,13.558,13.589,13.611,13.633,13.666,13.688,13.712,13.739,13.777,13.814,13.841,13.874,13.904,13.924,13.953,13.986,14.019,14.058,14.09,14.113,14.156,14.196,14.234,14.268,14.315,14.359,14.4,14.448,14.485,14.525,14.567,14.621,14.667,14.729,14.785,14.864,14.931,15.027,15.136,15.242,15.454,15.757,16.648
538,GRN FP,10.281,11.029,11.312,11.468,11.59,11.678,11.738,11.813,11.878,11.962,12.014,12.071,12.136,12.177,12.23,12.28,12.301,12.342,12.384,12.435,12.463,12.494,12.528,12.566,12.604,12.64,12.677,12.71,12.74,12.767,12.799,12.826,12.858,12.886,12.919,12.945,12.967,12.992,13.017,13.048,13.079,13.101,13.118,13.142,13.168,13.193,13.214,13.248,13.267,13.291,13.317,13.34,13.365,13.383,13.407,13.43,13.454,13.485,13.512,13.538,13.56,13.584,13.611,13.633,13.656,13.679,13.706,13.74,13.767,13.804,13.83,13.854,13.878,13.912,13.946,13.983,14.012,14.041,14.078,14.12,14.152,14.196,14.246,14.274,14.311,14.353,14.402,14.464,14.517,14.559,14.607,14.662,14.724,14.795,14.881,14.962,15.088,15.205,15.422,15.815,16.5
539,GRN FP,10.281,11.029,11.312,11.468,11.59,11.678,11.738,11.813,11.878,11.962,12.014,12.071,12.136,12.177,12.23,12.28,12.301,12.342,12.384,12.435,12.463,12.494,12.528,12.566,12.604,12.64,12.677,12.71,12.74,12.767,12.799,12.826,12.858,12.886,12.919,12.945,12.967,12.992,13.017,13.048,13.079,13.101,13.118,13.142,13.168,13.193,13.214,13.248,13.267,13.291,13.317,13.34,13.365,13.383,13.407,13.43,13.454,13.485,13.512,13.538,13.56,13.584,13.611,13.633,13.656,13.679,13.706,13.74,13.767,13.804,13.83,13.854,13.878,13.912,13.946,13.983,14.012,14.041,14.078,14.12,14.152,14.196,14.246,14.274,14.311,14.353,14.402,14.464,14.517,14.559,14.607,14.662,14.724,14.795,14.881,14.962,15.088,15.205,15.422,15.815,16.5
540,GRN FP,10.369,11.091,11.36,11.499,11.621,11.695,11.772,11.832,11.896,11.938,11.996,12.055,12.098,12.147,12.188,12.227,12.263,12.3,12.338,12.379,12.412,12.451,12.49,12.521,12.558,12.589,12.618,12.643,12.679,12.714,12.738,12.767,12.793,12.823,12.851,12.882,12.906,12.929,12.957,12.995,13.023,13.04,13.064,13.086,13.109,13.132,13.17,13.201,13.222,13.24,13.265,13.284,13.306,13.33,13.351,13.38,13.403,13.425,13.452,13.482,13.503,13.532,13.557,13.582,13.606,13.635,13.655,13.691,13.723,13.751,13.772,13.791,13.823,13.862,13.89,13.91,13.945,13.993,14.031,14.059,14.095,14.125,14.159,14.194,14.241,14.287,14.331,14.396,14.43,14.507,14.564,14.625,14.686,14.745,14.833,14.943,15.049,15.196,15.372,15.612,16.446
541,GRN FP,10.369,11.091,11.36,11.499,11.621,11.695,11.772,11.832,11.896,11.938,11.996,12.055,12.098,12.147,12.188,12.227,12.263,12.3,12.338,12.379,12.412,12.451,12.49,12.521,12.558,12.589,12.618,12.643,12.679,12.714,12.738,12.767,12.793,12.823,12.851,12.882,12.906,12.929,12.957,12.995,13.023,13.04,13.064,13.086,13.109,13.132,13.17,13.201,13.222,13.24,13.265,13.284,13.306,13.33,13.351,13.38,13.403,13.425,13.452,13.482,13.503,13.532,13.557,13.582,13.606,13.635,13.655,13.691,13.723,13.751,13.772,13.791,13.823,13.862,13.89,13.91,13.945,13.993,14.031,14.059,14.095,14.125,14.159,14.194,14.241,14.287,14.331,14.396,14.43,14.507,14.564,14.625,14.686,14.745,14.833,14.943,15.049,15.196,15.372,15.612,16.446
542,GRN FP,10.308,11.094,11.356,11.495,11.591,11.68,11.757,11.834,11.888,11.952,12.004,12.05,12.097,12.145,12.177,12.209,12.249,12.285,12.326,12.36,12.401,12.43,12.463,12.486,12.525,12.547,12.586,12.618,12.64,12.663,12.696,12.723,12.753,12.787,12.817,12.851,12.875,12.899,12.925,12.954,12.978,13.002,13.024,13.051,13.076,13.105,13.127,13.143,13.171,13.201,13.222,13.244,13.262,13.293,13.318,13.345,13.368,13.392,13.417,13.434,13.464,13.493,13.509,13.542,13.568,13.59,13.615,13.642,13.665,13.696,13.726,13.747,13.774,13.798,13.832,13.863,13.896,13.922,13.951,13.984,14.02,14.063,14.097,14.13,14.173,14.212,14.264,14.304,14.349,14.403,14.458,14.533,14.591,14.675,14.743,14.828,14.946,15.081,15.234,15.48,16.327
543,GRN FP,10.308,11.094,11.356,11.495,11.591,11.68,11.757,11.834,11.888,11.952,12.004,12.05,12.097,12.145,12.177,12.209,12.249,12.285,12.326,12.36,12.401,12.43,12.463,12.486,12.525,12.547,12.586,12.618,12.64,12.663,12.696,12.723,12.753,12.787,12.817,12.851,12.875,12.899,12.925,12.954,12.978,13.002,13.024,13.051,13.076,13.105,13.127,13.143,13.171,13.201,13.222,13.244,13.262,13.293,13.318,13.345,13.368,13.392,13.417,13.434,13.464,13.493,13.509,13.542,13.568,13.59,13.615,13.642,13.665,13.696,13.726,13.747,13.774,13.798,13.832,13.863,13.896,13.922,13.951,13.984,14.02,14.063,14.097,14.13,14.173,14.212,14.264,14.304,14.349,14.403,14.458,14.533,14.591,14.675,14.743,14.828,14.946,15.081,15.234,15.48,16.327
544,GRN FP,10.266,11.074,11.289,11.443,11.58,11.672,11.744,11.81,11.894,11.953,12.0,12.048,12.086,12.128,12.17,12.213,12.262,12.298,12.328,12.367,12.407,12.446,12.482,12.516,12.554,12.587,12.611,12.634,12.664,12.7,12.728,12.758,12.786,12.815,12.834,12.869,12.898,12.922,12.948,12.973,13.003,13.024,13.047,13.066,13.09,13.112,13.135,13.159,13.185,13.219,13.245,13.27,13.29,13.317,13.343,13.366,13.389,13.408,13.439,13.464,13.489,13.509,13.535,13.571,13.598,13.622,13.645,13.67,13.698,13.725,13.749,13.782,13.81,13.833,13.87,13.901,13.937,13.968,14.014,14.049,14.079,14.107,14.134,14.163,14.203,14.264,14.297,14.346,14.401,14.452,14.503,14.573,14.644,14.723,14.805,14.883,14.987,15.121,15.271,15.533,16.407
545,GRN FP,10.266,11.074,11.289,11.443,11.58,11.672,11.744,11.81,11.894,11.953,12.0,12.048,12.086,12.128,12.17,12.213,12.262,12.298,12.328,12.367,12.407,12.446,12.482,12.516,12.554,12.587,12.611,12.634,12.664,12.7,12.728,12.758,12.786,12.815,12.834,12.869,12.898,12.922,12.948,12.973,13.003,13.024,13.047,13.066,13.09,13.112,13.135,13.159,13.185,13.219,13.245,13.27,13.29,13.317,13.343,13.366,13.389,13.408,13.439,13.464,13.489,13.509,13.535,13.571,13.598,13.622,13.645,13.67,13.698,13.725,13.749,13.782,13.81,13.833,13.87,13.901,13.937,13.968,14.014,14.049,14.079,14.107,14.134,14.163,14.203,14.264,14.297,14.346,14.401,14.452,14.503,14.573,14.644,14.723,14.805,14.883,14.987,15.121,15.271,15.533,16.407
546,GRN FP,10.498,11.062,11.248,11.402,11.537,11.649,11.726,11.797,11.865,11.92,11.973,12.024,12.072,12.114,12.162,12.199,12.251,12.29,12.329,12.359,12.393,12.429,12.452,12.49,12.52,12.552,12.591,12.622,12.654,12.687,12.715,12.751,12.777,12.81,12.831,12.862,12.887,12.913,12.93,12.959,12.985,13.008,13.036,13.065,13.098,13.127,13.157,13.182,13.208,13.232,13.255,13.283,13.309,13.33,13.357,13.383,13.404,13.426,13.447,13.471,13.491,13.512,13.541,13.569,13.595,13.625,13.649,13.67,13.697,13.734,13.769,13.793,13.83,13.862,13.887,13.918,13.954,13.993,14.027,14.06,14.102,14.137,14.164,14.194,14.229,14.267,14.295,14.335,14.375,14.436,14.492,14.568,14.651,14.735,14.809,14.912,15.037,15.172,15.302,15.616,16.196
547,GRN FP,10.498,11.062,11.248,11.402,11.537,11.649,11.726,11.797,11.865,11.92,11.973,12.024,12.072,12.114,12.162,12.199,12.251,12.29,12.329,12.359,12.393,12.429,12.452,12.49,12.52,12.552,12.591,12.622,12.654,12.687,12.715,12.751,12.777,12.81,12.831,12.862,12.887,12.913,12.93,12.959,12.985,13.008,13.036,13.065,13.098,13.127,13.157,13.182,13.208,13.232,13.255,13.283,13.309,13.33,13.357,13.383,13.404,13.426,13.447,13.471,13.491,13.512,13.541,13.569,13.595,13.625,13.649,13.67,13.697,13.734,13.769,13.793,13.83,13.862,13.887,13.918,13.954,13.993,14.027,14.06,14.102,14.137,14.164,14.194,14.229,14.267,14.295,14.335,14.375,14.436,14.492,14.568,14.651,14.735,14.809,14.912,15.037,15.172,15.302,15.616,16.196
548,GRN FP,10.46,11.05,11.282,11.431,11.565,11.643,11.723,11.798,11.851,11.914,11.969,12.016,12.059,12.107,12.152,12.203,12.245,12.282,12.318,12.351,12.391,12.422,12.459,12.49,12.519,12.552,12.58,12.609,12.638,12.676,12.706,12.736,12.762,12.789,12.839,12.872,12.91,12.928,12.948,12.975,13.007,13.034,13.057,13.081,13.103,13.128,13.155,13.181,13.206,13.226,13.256,13.28,13.301,13.322,13.35,13.376,13.401,13.425,13.451,13.481,13.5,13.523,13.549,13.57,13.599,13.625,13.652,13.681,13.714,13.74,13.773,13.798,13.83,13.856,13.883,13.915,13.953,13.981,14.023,14.054,14.099,14.136,14.17,14.211,14.253,14.292,14.342,14.386,14.425,14.484,14.532,14.608,14.676,14.746,14.834,14.933,15.021,15.169,15.354,15.661,16.257
549,GRN FP,10.46,11.05,11.282,11.431,11.565,11.643,11.723,11.798,11.851,11.914,11.969,12.016,12.059,12.107,12.152,12.203,12.245,12.282,12.318,12.351,12.391,12.422,12.459,12.49,12.519,12.552,12.58,12.609,12.638,12.676,12.706,12.736,12.762,12.789,12.839,12.872,12.91,12.928,12.948,12.975,13.007,13.034,13.057,13.081,13.103,13.128,13.155,13.181,13.206,13.226,13.256,13.28,13.301,13.322,13.35,13.376,13.401,13.425,13.451,13.481,13.5,13.523,13.549,13.57,13.599,13.625,13.652,13.681,13.714,13.74,13.773,13.798,13.83,13.856,13.883,13.915,13.953,13.981,14.023,14.054,14.099,14.136,14.17,14.211,14.253,14.292,14.342,14.386,14.425,14.484,14.532,14.608,14.676,14.746,14.834,14.933,15.021,15.169,15.354,15.661,16.257
550,GRN FP,10.506,11.05,11.284,11.447,11.557,11.653,11.729,11.793,11.859,11.925,11.971,12.019,12.077,12.121,12.154,12.195,12.239,12.283,12.324,12.359,12.4,12.44,12.471,12.503,12.544,12.578,12.611,12.645,12.671,12.699,12.728,12.768,12.8,12.821,12.844,12.866,12.895,12.923,12.95,12.978,12.997,13.021,13.05,13.073,13.1,13.13,13.157,13.175,13.211,13.244,13.271,13.291,13.315,13.335,13.361,13.392,13.417,13.439,13.457,13.487,13.509,13.531,13.557,13.585,13.609,13.651,13.675,13.697,13.728,13.76,13.787,13.814,13.84,13.871,13.899,13.931,13.965,13.99,14.019,14.056,14.093,14.145,14.188,14.229,14.274,14.32,14.373,14.409,14.462,14.519,14.582,14.635,14.697,14.766,14.849,14.935,15.055,15.235,15.378,15.652,16.41
551,GRN FP,10.506,11.05,11.284,11.447,11.557,11.653,11.729,11.793,11.859,11.925,11.971,12.019,12.077,12.121,12.154,12.195,12.239,12.283,12.324,12.359,12.4,12.44,12.471,12.503,12.544,12.578,12.611,12.645,12.671,12.699,12.728,12.768,12.8,12.821,12.844,12.866,12.895,12.923,12.95,12.978,12.997,13.021,13.05,13.073,13.1,13.13,13.157,13.175,13.211,13.244,13.271,13.291,13.315,13.335,13.361,13.392,13.417,13.439,13.457,13.487,13.509,13.531,13.557,13.585,13.609,13.651,13.675,13.697,13.728,13.76,13.787,13.814,13.84,13.871,13.899,13.931,13.965,13.99,14.019,14.056,14.093,14.145,14.188,14.229,14.274,14.32,14.373,14.409,14.462,14.519,14.582,14.635,14.697,14.766,14.849,14.935,15.055,15.235,15.378,15.652,16.41
552,GRN FP,10.314,11.095,11.323,11.468,11.575,11.66,11.753,11.808,11.868,11.934,11.98,12.026,12.069,12.122,12.164,12.21,12.258,12.302,12.333,12.364,12.407,12.442,12.476,12.514,12.556,12.601,12.634,12.666,12.695,12.715,12.743,12.769,12.8,12.829,12.86,12.881,12.908,12.937,12.958,12.987,13.016,13.045,13.078,13.102,13.129,13.148,13.177,13.203,13.227,13.249,13.28,13.307,13.327,13.356,13.385,13.409,13.434,13.462,13.488,13.517,13.545,13.565,13.585,13.607,13.644,13.669,13.689,13.721,13.742,13.777,13.807,13.827,13.85,13.884,13.905,13.938,13.976,14.006,14.043,14.078,14.119,14.16,14.199,14.232,14.267,14.303,14.344,14.404,14.444,14.506,14.549,14.613,14.697,14.79,14.864,14.969,15.095,15.188,15.341,15.66,16.706
553,GRN FP,10.314,11.095,11.323,11.468,11.575,11.66,11.753,11.808,11.868,11.934,11.98,12.026,12.069,12.122,12.164,12.21,12.258,12.302,12.333,12.364,12.407,12.442,12.476,12.514,12.556,12.601,12.634,12.666,12.695,12.715,12.743,12.769,12.8,12.829,12.86,12.881,12.908,12.937,12.958,12.987,13.016,13.045,13.078,13.102,13.129,13.148,13.177,13.203,13.227,13.249,13.28,13.307,13.327,13.356,13.385,13.409,13.434,13.462,13.488,13.517,13.545,13.565,13.585,13.607,13.644,13.669,13.689,13.721,13.742,13.777,13.807,13.827,13.85,13.884,13.905,13.938,13.976,14.006,14.043,14.078,14.119,14.16,14.199,14.232,14.267,14.303,14.344,14.404,14.444,14.506,14.549,14.613,14.697,14.79,14.864,14.969,15.095,15.188,15.341,15.66,16.706
554,GRN FP,10.388,11.092,11.319,11.483,11.579,11.659,11.742,11.8,11.878,11.941,11.984,12.022,12.073,12.132,12.177,12.22,12.263,12.31,12.354,12.397,12.427,12.469,12.501,12.54,12.577,12.609,12.646,12.685,12.714,12.755,12.786,12.823,12.854,12.873,12.892,12.923,12.944,12.97,12.991,13.009,13.037,13.068,13.095,13.12,13.145,13.168,13.199,13.222,13.246,13.274,13.295,13.314,13.345,13.365,13.385,13.412,13.437,13.459,13.488,13.513,13.532,13.557,13.584,13.622,13.643,13.662,13.685,13.719,13.744,13.773,13.804,13.829,13.855,13.889,13.925,13.953,13.993,14.029,14.057,14.096,14.12,14.165,14.202,14.244,14.293,14.333,14.373,14.419,14.463,14.498,14.551,14.628,14.692,14.776,14.875,14.974,15.079,15.206,15.349,15.631,16.622
555,GRN FP,10.388,11.092,11.319,11.483,11.579,11.659,11.742,11.8,11.878,11.941,11.984,12.022,12.073,12.132,12.177,12.22,12.263,12.31,12.354,12.397,12.427,12.469,12.501,12.54,12.577,12.609,12.646,12.685,12.714,12.755,12.786,12.823,12.854,12.873,12.892,12.923,12.944,12.97,12.991,13.009,13.037,13.068,13.095,13.12,13.145,13.168,13.199,13.222,13.246,13.274,13.295,13.314,13.345,13.365,13.385,13.412,13.437,13.459,13.488,13.513,13.532,13.557,13.584,13.622,13.643,13.662,13.685,13.719,13.744,13.773,13.804,13.829,13.855,13.889,13.925,13.953,13.993,14.029,14.057,14.096,14.12,14.165,14.202,14.244,14.293,14.333,14.373,14.419,14.463,14.498,14.551,14.628,14.692,14.776,14.875,14.974,15.079,15.206,15.349,15.631,16.622
556,GRN FP,10.517,11.102,11.308,11.453,11.574,11.689,11.757,11.827,11.882,11.941,12.002,12.052,12.111,12.16,12.209,12.247,12.291,12.331,12.38,12.416,12.457,12.496,12.538,12.572,12.605,12.636,12.659,12.691,12.725,12.759,12.784,12.811,12.845,12.87,12.903,12.931,12.956,12.981,13.006,13.026,13.052,13.077,13.098,13.121,13.15,13.172,13.203,13.23,13.253,13.272,13.298,13.325,13.351,13.377,13.395,13.43,13.456,13.477,13.502,13.526,13.548,13.575,13.6,13.625,13.651,13.674,13.698,13.728,13.757,13.785,13.824,13.855,13.88,13.905,13.934,13.967,14.002,14.04,14.068,14.095,14.126,14.167,14.215,14.247,14.297,14.342,14.401,14.442,14.489,14.555,14.601,14.652,14.707,14.776,14.845,14.953,15.075,15.205,15.367,15.618,16.553
557,GRN FP,10.517,11.102,11.308,11.453,11.574,11.689,11.757,11.827,11.882,11.941,12.002,12.052,12.111,12.16,12.209,12.247,12.291,12.331,12.38,12.416,12.457,12.496,12.538,12.572,12.605,12.636,12.659,12.691,12.725,12.759,12.784,12.811,12.845,12.87,12.903,12.931,12.956,12.981,13.006,13.026,13.052,13.077,13.098,13.121,13.15,13.172,13.203,13.23,13.253,13.272,13.298,13.325,13.351,13.377,13.395,13.43,13.456,13.477,13.502,13.526,13.548,13.575,13.6,13.625,13.651,13.674,13.698,13.728,13.757,13.785,13.824,13.855,13.88,13.905,13.934,13.967,14.002,14.04,14.068,14.095,14.126,14.167,14.215,14.247,14.297,14.342,14.401,14.442,14.489,14.555,14.601,14.652,14.707,14.776,14.845,14.953,15.075,15.205,15.367,15.618,16.553
558,GRN FP,10.389,11.123,11.329,11.47,11.614,11.704,11.771,11.846,11.925,11.968,12.034,12.081,12.146,12.183,12.249,12.286,12.335,12.375,12.41,12.458,12.499,12.527,12.566,12.591,12.627,12.653,12.685,12.716,12.74,12.767,12.797,12.824,12.852,12.88,12.908,12.934,12.961,12.985,13.019,13.043,13.067,13.09,13.123,13.151,13.176,13.2,13.227,13.26,13.281,13.307,13.332,13.354,13.38,13.406,13.434,13.465,13.486,13.512,13.538,13.561,13.586,13.608,13.637,13.663,13.683,13.703,13.725,13.754,13.78,13.808,13.841,13.865,13.892,13.922,13.951,13.983,14.012,14.042,14.073,14.106,14.142,14.181,14.215,14.251,14.286,14.317,14.355,14.4,14.459,14.513,14.573,14.639,14.703,14.788,14.847,14.946,15.075,15.231,15.382,15.586,16.58
559,GRN FP,10.389,11.123,11.329,11.47,11.614,11.704,11.771,11.846,11.925,11.968,12.034,12.081,12.146,12.183,12.249,12.286,12.335,12.375,12.41,12.458,12.499,12.527,12.566,12.591,12.627,12.653,12.685,12.716,12.74,12.767,12.797,12.824,12.852,12.88,12.908,12.934,12.961,12.985,13.019,13.043,13.067,13.09,13.123,13.151,13.176,13.2,13.227,13.26,13.281,13.307,13.332,13.354,13.38,13.406,13.434,13.465,13.486,13.512,13.538,13.561,13.586,13.608,13.637,13.663,13.683,13.703,13.725,13.754,13.78,13.808,13.841,13.865,13.892,13.922,13.951,13.983,14.012,14.042,14.073,14.106,14.142,14.181,14.215,14.251,14.286,14.317,14.355,14.4,14.459,14.513,14.573,14.639,14.703,14.788,14.847,14.946,15.075,15.231,15.382,15.586,16.58
560,GRN FP,10.59,11.185,11.381,11.512,11.633,11.727,11.824,11.889,11.945,12.014,12.093,12.152,12.196,12.238,12.283,12.324,12.356,12.398,12.436,12.469,12.5,12.528,12.559,12.59,12.632,12.668,12.7,12.728,12.761,12.79,12.819,12.849,12.884,12.905,12.935,12.96,12.984,13.008,13.031,13.058,13.088,13.117,13.142,13.165,13.183,13.209,13.238,13.262,13.287,13.316,13.344,13.373,13.394,13.416,13.441,13.466,13.489,13.509,13.534,13.565,13.584,13.605,13.633,13.664,13.697,13.728,13.749,13.764,13.784,13.809,13.834,13.857,13.886,13.923,13.948,13.98,14.012,14.045,14.084,14.115,14.165,14.195,14.234,14.268,14.305,14.336,14.381,14.418,14.464,14.502,14.558,14.624,14.684,14.744,14.821,14.891,15.006,15.119,15.261,15.631,16.571
561,GRN FP,10.59,11.185,11.381,11.512,11.633,11.727,11.824,11.889,11.945,12.014,12.093,12.152,12.196,12.238,12.283,12.324,12.356,12.398,12.436,12.469,12.5,12.528,12.559,12.59,12.632,12.668,12.7,12.728,12.761,12.79,12.819,12.849,12.884,12.905,12.935,12.96,12.984,13.008,13.031,13.058,13.088,13.117,13.142,13.165,13.183,13.209,13.238,13.262,13.287,13.316,13.344,13.373,13.394,13.416,13.441,13.466,13.489,13.509,13.534,13.565,13.584,13.605,13.633,13.664,13.697,13.728,13.749,13.764,13.784,13.809,13.834,13.857,13.886,13.923,13.948,13.98,14.012,14.045,14.084,14.115,14.165,14.195,14.234,14.268,14.305,14.336,14.381,14.418,14.464,14.502,14.558,14.624,14.684,14.744,14.821,14.891,15.006,15.119,15.261,15.631,16.571
562,GRN FP,10.551,11.189,11.395,11.559,11.672,11.765,11.852,11.928,12.01,12.071,12.12,12.173,12.219,12.261,12.304,12.35,12.404,12.446,12.487,12.52,12.551,12.581,12.609,12.65,12.684,12.716,12.749,12.779,12.81,12.838,12.864,12.887,12.911,12.937,12.966,12.985,13.004,13.029,13.054,13.078,13.108,13.133,13.161,13.188,13.213,13.239,13.259,13.282,13.311,13.34,13.369,13.397,13.421,13.443,13.467,13.488,13.506,13.527,13.549,13.57,13.599,13.627,13.648,13.675,13.702,13.729,13.754,13.783,13.809,13.839,13.862,13.887,13.915,13.942,13.975,14.01,14.036,14.069,14.103,14.134,14.161,14.199,14.232,14.273,14.303,14.34,14.389,14.43,14.461,14.498,14.536,14.592,14.644,14.703,14.778,14.869,15.006,15.132,15.288,15.54,16.34
563,GRN FP,10.551,11.189,11.395,11.559,11.672,11.765,11.852,11.928,12.01,12.071,12.12,12.173,12.219,12.261,12.304,12.35,12.404,12.446,12.487,12.52,12.551,12.581,12.609,12.65,12.684,12.716,12.749,12.779,12.81,12.838,12.864,12.887,12.911,12.937,12.966,12.985,13.004,13.029,13.054,13.078,13.108,13.133,13.161,13.188,13.213,13.239,13.259,13.282,13.311,13.34,13.369,13.397,13.421,13.443,13.467,13.488,13.506,13.527,13.549,13.57,13.599,13.627,13.648,13.675,13.702,13.729,13.754,13.783,13.809,13.839,13.862,13.887,13.915,13.942,13.975,14.01,14.036,14.069,14.103,14.134,14.161,14.199,14.232,14.273,14.303,14.34,14.389,14.43,14.461,14.498,14.536,14.592,14.644,14.703,14.778,14.869,15.006,15.132,15.288,15.54,16.34
564,GRN FP,10.746,11.247,11.47,11.635,11.75,11.858,11.914,12.005,12.08,12.131,12.195,12.252,12.294,12.343,12.398,12.435,12.468,12.497,12.536,12.563,12.591,12.625,12.652,12.685,12.719,12.751,12.778,12.809,12.836,12.869,12.896,12.921,12.947,12.974,12.996,13.015,13.038,13.056,13.079,13.102,13.13,13.159,13.188,13.208,13.233,13.264,13.284,13.308,13.325,13.351,13.372,13.391,13.418,13.443,13.463,13.491,13.514,13.542,13.564,13.583,13.609,13.633,13.66,13.688,13.707,13.727,13.755,13.784,13.807,13.832,13.855,13.884,13.909,13.932,13.957,13.989,14.026,14.052,14.079,14.113,14.145,14.184,14.226,14.258,14.286,14.32,14.362,14.392,14.446,14.491,14.545,14.589,14.648,14.708,14.773,14.852,14.972,15.069,15.266,15.569,16.199
565,GRN FP,10.746,11.247,11.47,11.635,11.75,11.858,11.914,12.005,12.08,12.131,12.195,12.252,12.294,12.343,12.398,12.435,12.468,12.497,12.536,12.563,12.591,12.625,12.652,12.685,12.719,12.751,12.778,12.809,12.836,12.869,12.896,12.921,12.947,12.974,12.996,13.015,13.038,13.056,13.079,13.102,13.13,13.159,13.188,13.208,13.233,13.264,13.284,13.308,13.325,13.351,13.372,13.391,13.418,13.443,13.463,13.491,13.514,13.542,13.564,13.583,13.609,13.633,13.66,13.688,13.707,13.727,13.755,13.784,13.807,13.832,13.855,13.884,13.909,13.932,13.957,13.989,14.026,14.052,14.079,14.113,14.145,14.184,14.226,14.258,14.286,14.32,14.362,14.392,14.446,14.491,14.545,14.589,14.648,14.708,14.773,14.852,14.972,15.069,15.266,15.569,16.199
566,GRN FP,10.658,11.272,11.56,11.689,11.786,11.913,11.978,12.048,12.099,12.17,12.215,12.266,12.326,12.363,12.41,12.454,12.482,12.525,12.557,12.583,12.619,12.665,12.696,12.726,12.758,12.784,12.81,12.834,12.858,12.882,12.903,12.931,12.955,12.978,13.004,13.023,13.044,13.076,13.109,13.131,13.159,13.179,13.199,13.231,13.252,13.278,13.305,13.33,13.355,13.378,13.405,13.425,13.446,13.47,13.489,13.512,13.529,13.547,13.569,13.593,13.616,13.645,13.675,13.699,13.723,13.757,13.783,13.798,13.826,13.847,13.869,13.899,13.926,13.951,13.986,14.01,14.037,14.066,14.093,14.126,14.157,14.191,14.22,14.256,14.286,14.321,14.36,14.402,14.441,14.487,14.535,14.584,14.648,14.714,14.787,14.866,14.953,15.055,15.23,15.456,16.307
567,GRN FP,10.658,11.272,11.56,11.689,11.786,11.913,11.978,12.048,12.099,12.17,12.215,12.266,12.326,12.363,12.41,12.454,12.482,12.525,12.557,12.583,12.619,12.665,12.696,12.726,12.758,12.784,12.81,12.834,12.858,12.882,12.903,12.931,12.955,12.978,13.004,13.023,13.044,13.076,13.109,13.131,13.159,13.179,13.199,13.231,13.252,13.278,13.305,13.33,13.355,13.378,13.405,13.425,13.446,13.47,13.489,13.512,13.529,13.547,13.569,13.593,13.616,13.645,13.675,13.699,13.723,13.757,13.783,13.798,13.826,13.847,13.869,13.899,13.926,13.951,13.986,14.01,14.037,14.066,14.093,14.126,14.157,14.191,14.22,14.256,14.286,14.321,14.36,14.402,14.441,14.487,14.535,14.584,14.648,14.714,14.787,14.866,14.953,15.055,15.23,15.456,16.307
568,GRN FP,10.506,11.172,11.432,11.606,11.735,11.81,11.89,11.975,12.042,12.105,12.157,12.198,12.25,12.299,12.342,12.384,12.418,12.447,12.487,12.53,12.562,12.591,12.616,12.646,12.674,12.703,12.73,12.767,12.798,12.827,12.853,12.883,12.911,12.944,12.97,13.0,13.026,13.048,13.07,13.093,13.112,13.141,13.167,13.19,13.22,13.244,13.266,13.29,13.318,13.341,13.371,13.395,13.414,13.437,13.463,13.492,13.51,13.536,13.556,13.576,13.6,13.619,13.646,13.674,13.696,13.726,13.749,13.774,13.803,13.827,13.855,13.883,13.905,13.934,13.962,13.994,14.017,14.05,14.081,14.107,14.132,14.161,14.197,14.232,14.268,14.307,14.355,14.393,14.442,14.479,14.532,14.582,14.639,14.712,14.778,14.859,14.955,15.045,15.207,15.464,16.183
569,GRN FP,10.506,11.172,11.432,11.606,11.735,11.81,11.89,11.975,12.042,12.105,12.157,12.198,12.25,12.299,12.342,12.384,12.418,12.447,12.487,12.53,12.562,12.591,12.616,12.646,12.674,12.703,12.73,12.767,12.798,12.827,12.853,12.883,12.911,12.944,12.97,13.0,13.026,13.048,13.07,13.093,13.112,13.141,13.167,13.19,13.22,13.244,13.266,13.29,13.318,13.341,13.371,13.395,13.414,13.437,13.463,13.492,13.51,13.536,13.556,13.576,13.6,13.619,13.646,13.674,13.696,13.726,13.749,13.774,13.803,13.827,13.855,13.883,13.905,13.934,13.962,13.994,14.017,14.05,14.081,14.107,14.132,14.161,14.197,14.232,14.268,14.307,14.355,14.393,14.442,14.479,14.532,14.582,14.639,14.712,14.778,14.859,14.955,15.045,15.207,15.464,16.183
570,GRN FP,10.386,11.047,11.371,11.528,11.659,11.759,11.845,11.925,11.972,12.028,12.078,12.133,12.185,12.231,12.275,12.323,12.358,12.395,12.428,12.466,12.501,12.537,12.57,12.599,12.63,12.657,12.694,12.723,12.754,12.785,12.813,12.839,12.863,12.893,12.921,12.946,12.979,13.002,13.034,13.061,13.089,13.109,13.132,13.157,13.196,13.223,13.245,13.268,13.292,13.312,13.336,13.362,13.386,13.402,13.424,13.454,13.479,13.502,13.528,13.557,13.581,13.607,13.634,13.668,13.696,13.718,13.744,13.774,13.796,13.82,13.845,13.871,13.895,13.921,13.948,13.976,14.025,14.049,14.079,14.109,14.144,14.175,14.214,14.26,14.3,14.342,14.385,14.422,14.467,14.518,14.568,14.613,14.666,14.723,14.794,14.866,14.968,15.075,15.241,15.533,16.259
571,GRN FP,10.386,11.047,11.371,11.528,11.659,11.759,11.845,11.925,11.972,12.028,12.078,12.133,12.185,12.231,12.275,12.323,12.358,12.395,12.428,12.466,12.501,12.537,12.57,12.599,12.63,12.657,12.694,12.723,12.754,12.785,12.813,12.839,12.863,12.893,12.921,12.946,12.979,13.002,13.034,13.061,13.089,13.109,13.132,13.157,13.196,13.223,13.245,13.268,13.292,13.312,13.336,13.362,13.386,13.402,13.424,13.454,13.479,13.502,13.528,13.557,13.581,13.607,13.634,13.668,13.696,13.718,13.744,13.774,13.796,13.82,13.845,13.871,13.895,13.921,13.948,13.976,14.025,14.049,14.079,14.109,14.144,14.175,14.214,14.26,14.3,14.342,14.385,14.422,14.467,14.518,14.568,14.613,14.666,14.723,14.794,14.866,14.968,15.075,15.241,15.533,16.259
572,GRN FP,10.228,11.063,11.317,11.453,11.557,11.671,11.751,11.823,11.892,11.954,12.003,12.063,12.113,12.158,12.205,12.252,12.293,12.331,12.365,12.403,12.434,12.468,12.509,12.54,12.572,12.606,12.638,12.665,12.687,12.715,12.749,12.783,12.822,12.845,12.869,12.888,12.928,12.949,12.976,13.004,13.034,13.06,13.085,13.109,13.138,13.158,13.188,13.215,13.24,13.264,13.292,13.314,13.343,13.369,13.389,13.411,13.433,13.46,13.499,13.525,13.547,13.577,13.608,13.633,13.657,13.691,13.719,13.75,13.769,13.798,13.833,13.86,13.903,13.94,13.97,13.997,14.032,14.053,14.082,14.119,14.149,14.184,14.213,14.258,14.291,14.323,14.38,14.425,14.478,14.529,14.586,14.635,14.692,14.756,14.835,14.92,15.004,15.134,15.278,15.559,16.45
573,GRN FP,10.228,11.063,11.317,11.453,11.557,11.671,11.751,11.823,11.892,11.954,12.003,12.063,12.113,12.158,12.205,12.252,12.293,12.331,12.365,12.403,12.434,12.468,12.509,12.54,12.572,12.606,12.638,12.665,12.687,12.715,12.749,12.783,12.822,12.845,12.869,12.888,12.928,12.949,12.976,13.004,13.034,13.06,13.085,13.109,13.138,13.158,13.188,13.215,13.24,13.264,13.292,13.314,13.343,13.369,13.389,13.411,13.433,13.46,13.499,13.525,13.547,13.577,13.608,13.633,13.657,13.691,13.719,13.75,13.769,13.798,13.833,13.86,13.903,13.94,13.97,13.997,14.032,14.053,14.082,14.119,14.149,14.184,14.213,14.258,14.291,14.323,14.38,14.425,14.478,14.529,14.586,14.635,14.692,14.756,14.835,14.92,15.004,15.134,15.278,15.559,16.45
574,GRN FP,10.13,10.906,11.204,11.324,11.478,11.596,11.693,11.762,11.823,11.882,11.953,12.018,12.063,12.099,12.139,12.187,12.231,12.268,12.314,12.348,12.383,12.411,12.451,12.482,12.518,12.554,12.583,12.606,12.651,12.689,12.73,12.764,12.793,12.813,12.835,12.864,12.898,12.921,12.945,12.97,13.0,13.023,13.048,13.071,13.089,13.118,13.143,13.176,13.197,13.231,13.257,13.295,13.324,13.352,13.375,13.402,13.427,13.452,13.475,13.498,13.525,13.55,13.578,13.606,13.635,13.664,13.69,13.722,13.755,13.781,13.803,13.839,13.867,13.893,13.927,13.964,13.996,14.039,14.074,14.119,14.153,14.183,14.214,14.248,14.295,14.34,14.391,14.424,14.468,14.535,14.578,14.637,14.693,14.773,14.862,14.94,15.022,15.162,15.333,15.571,16.498
575,GRN FP,10.13,10.906,11.204,11.324,11.478,11.596,11.693,11.762,11.823,11.882,11.953,12.018,12.063,12.099,12.139,12.187,12.231,12.268,12.314,12.348,12.383,12.411,12.451,12.482,12.518,12.554,12.583,12.606,12.651,12.689,12.73,12.764,12.793,12.813,12.835,12.864,12.898,12.921,12.945,12.97,13.0,13.023,13.048,13.071,13.089,13.118,13.143,13.176,13.197,13.231,13.257,13.295,13.324,13.352,13.375,13.402,13.427,13.452,13.475,13.498,13.525,13.55,13.578,13.606,13.635,13.664,13.69,13.722,13.755,13.781,13.803,13.839,13.867,13.893,13.927,13.964,13.996,14.039,14.074,14.119,14.153,14.183,14.214,14.248,14.295,14.34,14.391,14.424,14.468,14.535,14.578,14.637,14.693,14.773,14.862,14.94,15.022,15.162,15.333,15.571,16.498
576,GRN FP,10.197,10.886,11.103,11.281,11.446,11.541,11.639,11.715,11.763,11.846,11.905,11.973,12.025,12.068,12.115,12.163,12.204,12.248,12.284,12.323,12.356,12.392,12.423,12.452,12.485,12.516,12.546,12.576,12.609,12.634,12.666,12.703,12.733,12.764,12.798,12.827,12.856,12.884,12.914,12.943,12.973,13.008,13.035,13.061,13.09,13.114,13.139,13.169,13.199,13.222,13.248,13.269,13.292,13.323,13.35,13.374,13.407,13.437,13.459,13.486,13.514,13.538,13.566,13.594,13.621,13.656,13.681,13.707,13.733,13.767,13.804,13.831,13.879,13.909,13.943,13.976,14.007,14.044,14.077,14.111,14.153,14.192,14.237,14.284,14.328,14.363,14.403,14.445,14.488,14.547,14.588,14.648,14.702,14.766,14.84,14.922,15.043,15.147,15.334,15.683,16.548
577,GRN FP,10.197,10.886,11.103,11.281,11.446,11.541,11.639,11.715,11.763,11.846,11.905,11.973,12.025,12.068,12.115,12.163,12.204,12.248,12.284,12.323,12.356,12.392,12.423,12.452,12.485,12.516,12.546,12.576,12.609,12.634,12.666,12.703,12.733,12.764,12.798,12.827,12.856,12.884,12.914,12.943,12.973,13.008,13.035,13.061,13.09,13.114,13.139,13.169,13.199,13.222,13.248,13.269,13.292,13.323,13.35,13.374,13.407,13.437,13.459,13.486,13.514,13.538,13.566,13.594,13.621,13.656,13.681,13.707,13.733,13.767,13.804,13.831,13.879,13.909,13.943,13.976,14.007,14.044,14.077,14.111,14.153,14.192,14.237,14.284,14.328,14.363,14.403,14.445,14.488,14.547,14.588,14.648,14.702,14.766,14.84,14.922,15.043,15.147,15.334,15.683,16.548
578,GRN FP,10.209,10.71,11.086,11.262,11.351,11.449,11.532,11.631,11.722,11.791,11.861,11.906,11.967,12.019,12.068,12.113,12.161,12.199,12.239,12.278,12.315,12.342,12.368,12.401,12.435,12.474,12.513,12.548,12.585,12.62,12.645,12.675,12.705,12.729,12.753,12.782,12.808,12.84,12.868,12.903,12.934,12.975,12.997,13.02,13.048,13.078,13.107,13.135,13.16,13.188,13.209,13.24,13.268,13.303,13.328,13.354,13.379,13.41,13.436,13.462,13.495,13.519,13.545,13.573,13.6,13.631,13.659,13.694,13.719,13.745,13.779,13.812,13.84,13.87,13.901,13.944,13.984,14.026,14.055,14.09,14.132,14.174,14.201,14.244,14.29,14.353,14.408,14.445,14.486,14.535,14.593,14.666,14.728,14.803,14.871,14.972,15.086,15.202,15.37,15.678,16.824
579,GRN FP,10.209,10.71,11.086,11.262,11.351,11.449,11.532,11.631,11.722,11.791,11.861,11.906,11.967,12.019,12.068,12.113,12.161,12.199,12.239,12.278,12.315,12.342,12.368,12.401,12.435,12.474,12.513,12.548,12.585,12.62,12.645,12.675,12.705,12.729,12.753,12.782,12.808,12.84,12.868,12.903,12.934,12.975,12.997,13.02,13.048,13.078,13.107,13.135,13.16,13.188,13.209,13.24,13.268,13.303,13.328,13.354,13.379,13.41,13.436,13.462,13.495,13.519,13.545,13.573,13.6,13.631,13.659,13.694,13.719,13.745,13.779,13.812,13.84,13.87,13.901,13.944,13.984,14.026,14.055,14.09,14.132,14.174,14.201,14.244,14.29,14.353,14.408,14.445,14.486,14.535,14.593,14.666,14.728,14.803,14.871,14.972,15.086,15.202,15.37,15.678,16.824
580,GRN FP,10.076,10.73,11.02,11.194,11.345,11.429,11.514,11.606,11.665,11.739,11.802,11.866,11.913,11.973,12.027,12.058,12.096,12.137,12.184,12.221,12.262,12.302,12.331,12.362,12.418,12.459,12.493,12.531,12.558,12.597,12.628,12.652,12.686,12.718,12.746,12.772,12.804,12.827,12.854,12.878,12.916,12.938,12.962,12.987,13.013,13.041,13.066,13.089,13.124,13.153,13.183,13.207,13.234,13.259,13.291,13.328,13.354,13.382,13.406,13.434,13.462,13.49,13.515,13.547,13.572,13.607,13.637,13.668,13.697,13.726,13.75,13.777,13.818,13.842,13.877,13.911,13.949,13.999,14.034,14.068,14.11,14.148,14.186,14.229,14.276,14.325,14.369,14.421,14.469,14.523,14.579,14.648,14.701,14.781,14.862,14.962,15.087,15.227,15.447,15.737,16.48
581,GRN FP,10.076,10.73,11.02,11.194,11.345,11.429,11.514,11.606,11.665,11.739,11.802,11.866,11.913,11.973,12.027,12.058,12.096,12.137,12.184,12.221,12.262,12.302,12.331,12.362,12.418,12.459,12.493,12.531,12.558,12.597,12.628,12.652,12.686,12.718,12.746,12.772,12.804,12.827,12.854,12.878,12.916,12.938,12.962,12.987,13.013,13.041,13.066,13.089,13.124,13.153,13.183,13.207,13.234,13.259,13.291,13.328,13.354,13.382,13.406,13.434,13.462,13.49,13.515,13.547,13.572,13.607,13.637,13.668,13.697,13.726,13.75,13.777,13.818,13.842,13.877,13.911,13.949,13.999,14.034,14.068,14.11,14.148,14.186,14.229,14.276,14.325,14.369,14.421,14.469,14.523,14.579,14.648,14.701,14.781,14.862,14.962,15.087,15.227,15.447,15.737,16.48
582,GRN FP,10.165,10.65,10.932,11.134,11.262,11.363,11.443,11.532,11.599,11.644,11.701,11.774,11.838,11.894,11.973,12.022,12.069,12.123,12.168,12.2,12.234,12.262,12.3,12.334,12.375,12.407,12.445,12.474,12.513,12.554,12.58,12.614,12.649,12.691,12.722,12.747,12.772,12.801,12.833,12.855,12.884,12.912,12.943,12.972,13.001,13.033,13.064,13.103,13.127,13.15,13.172,13.201,13.223,13.251,13.281,13.309,13.339,13.366,13.393,13.424,13.457,13.483,13.514,13.542,13.568,13.592,13.625,13.648,13.679,13.711,13.738,13.765,13.793,13.82,13.849,13.884,13.931,13.972,14.0,14.045,14.075,14.113,14.163,14.209,14.264,14.314,14.359,14.412,14.452,14.501,14.569,14.631,14.711,14.786,14.884,14.969,15.052,15.221,15.447,15.657,16.458
583,GRN FP,10.165,10.65,10.932,11.134,11.262,11.363,11.443,11.532,11.599,11.644,11.701,11.774,11.838,11.894,11.973,12.022,12.069,12.123,12.168,12.2,12.234,12.262,12.3,12.334,12.375,12.407,12.445,12.474,12.513,12.554,12.58,12.614,12.649,12.691,12.722,12.747,12.772,12.801,12.833,12.855,12.884,12.912,12.943,12.972,13.001,13.033,13.064,13.103,13.127,13.15,13.172,13.201,13.223,13.251,13.281,13.309,13.339,13.366,13.393,13.424,13.457,13.483,13.514,13.542,13.568,13.592,13.625,13.648,13.679,13.711,13.738,13.765,13.793,13.82,13.849,13.884,13.931,13.972,14.0,14.045,14.075,14.113,14.163,14.209,14.264,14.314,14.359,14.412,14.452,14.501,14.569,14.631,14.711,14.786,14.884,14.969,15.052,15.221,15.447,15.657,16.458
584,GRN FP,9.901,10.557,10.898,11.049,11.203,11.298,11.387,11.466,11.559,11.634,11.707,11.769,11.838,11.892,11.941,12.003,12.049,12.086,12.13,12.163,12.206,12.252,12.285,12.316,12.354,12.386,12.431,12.462,12.494,12.527,12.562,12.597,12.625,12.662,12.697,12.726,12.755,12.782,12.804,12.835,12.857,12.882,12.915,12.939,12.972,12.997,13.021,13.047,13.075,13.107,13.138,13.16,13.19,13.219,13.241,13.264,13.304,13.336,13.369,13.395,13.433,13.456,13.483,13.509,13.542,13.568,13.599,13.629,13.657,13.697,13.728,13.753,13.78,13.811,13.84,13.886,13.915,13.954,13.99,14.03,14.059,14.094,14.136,14.186,14.228,14.277,14.332,14.379,14.437,14.486,14.557,14.623,14.7,14.774,14.857,14.964,15.064,15.214,15.37,15.659,16.663
585,GRN FP,9.901,10.557,10.898,11.049,11.203,11.298,11.387,11.466,11.559,11.634,11.707,11.769,11.838,11.892,11.941,12.003,12.049,12.086,12.13,12.163,12.206,12.252,12.285,12.316,12.354,12.386,12.431,12.462,12.494,12.527,12.562,12.597,12.625,12.662,12.697,12.726,12.755,12.782,12.804,12.835,12.857,12.882,12.915,12.939,12.972,12.997,13.021,13.047,13.075,13.107,13.138,13.16,13.19,13.219,13.241,13.264,13.304,13.336,13.369,13.395,13.433,13.456,13.483,13.509,13.542,13.568,13.599,13.629,13.657,13.697,13.728,13.753,13.78,13.811,13.84,13.886,13.915,13.954,13.99,14.03,14.059,14.094,14.136,14.186,14.228,14.277,14.332,14.379,14.437,14.486,14.557,14.623,14.7,14.774,14.857,14.964,15.064,15.214,15.37,15.659,16.663
586,GRN FP,9.89,10.497,10.739,11.02,11.177,11.299,11.383,11.491,11.57,11.641,11.703,11.759,11.813,11.863,11.917,11.965,12.007,12.047,12.085,12.118,12.171,12.206,12.24,12.276,12.317,12.354,12.384,12.418,12.454,12.48,12.519,12.555,12.593,12.627,12.65,12.679,12.702,12.73,12.767,12.799,12.827,12.861,12.884,12.912,12.945,12.969,12.995,13.019,13.045,13.072,13.103,13.131,13.164,13.188,13.218,13.246,13.274,13.302,13.333,13.36,13.392,13.421,13.453,13.477,13.506,13.535,13.555,13.587,13.616,13.648,13.678,13.723,13.751,13.784,13.816,13.849,13.89,13.932,13.975,14.025,14.058,14.121,14.165,14.211,14.251,14.294,14.333,14.385,14.442,14.498,14.547,14.6,14.667,14.733,14.806,14.921,15.06,15.245,15.4,15.649,16.658
587,GRN FP,9.89,10.497,10.739,11.02,11.177,11.299,11.383,11.491,11.57,11.641,11.703,11.759,11.813,11.863,11.917,11.965,12.007,12.047,12.085,12.118,12.171,12.206,12.24,12.276,12.317,12.354,12.384,12.418,12.454,12.48,12.519,12.555,12.593,12.627,12.65,12.679,12.702,12.73,12.767,12.799,12.827,12.861,12.884,12.912,12.945,12.969,12.995,13.019,13.045,13.072,13.103,13.131,13.164,13.188,13.218,13.246,13.274,13.302,13.333,13.36,13.392,13.421,13.453,13.477,13.506,13.535,13.555,13.587,13.616,13.648,13.678,13.723,13.751,13.784,13.816,13.849,13.89,13.932,13.975,14.025,14.058,14.121,14.165,14.211,14.251,14.294,14.333,14.385,14.442,14.498,14.547,14.6,14.667,14.733,14.806,14.921,15.06,15.245,15.4,15.649,16.658
588,GRN FP,9.704,10.48,10.826,10.965,11.096,11.23,11.358,11.438,11.499,11.58,11.63,11.69,11.751,11.819,11.869,11.914,11.958,11.992,12.042,12.073,12.111,12.157,12.209,12.249,12.281,12.322,12.362,12.394,12.421,12.457,12.493,12.515,12.549,12.58,12.622,12.657,12.69,12.718,12.742,12.772,12.806,12.841,12.875,12.903,12.934,12.963,12.985,13.009,13.031,13.054,13.084,13.105,13.131,13.16,13.183,13.209,13.243,13.279,13.313,13.337,13.367,13.401,13.436,13.46,13.49,13.519,13.554,13.584,13.619,13.653,13.68,13.716,13.745,13.772,13.796,13.832,13.869,13.903,13.932,13.963,14.016,14.064,14.101,14.148,14.2,14.247,14.29,14.346,14.399,14.455,14.518,14.576,14.66,14.755,14.824,14.932,15.062,15.165,15.445,15.785,16.583
589,GRN FP,9.704,10.48,10.826,10.965,11.096,11.23,11.358,11.438,11.499,11.58,11.63,11.69,11.751,11.819,11.869,11.914,11.958,11.992,12.042,12.073,12.111,12.157,12.209,12.249,12.281,12.322,12.362,12.394,12.421,12.457,12.493,12.515,12.549,12.58,12.622,12.657,12.69,12.718,12.742,12.772,12.806,12.841,12.875,12.903,12.934,12.963,12.985,13.009,13.031,13.054,13.084,13.105,13.131,13.16,13.183,13.209,13.243,13.279,13.313,13.337,13.367,13.401,13.436,13.46,13.49,13.519,13.554,13.584,13.619,13.653,13.68,13.716,13.745,13.772,13.796,13.832,13.869,13.903,13.932,13.963,14.016,14.064,14.101,14.148,14.2,14.247,14.29,14.346,14.399,14.455,14.518,14.576,14.66,14.755,14.824,14.932,15.062,15.165,15.445,15.785,16.583
590,GRN FP,9.707,10.468,10.772,10.967,11.112,11.254,11.335,11.406,11.465,11.535,11.592,11.638,11.704,11.769,11.819,11.881,11.946,11.987,12.022,12.06,12.088,12.13,12.167,12.202,12.239,12.278,12.313,12.342,12.377,12.411,12.446,12.49,12.516,12.55,12.571,12.601,12.633,12.661,12.7,12.734,12.766,12.801,12.831,12.862,12.885,12.918,12.945,12.973,13.002,13.032,13.054,13.076,13.108,13.144,13.188,13.216,13.239,13.272,13.296,13.319,13.354,13.384,13.411,13.444,13.472,13.498,13.521,13.558,13.579,13.605,13.629,13.66,13.689,13.725,13.758,13.796,13.835,13.876,13.92,13.962,14.005,14.051,14.092,14.149,14.192,14.236,14.287,14.344,14.396,14.453,14.506,14.585,14.677,14.744,14.816,14.943,15.084,15.234,15.427,15.757,16.701
591,GRN FP,9.707,10.468,10.772,10.967,11.112,11.254,11.335,11.406,11.465,11.535,11.592,11.638,11.704,11.769,11.819,11.881,11.946,11.987,12.022,12.06,12.088,12.13,12.167,12.202,12.239,12.278,12.313,12.342,12.377,12.411,12.446,12.49,12.516,12.55,12.571,12.601,12.633,12.661,12.7,12.734,12.766,12.801,12.831,12.862,12.885,12.918,12.945,12.973,13.002,13.032,13.054,13.076,13.108,13.144,13.188,13.216,13.239,13.272,13.296,13.319,13.354,13.384,13.411,13.444,13.472,13.498,13.521,13.558,13.579,13.605,13.629,13.66,13.689,13.725,13.758,13.796,13.835,13.876,13.92,13.962,14.005,14.051,14.092,14.149,14.192,14.236,14.287,14.344,14.396,14.453,14.506,14.585,14.677,14.744,14.816,14.943,15.084,15.234,15.427,15.757,16.701
592,GRN FP,9.491,10.562,10.76,10.908,11.063,11.2,11.27,11.374,11.466,11.519,11.587,11.65,11.705,11.766,11.817,11.847,11.894,11.936,11.973,12.012,12.04,12.08,12.121,12.15,12.191,12.231,12.262,12.309,12.347,12.38,12.422,12.448,12.478,12.524,12.562,12.601,12.634,12.665,12.693,12.724,12.744,12.776,12.8,12.825,12.857,12.885,12.918,12.955,12.982,13.012,13.042,13.069,13.096,13.124,13.148,13.174,13.209,13.238,13.274,13.296,13.32,13.349,13.376,13.403,13.425,13.453,13.485,13.516,13.54,13.57,13.599,13.626,13.656,13.69,13.724,13.763,13.799,13.843,13.884,13.921,13.968,13.999,14.042,14.102,14.149,14.202,14.257,14.309,14.362,14.415,14.481,14.569,14.629,14.712,14.847,14.951,15.072,15.185,15.449,15.721,16.472
593,GRN FP,9.491,10.562,10.76,10.908,11.063,11.2,11.27,11.374,11.466,11.519,11.587,11.65,11.705,11.766,11.817,11.847,11.894,11.936,11.973,12.012,12.04,12.08,12.121,12.15,12.191,12.231,12.262,12.309,12.347,12.38,12.422,12.448,12.478,12.524,12.562,12.601,12.634,12.665,12.693,12.724,12.744,12.776,12.8,12.825,12.857,12.885,12.918,12.955,12.982,13.012,13.042,13.069,13.096,13.124,13.148,13.174,13.209,13.238,13.274,13.296,13.32,13.349,13.376,13.403,13.425,13.453,13.485,13.516,13.54,13.57,13.599,13.626,13.656,13.69,13.724,13.763,13.799,13.843,13.884,13.921,13.968,13.999,14.042,14.102,14.149,14.202,14.257,14.309,14.362,14.415,14.481,14.569,14.629,14.712,14.847,14.951,15.072,15.185,15.449,15.721,16.472
594,GRN FP,9.532,10.398,10.71,10.915,11.061,11.178,11.26,11.359,11.42,11.487,11.556,11.618,11.656,11.701,11.756,11.81,11.871,11.916,11.964,12.001,12.03,12.062,12.093,12.133,12.167,12.197,12.23,12.281,12.32,12.361,12.407,12.438,12.472,12.5,12.527,12.558,12.586,12.618,12.658,12.686,12.71,12.733,12.768,12.792,12.827,12.858,12.876,12.915,12.945,12.973,13.002,13.031,13.057,13.076,13.1,13.128,13.153,13.175,13.201,13.234,13.254,13.286,13.315,13.343,13.369,13.4,13.427,13.453,13.492,13.526,13.569,13.605,13.647,13.684,13.719,13.757,13.798,13.836,13.87,13.908,13.94,13.99,14.029,14.083,14.134,14.183,14.238,14.278,14.335,14.395,14.467,14.566,14.662,14.749,14.827,14.934,15.043,15.152,15.377,15.717,16.371
595,GRN FP,9.532,10.398,10.71,10.915,11.061,11.178,11.26,11.359,11.42,11.487,11.556,11.618,11.656,11.701,11.756,11.81,11.871,11.916,11.964,12.001,12.03,12.062,12.093,12.133,12.167,12.197,12.23,12.281,12.32,12.361,12.407,12.438,12.472,12.5,12.527,12.558,12.586,12.618,12.658,12.686,12.71,12.733,12.768,12.792,12.827,12.858,12.876,12.915,12.945,12.973,13.002,13.031,13.057,13.076,13.1,13.128,13.153,13.175,13.201,13.234,13.254,13.286,13.315,13.343,13.369,13.4,13.427,13.453,13.492,13.526,13.569,13.605,13.647,13.684,13.719,13.757,13.798,13.836,13.87,13.908,13.94,13.99,14.029,14.083,14.134,14.183,14.238,14.278,14.335,14.395,14.467,14.566,14.662,14.749,14.827,14.934,15.043,15.152,15.377,15.717,16.371
596,GRN FP,9.647,10.47,10.729,10.88,10.995,11.1,11.215,11.284,11.352,11.426,11.5,11.567,11.619,11.686,11.738,11.788,11.85,11.884,11.926,11.987,12.019,12.064,12.118,12.149,12.189,12.221,12.259,12.298,12.326,12.354,12.392,12.422,12.452,12.491,12.519,12.549,12.581,12.613,12.641,12.664,12.691,12.725,12.749,12.777,12.805,12.836,12.861,12.883,12.915,12.939,12.964,12.988,13.007,13.032,13.058,13.084,13.111,13.133,13.161,13.192,13.218,13.249,13.282,13.313,13.337,13.374,13.412,13.453,13.488,13.514,13.539,13.576,13.611,13.646,13.685,13.72,13.761,13.799,13.842,13.878,13.916,13.957,14.003,14.05,14.096,14.143,14.192,14.253,14.331,14.382,14.456,14.524,14.609,14.672,14.793,14.876,15.014,15.194,15.409,15.693,16.642
597,GRN FP,9.647,10.47,10.729,10.88,10.995,11.1,11.215,11.284,11.352,11.426,11.5,11.567,11.619,11.686,11.738,11.788,11.85,11.884,11.926,11.987,12.019,12.064,12.118,12.149,12.189,12.221,12.259,12.298,12.326,12.354,12.392,12.422,12.452,12.491,12.519,12.549,12.581,12.613,12.641,12.664,12.691,12.725,12.749,12.777,12.805,12.836,12.861,12.883,12.915,12.939,12.964,12.988,13.007,13.032,13.058,13.084,13.111,13.133,13.161,13.192,13.218,13.249,13.282,13.313,13.337,13.374,13.412,13.453,13.488,13.514,13.539,13.576,13.611,13.646,13.685,13.72,13.761,13.799,13.842,13.878,13.916,13.957,14.003,14.05,14.096,14.143,14.192,14.253,14.331,14.382,14.456,14.524,14.609,14.672,14.793,14.876,15.014,15.194,15.409,15.693,16.642
598,GRN FP,9.718,10.384,10.648,10.834,10.98,11.118,11.208,11.285,11.353,11.413,11.498,11.557,11.609,11.675,11.733,11.788,11.837,11.875,11.917,11.96,12.007,12.041,12.092,12.121,12.152,12.186,12.223,12.263,12.296,12.324,12.347,12.376,12.413,12.441,12.47,12.498,12.539,12.571,12.598,12.622,12.656,12.69,12.721,12.748,12.778,12.808,12.832,12.858,12.885,12.909,12.939,12.966,12.988,13.014,13.042,13.073,13.097,13.134,13.168,13.196,13.225,13.254,13.287,13.317,13.346,13.378,13.4,13.434,13.467,13.493,13.528,13.565,13.6,13.629,13.657,13.691,13.727,13.779,13.817,13.863,13.918,13.967,14.013,14.058,14.102,14.143,14.192,14.239,14.3,14.368,14.424,14.482,14.562,14.655,14.759,14.868,15.0,15.117,15.276,15.582,16.41
599,GRN FP,9.718,10.384,10.648,10.834,10.98,11.118,11.208,11.285,11.353,11.413,11.498,11.557,11.609,11.675,11.733,11.788,11.837,11.875,11.917,11.96,12.007,12.041,12.092,12.121,12.152,12.186,12.223,12.263,12.296,12.324,12.347,12.376,12.413,12.441,12.47,12.498,12.539,12.571,12.598,12.622,12.656,12.69,12.721,12.748,12.778,12.808,12.832,12.858,12.885,12.909,12.939,12.966,12.988,13.014,13.042,13.073,13.097,13.134,13.168,13.196,13.225,13.254,13.287,13.317,13.346,13.378,13.4,13.434,13.467,13.493,13.528,13.565,13.6,13.629,13.657,13.691,13.727,13.779,13.817,13.863,13.918,13.967,14.013,14.058,14.102,14.143,14.192,14.239,14.3,14.368,14.424,14.482,14.562,14.655,14.759,14.868,15.0,15.117,15.276,15.582,16.41
600,GRN FP,9.664,10.415,10.691,10.841,10.95,11.09,11.195,11.287,11.363,11.445,11.507,11.565,11.613,11.67,11.725,11.789,11.822,11.868,11.914,11.956,11.996,12.037,12.083,12.116,12.146,12.182,12.211,12.243,12.269,12.299,12.337,12.36,12.394,12.423,12.462,12.487,12.517,12.541,12.569,12.597,12.629,12.662,12.684,12.711,12.742,12.772,12.805,12.838,12.867,12.89,12.91,12.942,12.969,12.994,13.025,13.049,13.08,13.111,13.14,13.163,13.19,13.231,13.266,13.297,13.324,13.348,13.382,13.414,13.441,13.474,13.504,13.546,13.589,13.63,13.659,13.698,13.736,13.77,13.806,13.846,13.886,13.922,13.953,14.006,14.043,14.089,14.132,14.189,14.248,14.293,14.353,14.426,14.494,14.58,14.688,14.815,14.942,15.09,15.228,15.561,16.506
601,GRN FP,9.664,10.415,10.691,10.841,10.95,11.09,11.195,11.287,11.363,11.445,11.507,11.565,11.613,11.67,11.725,11.789,11.822,11.868,11.914,11.956,11.996,12.037,12.083,12.116,12.146,12.182,12.211,12.243,12.269,12.299,12.337,12.36,12.394,12.423,12.462,12.487,12.517,12.541,12.569,12.597,12.629,12.662,12.684,12.711,12.742,12.772,12.805,12.838,12.867,12.89,12.91,12.942,12.969,12.994,13.025,13.049,13.08,13.111,13.14,13.163,13.19,13.231,13.266,13.297,13.324,13.348,13.382,13.414,13.441,13.474,13.504,13.546,13.589,13.63,13.659,13.698,13.736,13.77,13.806,13.846,13.886,13.922,13.953,14.006,14.043,14.089,14.132,14.189,14.248,14.293,14.353,14.426,14.494,14.58,14.688,14.815,14.942,15.09,15.228,15.561,16.506
602,GRN FP,9.798,10.415,10.677,10.832,10.957,11.07,11.159,11.253,11.35,11.408,11.478,11.539,11.587,11.645,11.694,11.744,11.786,11.826,11.868,11.903,11.953,11.992,12.026,12.053,12.094,12.13,12.169,12.209,12.244,12.279,12.31,12.341,12.375,12.407,12.438,12.461,12.497,12.521,12.547,12.572,12.605,12.637,12.663,12.691,12.717,12.74,12.767,12.794,12.822,12.851,12.876,12.902,12.931,12.966,12.991,13.028,13.061,13.094,13.119,13.158,13.182,13.216,13.242,13.273,13.298,13.334,13.37,13.4,13.429,13.463,13.496,13.531,13.556,13.578,13.608,13.643,13.685,13.729,13.757,13.789,13.834,13.864,13.896,13.936,13.976,14.023,14.076,14.146,14.19,14.243,14.306,14.379,14.447,14.531,14.612,14.772,14.876,15.029,15.268,15.5,16.376
603,GRN FP,9.798,10.415,10.677,10.832,10.957,11.07,11.159,11.253,11.35,11.408,11.478,11.539,11.587,11.645,11.694,11.744,11.786,11.826,11.868,11.903,11.953,11.992,12.026,12.053,12.094,12.13,12.169,12.209,12.244,12.279,12.31,12.341,12.375,12.407,12.438,12.461,12.497,12.521,12.547,12.572,12.605,12.637,12.663,12.691,12.717,12.74,12.767,12.794,12.822,12.851,12.876,12.902,12.931,12.966,12.991,13.028,13.061,13.094,13.119,13.158,13.182,13.216,13.242,13.273,13.298,13.334,13.37,13.4,13.429,13.463,13.496,13.531,13.556,13.578,13.608,13.643,13.685,13.729,13.757,13.789,13.834,13.864,13.896,13.936,13.976,14.023,14.076,14.146,14.19,14.243,14.306,14.379,14.447,14.531,14.612,14.772,14.876,15.029,15.268,15.5,16.376
604,GRN FP,9.7,10.356,10.624,10.784,10.919,11.054,11.152,11.272,11.34,11.399,11.462,11.52,11.581,11.634,11.687,11.744,11.782,11.826,11.862,11.892,11.94,11.999,12.031,12.071,12.094,12.138,12.16,12.191,12.217,12.248,12.279,12.319,12.341,12.372,12.406,12.435,12.482,12.518,12.541,12.562,12.591,12.622,12.658,12.683,12.706,12.73,12.751,12.786,12.812,12.846,12.865,12.896,12.925,12.956,12.984,13.013,13.041,13.076,13.103,13.128,13.154,13.175,13.204,13.239,13.269,13.299,13.329,13.362,13.392,13.42,13.46,13.491,13.532,13.568,13.596,13.621,13.647,13.682,13.72,13.771,13.802,13.845,13.886,13.918,13.957,14.003,14.052,14.101,14.142,14.182,14.238,14.294,14.367,14.439,14.518,14.642,14.763,14.994,15.144,15.447,16.135
605,GRN FP,9.7,10.356,10.624,10.784,10.919,11.054,11.152,11.272,11.34,11.399,11.462,11.52,11.581,11.634,11.687,11.744,11.782,11.826,11.862,11.892,11.94,11.999,12.031,12.071,12.094,12.138,12.16,12.191,12.217,12.248,12.279,12.319,12.341,12.372,12.406,12.435,12.482,12.518,12.541,12.562,12.591,12.622,12.658,12.683,12.706,12.73,12.751,12.786,12.812,12.846,12.865,12.896,12.925,12.956,12.984,13.013,13.041,13.076,13.103,13.128,13.154,13.175,13.204,13.239,13.269,13.299,13.329,13.362,13.392,13.42,13.46,13.491,13.532,13.568,13.596,13.621,13.647,13.682,13.72,13.771,13.802,13.845,13.886,13.918,13.957,14.003,14.052,14.101,14.142,14.182,14.238,14.294,14.367,14.439,14.518,14.642,14.763,14.994,15.144,15.447,16.135
606,GRN FP,9.695,10.342,10.628,10.786,10.91,11.035,11.121,11.197,11.274,11.365,11.461,11.515,11.561,11.616,11.665,11.711,11.764,11.815,11.862,11.904,11.947,11.98,12.019,12.047,12.075,12.111,12.138,12.169,12.198,12.231,12.259,12.301,12.334,12.367,12.395,12.418,12.452,12.481,12.508,12.534,12.555,12.584,12.608,12.634,12.662,12.687,12.714,12.743,12.776,12.807,12.837,12.871,12.895,12.924,12.947,12.982,13.01,13.043,13.081,13.114,13.141,13.172,13.196,13.232,13.258,13.291,13.319,13.349,13.376,13.411,13.434,13.468,13.509,13.55,13.572,13.604,13.631,13.66,13.689,13.727,13.763,13.808,13.848,13.88,13.921,13.971,14.019,14.066,14.117,14.163,14.213,14.298,14.366,14.424,14.511,14.643,14.731,14.942,15.105,15.373,16.461
607,GRN FP,9.695,10.342,10.628,10.786,10.91,11.035,11.121,11.197,11.274,11.365,11.461,11.515,11.561,11.616,11.665,11.711,11.764,11.815,11.862,11.904,11.947,11.98,12.019,12.047,12.075,12.111,12.138,12.169,12.198,12.231,12.259,12.301,12.334,12.367,12.395,12.418,12.452,12.481,12.508,12.534,12.555,12.584,12.608,12.634,12.662,12.687,12.714,12.743,12.776,12.807,12.837,12.871,12.895,12.924,12.947,12.982,13.01,13.043,13.081,13.114,13.141,13.172,13.196,13.232,13.258,13.291,13.319,13.349,13.376,13.411,13.434,13.468,13.509,13.55,13.572,13.604,13.631,13.66,13.689,13.727,13.763,13.808,13.848,13.88,13.921,13.971,14.019,14.066,14.117,14.163,14.213,14.298,14.366,14.424,14.511,14.643,14.731,14.942,15.105,15.373,16.461
608,GRN FP,9.497,10.299,10.564,10.752,10.897,11.002,11.1,11.194,11.261,11.328,11.414,11.483,11.537,11.603,11.651,11.706,11.766,11.807,11.854,11.909,11.944,11.983,12.023,12.044,12.08,12.106,12.143,12.185,12.214,12.247,12.283,12.31,12.344,12.382,12.407,12.44,12.464,12.492,12.525,12.553,12.58,12.605,12.63,12.663,12.687,12.716,12.741,12.772,12.794,12.827,12.866,12.89,12.921,12.944,12.974,13.003,13.035,13.066,13.092,13.118,13.144,13.17,13.199,13.22,13.248,13.28,13.324,13.35,13.372,13.409,13.437,13.476,13.515,13.544,13.566,13.603,13.65,13.676,13.725,13.753,13.795,13.838,13.88,13.92,13.955,14.004,14.051,14.104,14.157,14.215,14.268,14.33,14.404,14.487,14.559,14.665,14.802,14.927,15.082,15.421,16.35
609,GRN FP,9.497,10.299,10.564,10.752,10.897,11.002,11.1,11.194,11.261,11.328,11.414,11.483,11.537,11.603,11.651,11.706,11.766,11.807,11.854,11.909,11.944,11.983,12.023,12.044,12.08,12.106,12.143,12.185,12.214,12.247,12.283,12.31,12.344,12.382,12.407,12.44,12.464,12.492,12.525,12.553,12.58,12.605,12.63,12.663,12.687,12.716,12.741,12.772,12.794,12.827,12.866,12.89,12.921,12.944,12.974,13.003,13.035,13.066,13.092,13.118,13.144,13.17,13.199,13.22,13.248,13.28,13.324,13.35,13.372,13.409,13.437,13.476,13.515,13.544,13.566,13.603,13.65,13.676,13.725,13.753,13.795,13.838,13.88,13.92,13.955,14.004,14.051,14.104,14.157,14.215,14.268,14.33,14.404,14.487,14.559,14.665,14.802,14.927,15.082,15.421,16.35
610,GRN FP,9.552,10.226,10.526,10.727,10.899,11.023,11.098,11.193,11.284,11.343,11.404,11.475,11.531,11.578,11.63,11.674,11.722,11.768,11.824,11.876,11.916,11.966,12.01,12.04,12.07,12.109,12.136,12.177,12.214,12.24,12.273,12.295,12.329,12.363,12.392,12.422,12.451,12.478,12.505,12.538,12.564,12.6,12.629,12.659,12.692,12.716,12.749,12.782,12.805,12.832,12.864,12.887,12.912,12.946,12.977,13.001,13.022,13.047,13.089,13.12,13.148,13.185,13.21,13.234,13.266,13.299,13.332,13.38,13.417,13.451,13.487,13.525,13.555,13.582,13.623,13.657,13.692,13.729,13.763,13.818,13.864,13.902,13.944,13.984,14.023,14.077,14.125,14.183,14.235,14.285,14.341,14.41,14.473,14.566,14.634,14.737,14.856,15.002,15.252,15.585,16.763
611,GRN FP,9.552,10.226,10.526,10.727,10.899,11.023,11.098,11.193,11.284,11.343,11.404,11.475,11.531,11.578,11.63,11.674,11.722,11.768,11.824,11.876,11.916,11.966,12.01,12.04,12.07,12.109,12.136,12.177,12.214,12.24,12.273,12.295,12.329,12.363,12.392,12.422,12.451,12.478,12.505,12.538,12.564,12.6,12.629,12.659,12.692,12.716,12.749,12.782,12.805,12.832,12.864,12.887,12.912,12.946,12.977,13.001,13.022,13.047,13.089,13.12,13.148,13.185,13.21,13.234,13.266,13.299,13.332,13.38,13.417,13.451,13.487,13.525,13.555,13.582,13.623,13.657,13.692,13.729,13.763,13.818,13.864,13.902,13.944,13.984,14.023,14.077,14.125,14.183,14.235,14.285,14.341,14.41,14.473,14.566,14.634,14.737,14.856,15.002,15.252,15.585,16.763
612,GRN FP,9.485,10.25,10.554,10.725,10.881,11.041,11.127,11.205,11.284,11.353,11.421,11.487,11.537,11.592,11.643,11.696,11.75,11.789,11.843,11.884,11.92,11.967,12.005,12.045,12.094,12.13,12.162,12.187,12.216,12.253,12.283,12.315,12.347,12.378,12.41,12.436,12.463,12.492,12.528,12.553,12.585,12.62,12.648,12.671,12.704,12.728,12.758,12.785,12.822,12.848,12.875,12.901,12.921,12.954,12.973,13.001,13.032,13.069,13.103,13.136,13.169,13.205,13.237,13.26,13.294,13.325,13.367,13.396,13.432,13.453,13.484,13.533,13.557,13.585,13.623,13.657,13.696,13.728,13.787,13.83,13.867,13.913,13.96,14.004,14.054,14.097,14.143,14.188,14.24,14.3,14.354,14.417,14.5,14.577,14.671,14.769,14.882,15.074,15.259,15.564,16.795
613,GRN FP,9.485,10.25,10.554,10.725,10.881,11.041,11.127,11.205,11.284,11.353,11.421,11.487,11.537,11.592,11.643,11.696,11.75,11.789,11.843,11.884,11.92,11.967,12.005,12.045,12.094,12.13,12.162,12.187,12.216,12.253,12.283,12.315,12.347,12.378,12.41,12.436,12.463,12.492,12.528,12.553,12.585,12.62,12.648,12.671,12.704,12.728,12.758,12.785,12.822,12.848,12.875,12.901,12.921,12.954,12.973,13.001,13.032,13.069,13.103,13.136,13.169,13.205,13.237,13.26,13.294,13.325,13.367,13.396,13.432,13.453,13.484,13.533,13.557,13.585,13.623,13.657,13.696,13.728,13.787,13.83,13.867,13.913,13.96,14.004,14.054,14.097,14.143,14.188,14.24,14.3,14.354,14.417,14.5,14.577,14.671,14.769,14.882,15.074,15.259,15.564,16.795
614,GRN FP,9.261,10.189,10.547,10.746,10.855,11.007,11.133,11.242,11.325,11.382,11.438,11.497,11.551,11.617,11.655,11.712,11.753,11.797,11.854,11.889,11.923,11.961,12.0,12.035,12.077,12.128,12.169,12.197,12.22,12.249,12.283,12.314,12.354,12.378,12.414,12.451,12.49,12.515,12.543,12.574,12.614,12.642,12.663,12.695,12.723,12.753,12.779,12.803,12.833,12.854,12.879,12.911,12.938,12.967,12.993,13.025,13.058,13.09,13.119,13.163,13.193,13.219,13.253,13.278,13.313,13.343,13.373,13.398,13.437,13.471,13.511,13.538,13.567,13.605,13.633,13.666,13.694,13.731,13.772,13.821,13.864,13.907,13.954,14.006,14.054,14.106,14.154,14.2,14.26,14.326,14.388,14.471,14.543,14.617,14.731,14.826,14.972,15.106,15.25,15.576,16.882
615,GRN FP,9.261,10.189,10.547,10.746,10.855,11.007,11.133,11.242,11.325,11.382,11.438,11.497,11.551,11.617,11.655,11.712,11.753,11.797,11.854,11.889,11.923,11.961,12.0,12.035,12.077,12.128,12.169,12.197,12.22,12.249,12.283,12.314,12.354,12.378,12.414,12.451,12.49,12.515,12.543,12.574,12.614,12.642,12.663,12.695,12.723,12.753,12.779,12.803,12.833,12.854,12.879,12.911,12.938,12.967,12.993,13.025,13.058,13.09,13.119,13.163,13.193,13.219,13.253,13.278,13.313,13.343,13.373,13.398,13.437,13.471,13.511,13.538,13.567,13.605,13.633,13.666,13.694,13.731,13.772,13.821,13.864,13.907,13.954,14.006,14.054,14.106,14.154,14.2,14.26,14.326,14.388,14.471,14.543,14.617,14.731,14.826,14.972,15.106,15.25,15.576,16.882
616,GRN FP,9.305,10.147,10.534,10.724,10.897,11.005,11.128,11.201,11.277,11.351,11.424,11.485,11.54,11.594,11.667,11.719,11.773,11.812,11.843,11.886,11.926,11.977,12.011,12.044,12.072,12.109,12.143,12.179,12.22,12.249,12.276,12.322,12.358,12.386,12.419,12.452,12.484,12.523,12.554,12.576,12.609,12.638,12.674,12.693,12.727,12.765,12.797,12.816,12.849,12.874,12.917,12.949,12.978,13.002,13.035,13.063,13.091,13.127,13.156,13.188,13.213,13.243,13.273,13.308,13.331,13.354,13.392,13.422,13.455,13.487,13.525,13.56,13.59,13.622,13.652,13.687,13.725,13.762,13.803,13.843,13.876,13.919,13.971,14.018,14.077,14.123,14.178,14.243,14.299,14.344,14.407,14.471,14.541,14.621,14.709,14.821,14.938,15.12,15.362,15.646,16.938
617,GRN FP,9.305,10.147,10.534,10.724,10.897,11.005,11.128,11.201,11.277,11.351,11.424,11.485,11.54,11.594,11.667,11.719,11.773,11.812,11.843,11.886,11.926,11.977,12.011,12.044,12.072,12.109,12.143,12.179,12.22,12.249,12.276,12.322,12.358,12.386,12.419,12.452,12.484,12.523,12.554,12.576,12.609,12.638,12.674,12.693,12.727,12.765,12.797,12.816,12.849,12.874,12.917,12.949,12.978,13.002,13.035,13.063,13.091,13.127,13.156,13.188,13.213,13.243,13.273,13.308,13.331,13.354,13.392,13.422,13.455,13.487,13.525,13.56,13.59,13.622,13.652,13.687,13.725,13.762,13.803,13.843,13.876,13.919,13.971,14.018,14.077,14.123,14.178,14.243,14.299,14.344,14.407,14.471,14.541,14.621,14.709,14.821,14.938,15.12,15.362,15.646,16.938
618,GRN FP,9.164,10.201,10.571,10.717,10.894,11.005,11.116,11.214,11.319,11.394,11.453,11.502,11.553,11.607,11.666,11.713,11.753,11.798,11.836,11.867,11.917,11.958,11.996,12.034,12.072,12.102,12.146,12.185,12.225,12.266,12.292,12.329,12.359,12.384,12.412,12.435,12.467,12.504,12.536,12.572,12.606,12.638,12.664,12.693,12.724,12.751,12.783,12.811,12.843,12.866,12.899,12.938,12.97,13.01,13.039,13.066,13.09,13.117,13.149,13.181,13.207,13.232,13.274,13.298,13.328,13.355,13.387,13.408,13.437,13.467,13.508,13.544,13.581,13.614,13.652,13.684,13.729,13.77,13.818,13.874,13.912,13.956,13.998,14.044,14.085,14.14,14.187,14.224,14.291,14.363,14.432,14.488,14.536,14.636,14.725,14.817,14.934,15.083,15.385,15.815,16.847
619,GRN FP,9.164,10.201,10.571,10.717,10.894,11.005,11.116,11.214,11.319,11.394,11.453,11.502,11.553,11.607,11.666,11.713,11.753,11.798,11.836,11.867,11.917,11.958,11.996,12.034,12.072,12.102,12.146,12.185,12.225,12.266,12.292,12.329,12.359,12.384,12.412,12.435,12.467,12.504,12.536,12.572,12.606,12.638,12.664,12.693,12.724,12.751,12.783,12.811,12.843,12.866,12.899,12.938,12.97,13.01,13.039,13.066,13.09,13.117,13.149,13.181,13.207,13.232,13.274,13.298,13.328,13.355,13.387,13.408,13.437,13.467,13.508,13.544,13.581,13.614,13.652,13.684,13.729,13.77,13.818,13.874,13.912,13.956,13.998,14.044,14.085,14.14,14.187,14.224,14.291,14.363,14.432,14.488,14.536,14.636,14.725,14.817,14.934,15.083,15.385,15.815,16.847
620,GRN FP,9.032,10.251,10.524,10.685,10.85,11.01,11.112,11.21,11.283,11.34,11.425,11.491,11.554,11.602,11.649,11.703,11.752,11.794,11.828,11.877,11.921,11.957,11.992,12.032,12.067,12.112,12.151,12.189,12.222,12.262,12.301,12.336,12.381,12.405,12.438,12.477,12.506,12.537,12.567,12.595,12.631,12.655,12.7,12.726,12.758,12.783,12.814,12.845,12.868,12.895,12.925,12.952,12.979,13.005,13.037,13.065,13.098,13.128,13.152,13.187,13.21,13.235,13.26,13.292,13.331,13.369,13.402,13.433,13.465,13.501,13.533,13.567,13.597,13.641,13.677,13.724,13.761,13.801,13.844,13.899,13.945,13.997,14.036,14.08,14.124,14.181,14.215,14.262,14.324,14.373,14.422,14.507,14.578,14.647,14.76,14.887,14.994,15.174,15.403,15.889,16.784
621,GRN FP,9.032,10.251,10.524,10.685,10.85,11.01,11.112,11.21,11.283,11.34,11.425,11.491,11.554,11.602,11.649,11.703,11.752,11.794,11.828,11.877,11.921,11.957,11.992,12.032,12.067,12.112,12.151,12.189,12.222,12.262,12.301,12.336,12.381,12.405,12.438,12.477,12.506,12.537,12.567,12.595,12.631,12.655,12.7,12.726,12.758,12.783,12.814,12.845,12.868,12.895,12.925,12.952,12.979,13.005,13.037,13.065,13.098,13.128,13.152,13.187,13.21,13.235,13.26,13.292,13.331,13.369,13.402,13.433,13.465,13.501,13.533,13.567,13.597,13.641,13.677,13.724,13.761,13.801,13.844,13.899,13.945,13.997,14.036,14.08,14.124,14.181,14.215,14.262,14.324,14.373,14.422,14.507,14.578,14.647,14.76,14.887,14.994,15.174,15.403,15.889,16.784
622,GRN FP,9.174,10.137,10.496,10.693,10.867,10.965,11.066,11.157,11.256,11.36,11.412,11.477,11.533,11.579,11.641,11.697,11.746,11.795,11.839,11.884,11.931,11.967,12.003,12.049,12.087,12.129,12.159,12.197,12.224,12.258,12.3,12.341,12.379,12.413,12.442,12.469,12.507,12.538,12.564,12.59,12.625,12.656,12.686,12.71,12.741,12.777,12.815,12.839,12.868,12.896,12.922,12.956,12.985,13.011,13.041,13.077,13.102,13.14,13.168,13.196,13.231,13.26,13.302,13.342,13.376,13.412,13.444,13.478,13.519,13.546,13.569,13.603,13.635,13.671,13.706,13.748,13.788,13.829,13.868,13.906,13.95,13.988,14.028,14.082,14.121,14.164,14.226,14.268,14.323,14.39,14.439,14.498,14.587,14.653,14.775,14.902,15.031,15.194,15.418,15.869,17.073
623,GRN FP,9.174,10.137,10.496,10.693,10.867,10.965,11.066,11.157,11.256,11.36,11.412,11.477,11.533,11.579,11.641,11.697,11.746,11.795,11.839,11.884,11.931,11.967,12.003,12.049,12.087,12.129,12.159,12.197,12.224,12.258,12.3,12.341,12.379,12.413,12.442,12.469,12.507,12.538,12.564,12.59,12.625,12.656,12.686,12.71,12.741,12.777,12.815,12.839,12.868,12.896,12.922,12.956,12.985,13.011,13.041,13.077,13.102,13.14,13.168,13.196,13.231,13.26,13.302,13.342,13.376,13.412,13.444,13.478,13.519,13.546,13.569,13.603,13.635,13.671,13.706,13.748,13.788,13.829,13.868,13.906,13.95,13.988,14.028,14.082,14.121,14.164,14.226,14.268,14.323,14.39,14.439,14.498,14.587,14.653,14.775,14.902,15.031,15.194,15.418,15.869,17.073
624,GRN FP,9.248,10.032,10.421,10.668,10.828,10.958,11.074,11.16,11.259,11.337,11.418,11.477,11.521,11.58,11.638,11.679,11.731,11.787,11.837,11.877,11.912,11.964,12.011,12.041,12.082,12.115,12.15,12.193,12.224,12.263,12.306,12.343,12.388,12.42,12.459,12.499,12.531,12.561,12.589,12.622,12.651,12.683,12.717,12.745,12.773,12.8,12.835,12.857,12.882,12.914,12.951,12.979,13.003,13.037,13.073,13.101,13.131,13.161,13.19,13.225,13.259,13.284,13.31,13.344,13.379,13.407,13.438,13.478,13.508,13.548,13.586,13.614,13.653,13.682,13.726,13.759,13.808,13.841,13.883,13.928,13.971,14.025,14.07,14.123,14.163,14.223,14.257,14.312,14.355,14.426,14.494,14.566,14.645,14.731,14.812,14.942,15.067,15.216,15.445,15.83,16.877
625,GRN FP,9.248,10.032,10.421,10.668,10.828,10.958,11.074,11.16,11.259,11.337,11.418,11.477,11.521,11.58,11.638,11.679,11.731,11.787,11.837,11.877,11.912,11.964,12.011,12.041,12.082,12.115,12.15,12.193,12.224,12.263,12.306,12.343,12.388,12.42,12.459,12.499,12.531,12.561,12.589,12.622,12.651,12.683,12.717,12.745,12.773,12.8,12.835,12.857,12.882,12.914,12.951,12.979,13.003,13.037,13.073,13.101,13.131,13.161,13.19,13.225,13.259,13.284,13.31,13.344,13.379,13.407,13.438,13.478,13.508,13.548,13.586,13.614,13.653,13.682,13.726,13.759,13.808,13.841,13.883,13.928,13.971,14.025,14.07,14.123,14.163,14.223,14.257,14.312,14.355,14.426,14.494,14.566,14.645,14.731,14.812,14.942,15.067,15.216,15.445,15.83,16.877
626,GRN FP,9.344,10.077,10.448,10.665,10.847,10.981,11.088,11.176,11.243,11.314,11.386,11.452,11.5,11.543,11.598,11.681,11.737,11.786,11.849,11.903,11.947,11.989,12.031,12.07,12.101,12.142,12.178,12.222,12.261,12.295,12.329,12.36,12.392,12.422,12.452,12.484,12.519,12.553,12.582,12.614,12.658,12.687,12.724,12.753,12.779,12.809,12.848,12.874,12.909,12.944,12.974,13.008,13.035,13.07,13.093,13.119,13.147,13.175,13.199,13.23,13.259,13.288,13.315,13.344,13.377,13.407,13.455,13.488,13.517,13.559,13.59,13.627,13.661,13.693,13.729,13.766,13.809,13.862,13.903,13.947,13.987,14.03,14.08,14.124,14.179,14.224,14.284,14.343,14.409,14.477,14.532,14.616,14.685,14.805,14.892,14.986,15.13,15.305,15.463,15.872,16.789
627,GRN FP,9.344,10.077,10.448,10.665,10.847,10.981,11.088,11.176,11.243,11.314,11.386,11.452,11.5,11.543,11.598,11.681,11.737,11.786,11.849,11.903,11.947,11.989,12.031,12.07,12.101,12.142,12.178,12.222,12.261,12.295,12.329,12.36,12.392,12.422,12.452,12.484,12.519,12.553,12.582,12.614,12.658,12.687,12.724,12.753,12.779,12.809,12.848,12.874,12.909,12.944,12.974,13.008,13.035,13.07,13.093,13.119,13.147,13.175,13.199,13.23,13.259,13.288,13.315,13.344,13.377,13.407,13.455,13.488,13.517,13.559,13.59,13.627,13.661,13.693,13.729,13.766,13.809,13.862,13.903,13.947,13.987,14.03,14.08,14.124,14.179,14.224,14.284,14.343,14.409,14.477,14.532,14.616,14.685,14.805,14.892,14.986,15.13,15.305,15.463,15.872,16.789
628,GRN FP,9.426,10.099,10.451,10.699,10.857,10.965,11.071,11.184,11.279,11.361,11.421,11.474,11.533,11.586,11.638,11.693,11.741,11.808,11.841,11.892,11.929,11.986,12.02,12.057,12.1,12.135,12.18,12.22,12.257,12.291,12.33,12.369,12.407,12.445,12.481,12.517,12.553,12.587,12.614,12.649,12.679,12.71,12.742,12.771,12.795,12.828,12.854,12.892,12.927,12.956,12.982,13.018,13.044,13.07,13.109,13.138,13.172,13.2,13.224,13.254,13.282,13.312,13.342,13.378,13.4,13.44,13.471,13.512,13.559,13.59,13.628,13.67,13.699,13.733,13.769,13.81,13.851,13.89,13.938,13.992,14.045,14.081,14.141,14.193,14.246,14.303,14.358,14.416,14.466,14.52,14.599,14.679,14.783,14.852,14.943,15.005,15.16,15.298,15.482,15.98,16.875
629,GRN FP,9.426,10.099,10.451,10.699,10.857,10.965,11.071,11.184,11.279,11.361,11.421,11.474,11.533,11.586,11.638,11.693,11.741,11.808,11.841,11.892,11.929,11.986,12.02,12.057,12.1,12.135,12.18,12.22,12.257,12.291,12.33,12.369,12.407,12.445,12.481,12.517,12.553,12.587,12.614,12.649,12.679,12.71,12.742,12.771,12.795,12.828,12.854,12.892,12.927,12.956,12.982,13.018,13.044,13.07,13.109,13.138,13.172,13.2,13.224,13.254,13.282,13.312,13.342,13.378,13.4,13.44,13.471,13.512,13.559,13.59,13.628,13.67,13.699,13.733,13.769,13.81,13.851,13.89,13.938,13.992,14.045,14.081,14.141,14.193,14.246,14.303,14.358,14.416,14.466,14.52,14.599,14.679,14.783,14.852,14.943,15.005,15.16,15.298,15.482,15.98,16.875
630,GRN FP,9.228,10.152,10.483,10.634,10.789,10.946,11.057,11.194,11.297,11.375,11.427,11.484,11.535,11.569,11.621,11.688,11.737,11.806,11.856,11.911,11.953,11.985,12.032,12.086,12.139,12.179,12.219,12.253,12.283,12.319,12.351,12.383,12.415,12.448,12.489,12.52,12.548,12.579,12.608,12.636,12.666,12.698,12.734,12.757,12.79,12.832,12.863,12.897,12.933,12.978,13.011,13.04,13.07,13.108,13.14,13.178,13.202,13.241,13.271,13.306,13.351,13.383,13.411,13.441,13.471,13.493,13.529,13.563,13.597,13.636,13.677,13.713,13.744,13.775,13.826,13.858,13.896,13.926,13.977,14.026,14.068,14.108,14.16,14.196,14.259,14.305,14.369,14.433,14.511,14.585,14.646,14.715,14.791,14.875,14.955,15.055,15.19,15.312,15.567,15.96,16.765
631,GRN FP,9.228,10.152,10.483,10.634,10.789,10.946,11.057,11.194,11.297,11.375,11.427,11.484,11.535,11.569,11.621,11.688,11.737,11.806,11.856,11.911,11.953,11.985,12.032,12.086,12.139,12.179,12.219,12.253,12.283,12.319,12.351,12.383,12.415,12.448,12.489,12.52,12.548,12.579,12.608,12.636,12.666,12.698,12.734,12.757,12.79,12.832,12.863,12.897,12.933,12.978,13.011,13.04,13.07,13.108,13.14,13.178,13.202,13.241,13.271,13.306,13.351,13.383,13.411,13.441,13.471,13.493,13.529,13.563,13.597,13.636,13.677,13.713,13.744,13.775,13.826,13.858,13.896,13.926,13.977,14.026,14.068,14.108,14.16,14.196,14.259,14.305,14.369,14.433,14.511,14.585,14.646,14.715,14.791,14.875,14.955,15.055,15.19,15.312,15.567,15.96,16.765
632,GRN FP,9.181,10.129,10.482,10.677,10.801,10.944,11.041,11.144,11.226,11.333,11.406,11.473,11.531,11.588,11.646,11.716,11.781,11.831,11.879,11.943,11.987,12.038,12.092,12.137,12.177,12.214,12.259,12.291,12.324,12.354,12.381,12.418,12.455,12.486,12.514,12.543,12.575,12.606,12.629,12.655,12.687,12.717,12.746,12.777,12.811,12.846,12.873,12.898,12.935,12.968,12.996,13.034,13.067,13.102,13.13,13.164,13.198,13.232,13.266,13.297,13.338,13.37,13.4,13.443,13.475,13.511,13.538,13.571,13.606,13.635,13.671,13.717,13.747,13.782,13.814,13.86,13.917,13.981,14.028,14.071,14.119,14.168,14.199,14.24,14.286,14.339,14.391,14.443,14.516,14.585,14.652,14.722,14.782,14.863,14.959,15.102,15.247,15.418,15.626,16.012,16.776
633,GRN FP,9.181,10.129,10.482,10.677,10.801,10.944,11.041,11.144,11.226,11.333,11.406,11.473,11.531,11.588,11.646,11.716,11.781,11.831,11.879,11.943,11.987,12.038,12.092,12.137,12.177,12.214,12.259,12.291,12.324,12.354,12.381,12.418,12.455,12.486,12.514,12.543,12.575,12.606,12.629,12.655,12.687,12.717,12.746,12.777,12.811,12.846,12.873,12.898,12.935,12.968,12.996,13.034,13.067,13.102,13.13,13.164,13.198,13.232,13.266,13.297,13.338,13.37,13.4,13.443,13.475,13.511,13.538,13.571,13.606,13.635,13.671,13.717,13.747,13.782,13.814,13.86,13.917,13.981,14.028,14.071,14.119,14.168,14.199,14.24,14.286,14.339,14.391,14.443,14.516,14.585,14.652,14.722,14.782,14.863,14.959,15.102,15.247,15.418,15.626,16.012,16.776
634,GRN FP,9.203,10.044,10.466,10.709,10.851,10.976,11.091,11.188,11.267,11.343,11.438,11.507,11.579,11.649,11.716,11.763,11.818,11.866,11.906,11.948,11.991,12.038,12.088,12.147,12.192,12.234,12.268,12.305,12.329,12.361,12.396,12.432,12.456,12.487,12.521,12.546,12.575,12.603,12.629,12.659,12.704,12.738,12.775,12.803,12.834,12.863,12.899,12.931,12.971,13.003,13.029,13.054,13.091,13.125,13.154,13.183,13.22,13.255,13.288,13.321,13.354,13.395,13.431,13.461,13.507,13.539,13.579,13.614,13.646,13.682,13.725,13.747,13.784,13.811,13.855,13.891,13.929,13.971,14.018,14.067,14.097,14.141,14.186,14.25,14.304,14.357,14.413,14.478,14.547,14.598,14.662,14.749,14.809,14.935,15.034,15.147,15.262,15.403,15.642,15.99,16.885
635,GRN FP,9.203,10.044,10.466,10.709,10.851,10.976,11.091,11.188,11.267,11.343,11.438,11.507,11.579,11.649,11.716,11.763,11.818,11.866,11.906,11.948,11.991,12.038,12.088,12.147,12.192,12.234,12.268,12.305,12.329,12.361,12.396,12.432,12.456,12.487,12.521,12.546,12.575,12.603,12.629,12.659,12.704,12.738,12.775,12.803,12.834,12.863,12.899,12.931,12.971,13.003,13.029,13.054,13.091,13.125,13.154,13.183,13.22,13.255,13.288,13.321,13.354,13.395,13.431,13.461,13.507,13.539,13.579,13.614,13.646,13.682,13.725,13.747,13.784,13.811,13.855,13.891,13.929,13.971,14.018,14.067,14.097,14.141,14.186,14.25,14.304,14.357,14.413,14.478,14.547,14.598,14.662,14.749,14.809,14.935,15.034,15.147,15.262,15.403,15.642,15.99,16.885
636,GRN FP,8.991,10.119,10.44,10.646,10.844,11.028,11.135,11.236,11.307,11.386,11.451,11.528,11.604,11.668,11.709,11.765,11.826,11.882,11.917,11.964,12.0,12.047,12.082,12.117,12.176,12.209,12.239,12.268,12.307,12.354,12.403,12.44,12.471,12.506,12.537,12.568,12.592,12.625,12.657,12.689,12.731,12.772,12.804,12.829,12.865,12.907,12.935,12.965,13.0,13.031,13.055,13.088,13.123,13.157,13.192,13.221,13.258,13.292,13.319,13.354,13.382,13.416,13.452,13.489,13.526,13.558,13.587,13.621,13.651,13.686,13.721,13.761,13.803,13.834,13.861,13.901,13.946,13.989,14.03,14.07,14.101,14.134,14.192,14.235,14.295,14.345,14.405,14.453,14.507,14.591,14.67,14.732,14.821,14.893,15.018,15.12,15.264,15.435,15.609,15.948,16.873
637,GRN FP,8.991,10.119,10.44,10.646,10.844,11.028,11.135,11.236,11.307,11.386,11.451,11.528,11.604,11.668,11.709,11.765,11.826,11.882,11.917,11.964,12.0,12.047,12.082,12.117,12.176,12.209,12.239,12.268,12.307,12.354,12.403,12.44,12.471,12.506,12.537,12.568,12.592,12.625,12.657,12.689,12.731,12.772,12.804,12.829,12.865,12.907,12.935,12.965,13.0,13.031,13.055,13.088,13.123,13.157,13.192,13.221,13.258,13.292,13.319,13.354,13.382,13.416,13.452,13.489,13.526,13.558,13.587,13.621,13.651,13.686,13.721,13.761,13.803,13.834,13.861,13.901,13.946,13.989,14.03,14.07,14.101,14.134,14.192,14.235,14.295,14.345,14.405,14.453,14.507,14.591,14.67,14.732,14.821,14.893,15.018,15.12,15.264,15.435,15.609,15.948,16.873
638,GRN FP,9.13,10.167,10.449,10.639,10.861,11.018,11.135,11.237,11.323,11.422,11.476,11.551,11.62,11.685,11.741,11.798,11.842,11.883,11.936,11.959,12.013,12.062,12.112,12.158,12.195,12.242,12.285,12.317,12.356,12.387,12.421,12.448,12.492,12.513,12.545,12.576,12.605,12.64,12.677,12.708,12.739,12.774,12.807,12.834,12.867,12.905,12.939,12.97,13.007,13.032,13.054,13.08,13.111,13.142,13.186,13.218,13.247,13.291,13.329,13.364,13.393,13.436,13.469,13.5,13.538,13.573,13.606,13.64,13.671,13.712,13.737,13.774,13.816,13.844,13.874,13.911,13.947,13.994,14.03,14.081,14.127,14.173,14.23,14.26,14.305,14.341,14.402,14.452,14.513,14.59,14.662,14.738,14.828,14.94,15.006,15.108,15.264,15.439,15.654,15.928,16.955
639,GRN FP,9.13,10.167,10.449,10.639,10.861,11.018,11.135,11.237,11.323,11.422,11.476,11.551,11.62,11.685,11.741,11.798,11.842,11.883,11.936,11.959,12.013,12.062,12.112,12.158,12.195,12.242,12.285,12.317,12.356,12.387,12.421,12.448,12.492,12.513,12.545,12.576,12.605,12.64,12.677,12.708,12.739,12.774,12.807,12.834,12.867,12.905,12.939,12.97,13.007,13.032,13.054,13.08,13.111,13.142,13.186,13.218,13.247,13.291,13.329,13.364,13.393,13.436,13.469,13.5,13.538,13.573,13.606,13.64,13.671,13.712,13.737,13.774,13.816,13.844,13.874,13.911,13.947,13.994,14.03,14.081,14.127,14.173,14.23,14.26,14.305,14.341,14.402,14.452,14.513,14.59,14.662,14.738,14.828,14.94,15.006,15.108,15.264,15.439,15.654,15.928,16.955
640,GRN FP,9.063,10.129,10.498,10.708,10.864,11.023,11.17,11.268,11.348,11.426,11.498,11.584,11.642,11.713,11.772,11.828,11.866,11.907,11.947,12.003,12.043,12.081,12.122,12.157,12.205,12.238,12.279,12.312,12.343,12.38,12.41,12.44,12.487,12.534,12.568,12.601,12.641,12.67,12.702,12.741,12.773,12.805,12.824,12.857,12.888,12.919,12.947,12.98,13.013,13.046,13.076,13.105,13.138,13.169,13.198,13.225,13.262,13.298,13.325,13.364,13.396,13.441,13.472,13.501,13.54,13.577,13.618,13.656,13.689,13.729,13.764,13.795,13.835,13.874,13.897,13.936,13.979,14.025,14.058,14.102,14.148,14.182,14.225,14.269,14.309,14.365,14.417,14.493,14.55,14.603,14.648,14.719,14.795,14.898,14.98,15.08,15.226,15.377,15.616,15.963,16.812
641,GRN FP,9.063,10.129,10.498,10.708,10.864,11.023,11.17,11.268,11.348,11.426,11.498,11.584,11.642,11.713,11.772,11.828,11.866,11.907,11.947,12.003,12.043,12.081,12.122,12.157,12.205,12.238,12.279,12.312,12.343,12.38,12.41,12.44,12.487,12.534,12.568,12.601,12.641,12.67,12.702,12.741,12.773,12.805,12.824,12.857,12.888,12.919,12.947,12.98,13.013,13.046,13.076,13.105,13.138,13.169,13.198,13.225,13.262,13.298,13.325,13.364,13.396,13.441,13.472,13.501,13.54,13.577,13.618,13.656,13.689,13.729,13.764,13.795,13.835,13.874,13.897,13.936,13.979,14.025,14.058,14.102,14.148,14.182,14.225,14.269,14.309,14.365,14.417,14.493,14.55,14.603,14.648,14.719,14.795,14.898,14.98,15.08,15.226,15.377,15.616,15.963,16.812
642,GRN FP,9.172,10.253,10.593,10.805,10.931,11.04,11.181,11.269,11.364,11.449,11.518,11.595,11.657,11.733,11.799,11.866,11.911,11.946,11.983,12.019,12.065,12.111,12.147,12.194,12.227,12.264,12.298,12.329,12.366,12.403,12.439,12.468,12.514,12.551,12.577,12.612,12.654,12.692,12.727,12.763,12.799,12.849,12.871,12.9,12.931,12.966,12.993,13.024,13.055,13.083,13.115,13.145,13.17,13.194,13.227,13.264,13.306,13.339,13.362,13.403,13.426,13.455,13.49,13.515,13.548,13.587,13.625,13.666,13.695,13.724,13.754,13.788,13.824,13.862,13.91,13.955,14.0,14.041,14.082,14.12,14.168,14.208,14.248,14.29,14.33,14.393,14.447,14.503,14.551,14.609,14.681,14.757,14.859,14.951,15.033,15.134,15.252,15.401,15.634,16.032,16.741
643,GRN FP,9.172,10.253,10.593,10.805,10.931,11.04,11.181,11.269,11.364,11.449,11.518,11.595,11.657,11.733,11.799,11.866,11.911,11.946,11.983,12.019,12.065,12.111,12.147,12.194,12.227,12.264,12.298,12.329,12.366,12.403,12.439,12.468,12.514,12.551,12.577,12.612,12.654,12.692,12.727,12.763,12.799,12.849,12.871,12.9,12.931,12.966,12.993,13.024,13.055,13.083,13.115,13.145,13.17,13.194,13.227,13.264,13.306,13.339,13.362,13.403,13.426,13.455,13.49,13.515,13.548,13.587,13.625,13.666,13.695,13.724,13.754,13.788,13.824,13.862,13.91,13.955,14.0,14.041,14.082,14.12,14.168,14.208,14.248,14.29,14.33,14.393,14.447,14.503,14.551,14.609,14.681,14.757,14.859,14.951,15.033,15.134,15.252,15.401,15.634,16.032,16.741
644,GRN FP,9.304,10.341,10.587,10.747,10.922,11.072,11.189,11.298,11.41,11.491,11.557,11.645,11.705,11.767,11.819,11.863,11.915,11.953,11.999,12.052,12.101,12.147,12.183,12.217,12.266,12.298,12.348,12.384,12.421,12.453,12.482,12.521,12.552,12.594,12.627,12.662,12.694,12.72,12.753,12.783,12.81,12.839,12.882,12.913,12.936,12.969,13.0,13.027,13.053,13.085,13.116,13.14,13.171,13.197,13.224,13.266,13.296,13.328,13.364,13.388,13.424,13.463,13.486,13.515,13.553,13.589,13.625,13.655,13.699,13.726,13.76,13.791,13.828,13.869,13.915,13.946,13.997,14.047,14.086,14.132,14.166,14.23,14.278,14.325,14.368,14.426,14.474,14.525,14.57,14.63,14.704,14.779,14.876,14.941,15.033,15.151,15.279,15.413,15.635,15.909,16.786
645,GRN FP,9.304,10.341,10.587,10.747,10.922,11.072,11.189,11.298,11.41,11.491,11.557,11.645,11.705,11.767,11.819,11.863,11.915,11.953,11.999,12.052,12.101,12.147,12.183,12.217,12.266,12.298,12.348,12.384,12.421,12.453,12.482,12.521,12.552,12.594,12.627,12.662,12.694,12.72,12.753,12.783,12.81,12.839,12.882,12.913,12.936,12.969,13.0,13.027,13.053,13.085,13.116,13.14,13.171,13.197,13.224,13.266,13.296,13.328,13.364,13.388,13.424,13.463,13.486,13.515,13.553,13.589,13.625,13.655,13.699,13.726,13.76,13.791,13.828,13.869,13.915,13.946,13.997,14.047,14.086,14.132,14.166,14.23,14.278,14.325,14.368,14.426,14.474,14.525,14.57,14.63,14.704,14.779,14.876,14.941,15.033,15.151,15.279,15.413,15.635,15.909,16.786
646,GRN FP,9.498,10.337,10.66,10.832,10.999,11.123,11.249,11.355,11.443,11.508,11.577,11.653,11.711,11.779,11.826,11.867,11.928,11.987,12.039,12.087,12.138,12.176,12.216,12.262,12.311,12.34,12.375,12.408,12.438,12.468,12.501,12.54,12.583,12.617,12.651,12.68,12.716,12.75,12.775,12.802,12.837,12.865,12.889,12.915,12.943,12.973,13.0,13.027,13.059,13.101,13.132,13.159,13.184,13.225,13.253,13.285,13.314,13.35,13.383,13.418,13.442,13.47,13.5,13.53,13.566,13.604,13.637,13.671,13.707,13.752,13.788,13.814,13.847,13.882,13.926,13.966,14.014,14.063,14.113,14.15,14.191,14.227,14.262,14.319,14.377,14.432,14.468,14.511,14.589,14.654,14.729,14.794,14.874,14.954,15.05,15.171,15.242,15.425,15.602,15.941,16.689
647,GRN FP,9.498,10.337,10.66,10.832,10.999,11.123,11.249,11.355,11.443,11.508,11.577,11.653,11.711,11.779,11.826,11.867,11.928,11.987,12.039,12.087,12.138,12.176,12.216,12.262,12.311,12.34,12.375,12.408,12.438,12.468,12.501,12.54,12.583,12.617,12.651,12.68,12.716,12.75,12.775,12.802,12.837,12.865,12.889,12.915,12.943,12.973,13.0,13.027,13.059,13.101,13.132,13.159,13.184,13.225,13.253,13.285,13.314,13.35,13.383,13.418,13.442,13.47,13.5,13.53,13.566,13.604,13.637,13.671,13.707,13.752,13.788,13.814,13.847,13.882,13.926,13.966,14.014,14.063,14.113,14.15,14.191,14.227,14.262,14.319,14.377,14.432,14.468,14.511,14.589,14.654,14.729,14.794,14.874,14.954,15.05,15.171,15.242,15.425,15.602,15.941,16.689
648,GRN FP,9.683,10.411,10.71,10.912,11.081,11.195,11.289,11.383,11.461,11.533,11.623,11.703,11.755,11.82,11.858,11.918,11.976,12.018,12.062,12.114,12.155,12.191,12.229,12.263,12.301,12.352,12.385,12.414,12.445,12.48,12.525,12.554,12.597,12.632,12.658,12.688,12.725,12.754,12.791,12.819,12.859,12.888,12.921,12.954,12.979,13.005,13.044,13.071,13.105,13.13,13.16,13.193,13.228,13.255,13.28,13.31,13.34,13.368,13.403,13.427,13.456,13.49,13.515,13.541,13.571,13.6,13.636,13.667,13.706,13.746,13.784,13.83,13.874,13.917,13.952,13.993,14.031,14.078,14.125,14.172,14.216,14.261,14.306,14.346,14.396,14.431,14.49,14.541,14.609,14.669,14.723,14.806,14.888,14.985,15.077,15.194,15.301,15.449,15.68,15.947,16.736
649,GRN FP,9.683,10.411,10.71,10.912,11.081,11.195,11.289,11.383,11.461,11.533,11.623,11.703,11.755,11.82,11.858,11.918,11.976,12.018,12.062,12.114,12.155,12.191,12.229,12.263,12.301,12.352,12.385,12.414,12.445,12.48,12.525,12.554,12.597,12.632,12.658,12.688,12.725,12.754,12.791,12.819,12.859,12.888,12.921,12.954,12.979,13.005,13.044,13.071,13.105,13.13,13.16,13.193,13.228,13.255,13.28,13.31,13.34,13.368,13.403,13.427,13.456,13.49,13.515,13.541,13.571,13.6,13.636,13.667,13.706,13.746,13.784,13.83,13.874,13.917,13.952,13.993,14.031,14.078,14.125,14.172,14.216,14.261,14.306,14.346,14.396,14.431,14.49,14.541,14.609,14.669,14.723,14.806,14.888,14.985,15.077,15.194,15.301,15.449,15.68,15.947,16.736
650,GRN FP,9.635,10.494,10.828,11.001,11.15,11.247,11.33,11.415,11.493,11.545,11.631,11.71,11.788,11.834,11.877,11.924,11.972,12.019,12.063,12.123,12.161,12.206,12.247,12.285,12.317,12.355,12.406,12.442,12.483,12.525,12.556,12.585,12.62,12.648,12.682,12.714,12.752,12.783,12.813,12.848,12.876,12.908,12.935,12.963,12.995,13.025,13.061,13.086,13.126,13.156,13.185,13.214,13.25,13.283,13.305,13.34,13.374,13.404,13.436,13.463,13.491,13.527,13.563,13.587,13.613,13.638,13.673,13.698,13.736,13.773,13.813,13.849,13.888,13.925,13.958,13.993,14.03,14.076,14.116,14.154,14.206,14.25,14.29,14.345,14.392,14.436,14.483,14.537,14.606,14.654,14.735,14.814,14.89,14.975,15.067,15.181,15.273,15.375,15.591,15.929,16.724
651,GRN FP,9.635,10.494,10.828,11.001,11.15,11.247,11.33,11.415,11.493,11.545,11.631,11.71,11.788,11.834,11.877,11.924,11.972,12.019,12.063,12.123,12.161,12.206,12.247,12.285,12.317,12.355,12.406,12.442,12.483,12.525,12.556,12.585,12.62,12.648,12.682,12.714,12.752,12.783,12.813,12.848,12.876,12.908,12.935,12.963,12.995,13.025,13.061,13.086,13.126,13.156,13.185,13.214,13.25,13.283,13.305,13.34,13.374,13.404,13.436,13.463,13.491,13.527,13.563,13.587,13.613,13.638,13.673,13.698,13.736,13.773,13.813,13.849,13.888,13.925,13.958,13.993,14.03,14.076,14.116,14.154,14.206,14.25,14.29,14.345,14.392,14.436,14.483,14.537,14.606,14.654,14.735,14.814,14.89,14.975,15.067,15.181,15.273,15.375,15.591,15.929,16.724
652,GRN FP,9.704,10.56,10.847,11.05,11.177,11.27,11.369,11.47,11.562,11.655,11.708,11.751,11.808,11.859,11.903,11.961,12.016,12.087,12.13,12.171,12.212,12.263,12.309,12.342,12.373,12.409,12.441,12.474,12.5,12.532,12.57,12.6,12.638,12.671,12.705,12.737,12.764,12.802,12.841,12.873,12.904,12.928,12.961,12.99,13.02,13.059,13.088,13.115,13.145,13.176,13.199,13.225,13.262,13.289,13.318,13.346,13.386,13.412,13.441,13.474,13.51,13.544,13.576,13.601,13.631,13.652,13.686,13.715,13.759,13.79,13.832,13.868,13.908,13.936,13.97,14.013,14.049,14.083,14.116,14.153,14.194,14.238,14.279,14.33,14.39,14.445,14.499,14.563,14.621,14.695,14.767,14.829,14.891,14.957,15.055,15.168,15.279,15.423,15.637,15.941,16.796
653,GRN FP,9.704,10.56,10.847,11.05,11.177,11.27,11.369,11.47,11.562,11.655,11.708,11.751,11.808,11.859,11.903,11.961,12.016,12.087,12.13,12.171,12.212,12.263,12.309,12.342,12.373,12.409,12.441,12.474,12.5,12.532,12.57,12.6,12.638,12.671,12.705,12.737,12.764,12.802,12.841,12.873,12.904,12.928,12.961,12.99,13.02,13.059,13.088,13.115,13.145,13.176,13.199,13.225,13.262,13.289,13.318,13.346,13.386,13.412,13.441,13.474,13.51,13.544,13.576,13.601,13.631,13.652,13.686,13.715,13.759,13.79,13.832,13.868,13.908,13.936,13.97,14.013,14.049,14.083,14.116,14.153,14.194,14.238,14.279,14.33,14.39,14.445,14.499,14.563,14.621,14.695,14.767,14.829,14.891,14.957,15.055,15.168,15.279,15.423,15.637,15.941,16.796
654,GRN FP,9.628,10.573,10.877,11.062,11.227,11.33,11.413,11.5,11.585,11.653,11.718,11.772,11.828,11.895,11.942,11.993,12.052,12.1,12.148,12.186,12.233,12.272,12.314,12.352,12.386,12.426,12.467,12.502,12.535,12.564,12.599,12.626,12.659,12.688,12.726,12.763,12.787,12.819,12.864,12.896,12.926,12.963,12.997,13.024,13.049,13.071,13.098,13.123,13.152,13.191,13.221,13.249,13.28,13.307,13.334,13.36,13.394,13.423,13.444,13.48,13.51,13.547,13.587,13.625,13.651,13.686,13.713,13.737,13.764,13.788,13.824,13.858,13.886,13.925,13.965,13.999,14.037,14.072,14.116,14.161,14.2,14.249,14.298,14.349,14.393,14.456,14.519,14.592,14.658,14.72,14.763,14.836,14.921,14.99,15.09,15.229,15.328,15.459,15.657,15.895,16.674
655,GRN FP,9.628,10.573,10.877,11.062,11.227,11.33,11.413,11.5,11.585,11.653,11.718,11.772,11.828,11.895,11.942,11.993,12.052,12.1,12.148,12.186,12.233,12.272,12.314,12.352,12.386,12.426,12.467,12.502,12.535,12.564,12.599,12.626,12.659,12.688,12.726,12.763,12.787,12.819,12.864,12.896,12.926,12.963,12.997,13.024,13.049,13.071,13.098,13.123,13.152,13.191,13.221,13.249,13.28,13.307,13.334,13.36,13.394,13.423,13.444,13.48,13.51,13.547,13.587,13.625,13.651,13.686,13.713,13.737,13.764,13.788,13.824,13.858,13.886,13.925,13.965,13.999,14.037,14.072,14.116,14.161,14.2,14.249,14.298,14.349,14.393,14.456,14.519,14.592,14.658,14.72,14.763,14.836,14.921,14.99,15.09,15.229,15.328,15.459,15.657,15.895,16.674
656,GRN FP,9.952,10.569,10.93,11.116,11.249,11.379,11.496,11.567,11.645,11.718,11.782,11.839,11.878,11.928,11.975,12.031,12.068,12.11,12.165,12.218,12.262,12.307,12.356,12.403,12.442,12.466,12.5,12.527,12.562,12.594,12.619,12.65,12.686,12.727,12.755,12.791,12.819,12.844,12.877,12.913,12.942,12.975,13.007,13.041,13.065,13.089,13.112,13.145,13.168,13.208,13.233,13.25,13.284,13.319,13.345,13.374,13.402,13.43,13.464,13.494,13.527,13.558,13.588,13.619,13.645,13.678,13.706,13.735,13.762,13.805,13.835,13.873,13.916,13.964,14.007,14.041,14.082,14.117,14.155,14.2,14.247,14.291,14.323,14.365,14.427,14.49,14.54,14.586,14.632,14.685,14.744,14.826,14.889,14.988,15.058,15.155,15.315,15.459,15.694,15.983,16.666
657,GRN FP,9.952,10.569,10.93,11.116,11.249,11.379,11.496,11.567,11.645,11.718,11.782,11.839,11.878,11.928,11.975,12.031,12.068,12.11,12.165,12.218,12.262,12.307,12.356,12.403,12.442,12.466,12.5,12.527,12.562,12.594,12.619,12.65,12.686,12.727,12.755,12.791,12.819,12.844,12.877,12.913,12.942,12.975,13.007,13.041,13.065,13.089,13.112,13.145,13.168,13.208,13.233,13.25,13.284,13.319,13.345,13.374,13.402,13.43,13.464,13.494,13.527,13.558,13.588,13.619,13.645,13.678,13.706,13.735,13.762,13.805,13.835,13.873,13.916,13.964,14.007,14.041,14.082,14.117,14.155,14.2,14.247,14.291,14.323,14.365,14.427,14.49,14.54,14.586,14.632,14.685,14.744,14.826,14.889,14.988,15.058,15.155,15.315,15.459,15.694,15.983,16.666
658,GRN FP,9.932,10.649,10.974,11.177,11.317,11.436,11.52,11.599,11.673,11.743,11.816,11.872,11.94,11.994,12.035,12.083,12.12,12.166,12.214,12.265,12.301,12.344,12.373,12.416,12.454,12.484,12.513,12.546,12.579,12.615,12.643,12.676,12.703,12.731,12.768,12.796,12.822,12.851,12.884,12.909,12.938,12.969,12.998,13.031,13.06,13.084,13.112,13.145,13.18,13.212,13.238,13.264,13.287,13.315,13.345,13.378,13.413,13.439,13.478,13.507,13.542,13.57,13.605,13.634,13.664,13.696,13.722,13.757,13.793,13.825,13.855,13.889,13.924,13.963,14.002,14.04,14.064,14.108,14.151,14.184,14.226,14.273,14.323,14.362,14.408,14.446,14.492,14.545,14.603,14.651,14.729,14.809,14.889,14.973,15.063,15.161,15.288,15.455,15.662,16.011,16.768
659,GRN FP,9.932,10.649,10.974,11.177,11.317,11.436,11.52,11.599,11.673,11.743,11.816,11.872,11.94,11.994,12.035,12.083,12.12,12.166,12.214,12.265,12.301,12.344,12.373,12.416,12.454,12.484,12.513,12.546,12.579,12.615,12.643,12.676,12.703,12.731,12.768,12.796,12.822,12.851,12.884,12.909,12.938,12.969,12.998,13.031,13.06,13.084,13.112,13.145,13.18,13.212,13.238,13.264,13.287,13.315,13.345,13.378,13.413,13.439,13.478,13.507,13.542,13.57,13.605,13.634,13.664,13.696,13.722,13.757,13.793,13.825,13.855,13.889,13.924,13.963,14.002,14.04,14.064,14.108,14.151,14.184,14.226,14.273,14.323,14.362,14.408,14.446,14.492,14.545,14.603,14.651,14.729,14.809,14.889,14.973,15.063,15.161,15.288,15.455,15.662,16.011,16.768
660,GRN FP,9.856,10.695,11.028,11.202,11.33,11.44,11.548,11.632,11.72,11.801,11.853,11.902,11.962,12.017,12.066,12.112,12.168,12.228,12.267,12.304,12.342,12.39,12.423,12.46,12.499,12.531,12.561,12.581,12.605,12.634,12.664,12.696,12.727,12.756,12.786,12.813,12.853,12.878,12.908,12.94,12.965,12.992,13.022,13.053,13.083,13.106,13.128,13.161,13.193,13.22,13.248,13.278,13.307,13.332,13.359,13.383,13.409,13.445,13.478,13.516,13.542,13.569,13.595,13.629,13.653,13.685,13.718,13.754,13.793,13.824,13.86,13.898,13.93,13.978,14.009,14.048,14.076,14.113,14.162,14.203,14.237,14.276,14.326,14.37,14.41,14.453,14.503,14.559,14.614,14.667,14.728,14.809,14.894,14.963,15.038,15.159,15.273,15.444,15.638,15.938,16.756
661,GRN FP,9.856,10.695,11.028,11.202,11.33,11.44,11.548,11.632,11.72,11.801,11.853,11.902,11.962,12.017,12.066,12.112,12.168,12.228,12.267,12.304,12.342,12.39,12.423,12.46,12.499,12.531,12.561,12.581,12.605,12.634,12.664,12.696,12.727,12.756,12.786,12.813,12.853,12.878,12.908,12.94,12.965,12.992,13.022,13.053,13.083,13.106,13.128,13.161,13.193,13.22,13.248,13.278,13.307,13.332,13.359,13.383,13.409,13.445,13.478,13.516,13.542,13.569,13.595,13.629,13.653,13.685,13.718,13.754,13.793,13.824,13.86,13.898,13.93,13.978,14.009,14.048,14.076,14.113,14.162,14.203,14.237,14.276,14.326,14.37,14.41,14.453,14.503,14.559,14.614,14.667,14.728,14.809,14.894,14.963,15.038,15.159,15.273,15.444,15.638,15.938,16.756
662,GRN FP,10.081,10.832,11.117,11.271,11.408,11.541,11.622,11.696,11.776,11.853,11.918,11.989,12.028,12.071,12.132,12.173,12.217,12.268,12.312,12.348,12.385,12.414,12.455,12.486,12.524,12.557,12.585,12.618,12.648,12.673,12.703,12.737,12.765,12.8,12.821,12.847,12.878,12.909,12.935,12.962,12.989,13.012,13.043,13.069,13.111,13.136,13.15,13.182,13.21,13.243,13.265,13.295,13.328,13.354,13.383,13.402,13.439,13.469,13.501,13.529,13.566,13.588,13.614,13.645,13.676,13.709,13.734,13.762,13.788,13.824,13.864,13.89,13.913,13.956,13.991,14.032,14.07,14.101,14.144,14.185,14.22,14.263,14.309,14.353,14.401,14.45,14.492,14.543,14.591,14.658,14.707,14.782,14.845,14.937,15.031,15.159,15.279,15.438,15.633,15.876,16.742
663,GRN FP,10.081,10.832,11.117,11.271,11.408,11.541,11.622,11.696,11.776,11.853,11.918,11.989,12.028,12.071,12.132,12.173,12.217,12.268,12.312,12.348,12.385,12.414,12.455,12.486,12.524,12.557,12.585,12.618,12.648,12.673,12.703,12.737,12.765,12.8,12.821,12.847,12.878,12.909,12.935,12.962,12.989,13.012,13.043,13.069,13.111,13.136,13.15,13.182,13.21,13.243,13.265,13.295,13.328,13.354,13.383,13.402,13.439,13.469,13.501,13.529,13.566,13.588,13.614,13.645,13.676,13.709,13.734,13.762,13.788,13.824,13.864,13.89,13.913,13.956,13.991,14.032,14.07,14.101,14.144,14.185,14.22,14.263,14.309,14.353,14.401,14.45,14.492,14.543,14.591,14.658,14.707,14.782,14.845,14.937,15.031,15.159,15.279,15.438,15.633,15.876,16.742
664,GRN FP,9.828,10.816,11.04,11.261,11.366,11.488,11.584,11.674,11.752,11.821,11.896,11.954,12.021,12.071,12.123,12.166,12.203,12.246,12.29,12.329,12.371,12.406,12.439,12.47,12.501,12.537,12.57,12.602,12.638,12.66,12.693,12.722,12.757,12.781,12.803,12.838,12.856,12.886,12.913,12.938,12.962,12.988,13.015,13.048,13.085,13.108,13.134,13.167,13.192,13.231,13.261,13.289,13.319,13.345,13.378,13.406,13.436,13.461,13.486,13.513,13.544,13.58,13.609,13.642,13.67,13.705,13.728,13.761,13.796,13.82,13.846,13.882,13.922,13.959,13.995,14.037,14.075,14.104,14.146,14.177,14.232,14.281,14.309,14.365,14.421,14.476,14.514,14.559,14.606,14.668,14.723,14.783,14.861,14.951,15.037,15.143,15.31,15.445,15.618,15.935,16.738
665,GRN FP,9.828,10.816,11.04,11.261,11.366,11.488,11.584,11.674,11.752,11.821,11.896,11.954,12.021,12.071,12.123,12.166,12.203,12.246,12.29,12.329,12.371,12.406,12.439,12.47,12.501,12.537,12.57,12.602,12.638,12.66,12.693,12.722,12.757,12.781,12.803,12.838,12.856,12.886,12.913,12.938,12.962,12.988,13.015,13.048,13.085,13.108,13.134,13.167,13.192,13.231,13.261,13.289,13.319,13.345,13.378,13.406,13.436,13.461,13.486,13.513,13.544,13.58,13.609,13.642,13.67,13.705,13.728,13.761,13.796,13.82,13.846,13.882,13.922,13.959,13.995,14.037,14.075,14.104,14.146,14.177,14.232,14.281,14.309,14.365,14.421,14.476,14.514,14.559,14.606,14.668,14.723,14.783,14.861,14.951,15.037,15.143,15.31,15.445,15.618,15.935,16.738
666,GRN FP,9.835,10.758,11.032,11.173,11.306,11.419,11.509,11.589,11.657,11.768,11.835,11.884,11.947,12.01,12.08,12.125,12.166,12.206,12.249,12.291,12.335,12.369,12.414,12.459,12.495,12.531,12.556,12.583,12.616,12.647,12.674,12.702,12.731,12.759,12.787,12.815,12.845,12.876,12.912,12.942,12.973,13.003,13.031,13.064,13.1,13.146,13.172,13.202,13.23,13.262,13.296,13.315,13.356,13.376,13.401,13.428,13.447,13.475,13.499,13.527,13.556,13.585,13.606,13.629,13.66,13.69,13.713,13.758,13.789,13.823,13.86,13.889,13.925,13.951,13.988,14.023,14.065,14.104,14.135,14.173,14.218,14.261,14.3,14.347,14.394,14.443,14.484,14.533,14.603,14.663,14.745,14.821,14.886,14.987,15.061,15.161,15.284,15.429,15.62,15.947,16.679
667,GRN FP,9.835,10.758,11.032,11.173,11.306,11.419,11.509,11.589,11.657,11.768,11.835,11.884,11.947,12.01,12.08,12.125,12.166,12.206,12.249,12.291,12.335,12.369,12.414,12.459,12.495,12.531,12.556,12.583,12.616,12.647,12.674,12.702,12.731,12.759,12.787,12.815,12.845,12.876,12.912,12.942,12.973,13.003,13.031,13.064,13.1,13.146,13.172,13.202,13.23,13.262,13.296,13.315,13.356,13.376,13.401,13.428,13.447,13.475,13.499,13.527,13.556,13.585,13.606,13.629,13.66,13.69,13.713,13.758,13.789,13.823,13.86,13.889,13.925,13.951,13.988,14.023,14.065,14.104,14.135,14.173,14.218,14.261,14.3,14.347,14.394,14.443,14.484,14.533,14.603,14.663,14.745,14.821,14.886,14.987,15.061,15.161,15.284,15.429,15.62,15.947,16.679
668,GRN FP,9.766,10.654,10.951,11.161,11.307,11.398,11.498,11.581,11.655,11.722,11.794,11.863,11.925,11.981,12.029,12.094,12.141,12.19,12.238,12.29,12.32,12.35,12.387,12.426,12.465,12.494,12.53,12.569,12.61,12.64,12.677,12.71,12.738,12.758,12.788,12.823,12.859,12.885,12.909,12.933,12.97,13.0,13.032,13.059,13.084,13.112,13.144,13.177,13.203,13.23,13.263,13.295,13.316,13.346,13.369,13.397,13.425,13.456,13.491,13.518,13.544,13.576,13.603,13.634,13.667,13.697,13.733,13.767,13.801,13.832,13.867,13.901,13.933,13.964,14.01,14.05,14.083,14.109,14.136,14.178,14.219,14.266,14.309,14.344,14.398,14.449,14.5,14.553,14.599,14.678,14.743,14.808,14.88,14.964,15.052,15.152,15.266,15.415,15.641,15.966,16.817
669,GRN FP,9.766,10.654,10.951,11.161,11.307,11.398,11.498,11.581,11.655,11.722,11.794,11.863,11.925,11.981,12.029,12.094,12.141,12.19,12.238,12.29,12.32,12.35,12.387,12.426,12.465,12.494,12.53,12.569,12.61,12.64,12.677,12.71,12.738,12.758,12.788,12.823,12.859,12.885,12.909,12.933,12.97,13.0,13.032,13.059,13.084,13.112,13.144,13.177,13.203,13.23,13.263,13.295,13.316,13.346,13.369,13.397,13.425,13.456,13.491,13.518,13.544,13.576,13.603,13.634,13.667,13.697,13.733,13.767,13.801,13.832,13.867,13.901,13.933,13.964,14.01,14.05,14.083,14.109,14.136,14.178,14.219,14.266,14.309,14.344,14.398,14.449,14.5,14.553,14.599,14.678,14.743,14.808,14.88,14.964,15.052,15.152,15.266,15.415,15.641,15.966,16.817
670,GRN FP,9.774,10.585,10.921,11.093,11.222,11.351,11.438,11.529,11.637,11.718,11.773,11.823,11.884,11.94,11.998,12.047,12.097,12.148,12.198,12.241,12.281,12.321,12.362,12.404,12.437,12.47,12.515,12.546,12.578,12.61,12.641,12.672,12.707,12.736,12.759,12.785,12.819,12.845,12.883,12.921,12.958,12.99,13.022,13.048,13.09,13.116,13.154,13.174,13.199,13.225,13.259,13.283,13.314,13.349,13.376,13.403,13.432,13.463,13.496,13.522,13.551,13.575,13.596,13.621,13.658,13.696,13.717,13.763,13.796,13.829,13.867,13.895,13.929,13.965,14.003,14.045,14.085,14.116,14.162,14.197,14.244,14.288,14.326,14.369,14.425,14.466,14.525,14.571,14.647,14.696,14.766,14.814,14.882,14.971,15.064,15.187,15.304,15.444,15.655,15.94,16.994
671,GRN FP,9.774,10.585,10.921,11.093,11.222,11.351,11.438,11.529,11.637,11.718,11.773,11.823,11.884,11.94,11.998,12.047,12.097,12.148,12.198,12.241,12.281,12.321,12.362,12.404,12.437,12.47,12.515,12.546,12.578,12.61,12.641,12.672,12.707,12.736,12.759,12.785,12.819,12.845,12.883,12.921,12.958,12.99,13.022,13.048,13.09,13.116,13.154,13.174,13.199,13.225,13.259,13.283,13.314,13.349,13.376,13.403,13.432,13.463,13.496,13.522,13.551,13.575,13.596,13.621,13.658,13.696,13.717,13.763,13.796,13.829,13.867,13.895,13.929,13.965,14.003,14.045,14.085,14.116,14.162,14.197,14.244,14.288,14.326,14.369,14.425,14.466,14.525,14.571,14.647,14.696,14.766,14.814,14.882,14.971,15.064,15.187,15.304,15.444,15.655,15.94,16.994
672,GRN FP,9.454,10.508,10.842,11.076,11.216,11.323,11.426,11.535,11.629,11.687,11.745,11.814,11.874,11.912,11.962,12.004,12.055,12.11,12.153,12.206,12.245,12.285,12.336,12.375,12.411,12.446,12.481,12.513,12.542,12.575,12.611,12.643,12.688,12.726,12.757,12.787,12.816,12.85,12.885,12.915,12.946,12.973,12.996,13.027,13.059,13.089,13.117,13.155,13.183,13.212,13.243,13.274,13.298,13.328,13.359,13.381,13.407,13.435,13.467,13.489,13.522,13.558,13.582,13.619,13.66,13.691,13.731,13.76,13.785,13.821,13.861,13.894,13.92,13.943,13.983,14.022,14.068,14.102,14.132,14.18,14.217,14.258,14.309,14.375,14.426,14.478,14.51,14.558,14.598,14.66,14.721,14.814,14.907,14.982,15.091,15.187,15.355,15.482,15.603,15.92,17.171
673,GRN FP,9.454,10.508,10.842,11.076,11.216,11.323,11.426,11.535,11.629,11.687,11.745,11.814,11.874,11.912,11.962,12.004,12.055,12.11,12.153,12.206,12.245,12.285,12.336,12.375,12.411,12.446,12.481,12.513,12.542,12.575,12.611,12.643,12.688,12.726,12.757,12.787,12.816,12.85,12.885,12.915,12.946,12.973,12.996,13.027,13.059,13.089,13.117,13.155,13.183,13.212,13.243,13.274,13.298,13.328,13.359,13.381,13.407,13.435,13.467,13.489,13.522,13.558,13.582,13.619,13.66,13.691,13.731,13.76,13.785,13.821,13.861,13.894,13.92,13.943,13.983,14.022,14.068,14.102,14.132,14.18,14.217,14.258,14.309,14.375,14.426,14.478,14.51,14.558,14.598,14.66,14.721,14.814,14.907,14.982,15.091,15.187,15.355,15.482,15.603,15.92,17.171
674,GRN FP,9.366,10.39,10.79,11.035,11.184,11.299,11.398,11.485,11.568,11.651,11.719,11.777,11.843,11.898,11.939,11.996,12.049,12.096,12.146,12.204,12.235,12.268,12.309,12.338,12.384,12.425,12.469,12.503,12.534,12.562,12.602,12.631,12.671,12.708,12.74,12.762,12.796,12.827,12.859,12.889,12.918,12.954,12.981,13.014,13.047,13.085,13.109,13.132,13.163,13.184,13.21,13.239,13.274,13.296,13.333,13.36,13.389,13.414,13.448,13.473,13.504,13.531,13.571,13.608,13.642,13.67,13.695,13.732,13.766,13.798,13.829,13.864,13.896,13.929,13.967,14.002,14.04,14.08,14.134,14.168,14.194,14.255,14.291,14.33,14.394,14.441,14.492,14.543,14.601,14.678,14.746,14.826,14.894,14.979,15.102,15.19,15.266,15.402,15.597,15.978,16.981
675,GRN FP,9.366,10.39,10.79,11.035,11.184,11.299,11.398,11.485,11.568,11.651,11.719,11.777,11.843,11.898,11.939,11.996,12.049,12.096,12.146,12.204,12.235,12.268,12.309,12.338,12.384,12.425,12.469,12.503,12.534,12.562,12.602,12.631,12.671,12.708,12.74,12.762,12.796,12.827,12.859,12.889,12.918,12.954,12.981,13.014,13.047,13.085,13.109,13.132,13.163,13.184,13.21,13.239,13.274,13.296,13.333,13.36,13.389,13.414,13.448,13.473,13.504,13.531,13.571,13.608,13.642,13.67,13.695,13.732,13.766,13.798,13.829,13.864,13.896,13.929,13.967,14.002,14.04,14.08,14.134,14.168,14.194,14.255,14.291,14.33,14.394,14.441,14.492,14.543,14.601,14.678,14.746,14.826,14.894,14.979,15.102,15.19,15.266,15.402,15.597,15.978,16.981
676,GRN FP,9.42,10.447,10.804,10.98,11.137,11.282,11.383,11.472,11.534,11.629,11.701,11.759,11.807,11.87,11.932,11.973,12.021,12.073,12.118,12.164,12.208,12.244,12.298,12.336,12.371,12.403,12.433,12.472,12.519,12.562,12.595,12.629,12.659,12.694,12.718,12.755,12.783,12.816,12.846,12.894,12.921,12.949,12.984,13.004,13.032,13.058,13.085,13.118,13.148,13.173,13.196,13.226,13.258,13.279,13.307,13.341,13.368,13.399,13.433,13.472,13.496,13.531,13.563,13.598,13.632,13.661,13.687,13.728,13.752,13.788,13.831,13.874,13.906,13.942,13.977,14.006,14.049,14.085,14.121,14.156,14.197,14.244,14.29,14.334,14.383,14.458,14.5,14.542,14.598,14.666,14.733,14.807,14.872,14.958,15.071,15.148,15.251,15.41,15.67,15.999,16.976
677,GRN FP,9.42,10.447,10.804,10.98,11.137,11.282,11.383,11.472,11.534,11.629,11.701,11.759,11.807,11.87,11.932,11.973,12.021,12.073,12.118,12.164,12.208,12.244,12.298,12.336,12.371,12.403,12.433,12.472,12.519,12.562,12.595,12.629,12.659,12.694,12.718,12.755,12.783,12.816,12.846,12.894,12.921,12.949,12.984,13.004,13.032,13.058,13.085,13.118,13.148,13.173,13.196,13.226,13.258,13.279,13.307,13.341,13.368,13.399,13.433,13.472,13.496,13.531,13.563,13.598,13.632,13.661,13.687,13.728,13.752,13.788,13.831,13.874,13.906,13.942,13.977,14.006,14.049,14.085,14.121,14.156,14.197,14.244,14.29,14.334,14.383,14.458,14.5,14.542,14.598,14.666,14.733,14.807,14.872,14.958,15.071,15.148,15.251,15.41,15.67,15.999,16.976
678,GRN FP,9.444,10.489,10.757,11.018,11.137,11.236,11.36,11.442,11.519,11.586,11.663,11.72,11.779,11.833,11.909,11.967,12.02,12.067,12.133,12.169,12.197,12.239,12.281,12.325,12.376,12.407,12.445,12.477,12.513,12.545,12.584,12.612,12.652,12.688,12.718,12.753,12.779,12.807,12.834,12.858,12.885,12.917,12.954,12.981,13.012,13.038,13.069,13.098,13.131,13.163,13.196,13.229,13.267,13.294,13.326,13.358,13.384,13.409,13.438,13.466,13.497,13.528,13.558,13.582,13.617,13.644,13.683,13.714,13.738,13.77,13.805,13.849,13.884,13.919,13.953,13.993,14.034,14.085,14.131,14.171,14.213,14.259,14.298,14.345,14.4,14.47,14.527,14.564,14.633,14.688,14.742,14.814,14.886,14.947,15.05,15.187,15.3,15.465,15.695,16.039,17.164
679,GRN FP,9.444,10.489,10.757,11.018,11.137,11.236,11.36,11.442,11.519,11.586,11.663,11.72,11.779,11.833,11.909,11.967,12.02,12.067,12.133,12.169,12.197,12.239,12.281,12.325,12.376,12.407,12.445,12.477,12.513,12.545,12.584,12.612,12.652,12.688,12.718,12.753,12.779,12.807,12.834,12.858,12.885,12.917,12.954,12.981,13.012,13.038,13.069,13.098,13.131,13.163,13.196,13.229,13.267,13.294,13.326,13.358,13.384,13.409,13.438,13.466,13.497,13.528,13.558,13.582,13.617,13.644,13.683,13.714,13.738,13.77,13.805,13.849,13.884,13.919,13.953,13.993,14.034,14.085,14.131,14.171,14.213,14.259,14.298,14.345,14.4,14.47,14.527,14.564,14.633,14.688,14.742,14.814,14.886,14.947,15.05,15.187,15.3,15.465,15.695,16.039,17.164
680,GRN FP,9.394,10.398,10.706,10.911,11.078,11.208,11.349,11.433,11.523,11.6,11.673,11.753,11.816,11.85,11.902,11.949,11.992,12.048,12.082,12.129,12.182,12.23,12.277,12.318,12.344,12.375,12.406,12.445,12.483,12.526,12.557,12.597,12.626,12.663,12.696,12.723,12.755,12.786,12.821,12.852,12.884,12.918,12.95,12.989,13.018,13.043,13.071,13.092,13.124,13.152,13.173,13.209,13.236,13.274,13.298,13.318,13.361,13.394,13.43,13.46,13.489,13.526,13.556,13.59,13.621,13.662,13.691,13.716,13.746,13.784,13.824,13.86,13.896,13.932,13.971,14.03,14.067,14.095,14.123,14.165,14.211,14.245,14.288,14.325,14.383,14.434,14.496,14.549,14.624,14.698,14.76,14.823,14.902,14.989,15.059,15.176,15.327,15.482,15.734,16.02,17.129
681,GRN FP,9.394,10.398,10.706,10.911,11.078,11.208,11.349,11.433,11.523,11.6,11.673,11.753,11.816,11.85,11.902,11.949,11.992,12.048,12.082,12.129,12.182,12.23,12.277,12.318,12.344,12.375,12.406,12.445,12.483,12.526,12.557,12.597,12.626,12.663,12.696,12.723,12.755,12.786,12.821,12.852,12.884,12.918,12.95,12.989,13.018,13.043,13.071,13.092,13.124,13.152,13.173,13.209,13.236,13.274,13.298,13.318,13.361,13.394,13.43,13.46,13.489,13.526,13.556,13.59,13.621,13.662,13.691,13.716,13.746,13.784,13.824,13.86,13.896,13.932,13.971,14.03,14.067,14.095,14.123,14.165,14.211,14.245,14.288,14.325,14.383,14.434,14.496,14.549,14.624,14.698,14.76,14.823,14.902,14.989,15.059,15.176,15.327,15.482,15.734,16.02,17.129
682,GRN FP,9.255,10.385,10.719,10.911,11.063,11.188,11.326,11.41,11.492,11.557,11.638,11.699,11.765,11.818,11.854,11.897,11.966,12.011,12.065,12.121,12.15,12.191,12.229,12.284,12.335,12.367,12.406,12.448,12.482,12.515,12.555,12.586,12.615,12.656,12.694,12.734,12.762,12.795,12.828,12.857,12.892,12.919,12.946,12.972,13.008,13.033,13.057,13.087,13.113,13.141,13.185,13.211,13.251,13.278,13.317,13.35,13.375,13.402,13.433,13.466,13.496,13.529,13.558,13.587,13.616,13.66,13.684,13.719,13.753,13.796,13.83,13.859,13.894,13.936,13.971,14.015,14.047,14.081,14.113,14.153,14.207,14.247,14.291,14.34,14.395,14.449,14.507,14.557,14.606,14.664,14.722,14.793,14.871,14.955,15.055,15.172,15.333,15.517,15.756,16.04,17.057
683,GRN FP,9.255,10.385,10.719,10.911,11.063,11.188,11.326,11.41,11.492,11.557,11.638,11.699,11.765,11.818,11.854,11.897,11.966,12.011,12.065,12.121,12.15,12.191,12.229,12.284,12.335,12.367,12.406,12.448,12.482,12.515,12.555,12.586,12.615,12.656,12.694,12.734,12.762,12.795,12.828,12.857,12.892,12.919,12.946,12.972,13.008,13.033,13.057,13.087,13.113,13.141,13.185,13.211,13.251,13.278,13.317,13.35,13.375,13.402,13.433,13.466,13.496,13.529,13.558,13.587,13.616,13.66,13.684,13.719,13.753,13.796,13.83,13.859,13.894,13.936,13.971,14.015,14.047,14.081,14.113,14.153,14.207,14.247,14.291,14.34,14.395,14.449,14.507,14.557,14.606,14.664,14.722,14.793,14.871,14.955,15.055,15.172,15.333,15.517,15.756,16.04,17.057
684,GRN FP,9.324,10.379,10.708,10.934,11.073,11.198,11.309,11.388,11.462,11.557,11.619,11.68,11.746,11.808,11.866,11.911,11.967,12.007,12.064,12.113,12.154,12.198,12.238,12.277,12.309,12.35,12.386,12.428,12.462,12.5,12.538,12.569,12.6,12.629,12.659,12.696,12.731,12.761,12.81,12.844,12.874,12.915,12.946,12.971,12.995,13.026,13.057,13.081,13.111,13.141,13.173,13.207,13.235,13.259,13.293,13.327,13.357,13.392,13.436,13.465,13.506,13.533,13.568,13.601,13.624,13.657,13.694,13.726,13.76,13.791,13.818,13.859,13.907,13.944,13.982,14.022,14.053,14.091,14.124,14.166,14.217,14.256,14.305,14.357,14.397,14.434,14.482,14.537,14.599,14.677,14.742,14.809,14.875,14.954,15.041,15.156,15.318,15.515,15.743,16.021,17.254
685,GRN FP,9.324,10.379,10.708,10.934,11.073,11.198,11.309,11.388,11.462,11.557,11.619,11.68,11.746,11.808,11.866,11.911,11.967,12.007,12.064,12.113,12.154,12.198,12.238,12.277,12.309,12.35,12.386,12.428,12.462,12.5,12.538,12.569,12.6,12.629,12.659,12.696,12.731,12.761,12.81,12.844,12.874,12.915,12.946,12.971,12.995,13.026,13.057,13.081,13.111,13.141,13.173,13.207,13.235,13.259,13.293,13.327,13.357,13.392,13.436,13.465,13.506,13.533,13.568,13.601,13.624,13.657,13.694,13.726,13.76,13.791,13.818,13.859,13.907,13.944,13.982,14.022,14.053,14.091,14.124,14.166,14.217,14.256,14.305,14.357,14.397,14.434,14.482,14.537,14.599,14.677,14.742,14.809,14.875,14.954,15.041,15.156,15.318,15.515,15.743,16.021,17.254
686,GRN FP,9.167,10.433,10.725,10.908,11.039,11.18,11.278,11.376,11.463,11.535,11.579,11.645,11.738,11.787,11.838,11.899,11.951,12.009,12.038,12.093,12.153,12.21,12.252,12.282,12.324,12.364,12.397,12.438,12.477,12.508,12.535,12.574,12.605,12.635,12.663,12.702,12.739,12.762,12.803,12.84,12.866,12.899,12.936,12.967,12.997,13.026,13.055,13.09,13.124,13.154,13.18,13.213,13.24,13.263,13.298,13.332,13.358,13.396,13.431,13.456,13.484,13.515,13.549,13.583,13.61,13.643,13.675,13.703,13.74,13.782,13.824,13.866,13.896,13.935,13.97,14.01,14.048,14.089,14.127,14.181,14.212,14.261,14.312,14.355,14.396,14.444,14.504,14.556,14.596,14.669,14.74,14.806,14.887,14.988,15.087,15.165,15.323,15.501,15.689,16.023,17.162
687,GRN FP,9.167,10.433,10.725,10.908,11.039,11.18,11.278,11.376,11.463,11.535,11.579,11.645,11.738,11.787,11.838,11.899,11.951,12.009,12.038,12.093,12.153,12.21,12.252,12.282,12.324,12.364,12.397,12.438,12.477,12.508,12.535,12.574,12.605,12.635,12.663,12.702,12.739,12.762,12.803,12.84,12.866,12.899,12.936,12.967,12.997,13.026,13.055,13.09,13.124,13.154,13.18,13.213,13.24,13.263,13.298,13.332,13.358,13.396,13.431,13.456,13.484,13.515,13.549,13.583,13.61,13.643,13.675,13.703,13.74,13.782,13.824,13.866,13.896,13.935,13.97,14.01,14.048,14.089,14.127,14.181,14.212,14.261,14.312,14.355,14.396,14.444,14.504,14.556,14.596,14.669,14.74,14.806,14.887,14.988,15.087,15.165,15.323,15.501,15.689,16.023,17.162
688,GRN FP,9.252,10.389,10.696,10.884,11.024,11.148,11.264,11.371,11.467,11.546,11.608,11.691,11.747,11.797,11.853,11.896,11.954,11.994,12.053,12.104,12.16,12.199,12.242,12.281,12.322,12.361,12.4,12.432,12.464,12.512,12.549,12.594,12.626,12.661,12.685,12.713,12.748,12.779,12.805,12.841,12.874,12.905,12.934,12.963,12.993,13.036,13.068,13.092,13.124,13.149,13.183,13.213,13.253,13.282,13.311,13.336,13.36,13.387,13.423,13.459,13.483,13.518,13.556,13.584,13.614,13.64,13.68,13.713,13.744,13.774,13.82,13.858,13.894,13.917,13.949,13.98,14.027,14.066,14.112,14.15,14.206,14.257,14.299,14.338,14.387,14.436,14.487,14.545,14.627,14.7,14.769,14.846,14.945,15.033,15.106,15.234,15.34,15.471,15.645,15.94,17.019
689,GRN FP,9.252,10.389,10.696,10.884,11.024,11.148,11.264,11.371,11.467,11.546,11.608,11.691,11.747,11.797,11.853,11.896,11.954,11.994,12.053,12.104,12.16,12.199,12.242,12.281,12.322,12.361,12.4,12.432,12.464,12.512,12.549,12.594,12.626,12.661,12.685,12.713,12.748,12.779,12.805,12.841,12.874,12.905,12.934,12.963,12.993,13.036,13.068,13.092,13.124,13.149,13.183,13.213,13.253,13.282,13.311,13.336,13.36,13.387,13.423,13.459,13.483,13.518,13.556,13.584,13.614,13.64,13.68,13.713,13.744,13.774,13.82,13.858,13.894,13.917,13.949,13.98,14.027,14.066,14.112,14.15,14.206,14.257,14.299,14.338,14.387,14.436,14.487,14.545,14.627,14.7,14.769,14.846,14.945,15.033,15.106,15.234,15.34,15.471,15.645,15.94,17.019
690,GRN FP,9.139,10.506,10.771,10.898,11.029,11.143,11.234,11.354,11.459,11.544,11.631,11.689,11.745,11.794,11.851,11.896,11.946,11.999,12.059,12.11,12.161,12.208,12.246,12.296,12.336,12.365,12.399,12.441,12.473,12.502,12.531,12.568,12.607,12.631,12.67,12.694,12.731,12.769,12.805,12.831,12.862,12.893,12.925,12.949,12.982,13.015,13.042,13.071,13.101,13.128,13.159,13.182,13.216,13.249,13.294,13.326,13.355,13.393,13.426,13.454,13.486,13.517,13.55,13.576,13.617,13.644,13.676,13.712,13.732,13.759,13.787,13.813,13.849,13.88,13.92,13.954,13.998,14.039,14.091,14.146,14.202,14.255,14.299,14.346,14.391,14.446,14.483,14.54,14.608,14.695,14.754,14.828,14.897,14.976,15.063,15.205,15.336,15.471,15.678,16.069,16.986
691,GRN FP,9.139,10.506,10.771,10.898,11.029,11.143,11.234,11.354,11.459,11.544,11.631,11.689,11.745,11.794,11.851,11.896,11.946,11.999,12.059,12.11,12.161,12.208,12.246,12.296,12.336,12.365,12.399,12.441,12.473,12.502,12.531,12.568,12.607,12.631,12.67,12.694,12.731,12.769,12.805,12.831,12.862,12.893,12.925,12.949,12.982,13.015,13.042,13.071,13.101,13.128,13.159,13.182,13.216,13.249,13.294,13.326,13.355,13.393,13.426,13.454,13.486,13.517,13.55,13.576,13.617,13.644,13.676,13.712,13.732,13.759,13.787,13.813,13.849,13.88,13.92,13.954,13.998,14.039,14.091,14.146,14.202,14.255,14.299,14.346,14.391,14.446,14.483,14.54,14.608,14.695,14.754,14.828,14.897,14.976,15.063,15.205,15.336,15.471,15.678,16.069,16.986
692,GRN FP,9.5,10.383,10.671,10.893,11.098,11.23,11.321,11.413,11.478,11.551,11.614,11.677,11.745,11.782,11.831,11.903,11.944,11.993,12.042,12.097,12.138,12.176,12.214,12.252,12.296,12.354,12.393,12.424,12.464,12.494,12.543,12.572,12.606,12.64,12.673,12.707,12.742,12.763,12.797,12.834,12.877,12.912,12.946,12.972,12.995,13.022,13.045,13.068,13.093,13.125,13.162,13.191,13.23,13.256,13.286,13.316,13.347,13.378,13.406,13.432,13.456,13.489,13.515,13.546,13.576,13.603,13.643,13.686,13.723,13.764,13.805,13.837,13.876,13.91,13.949,13.983,14.013,14.053,14.091,14.135,14.185,14.232,14.275,14.314,14.36,14.407,14.445,14.491,14.563,14.629,14.711,14.798,14.883,14.937,15.052,15.159,15.315,15.487,15.705,16.003,16.781
693,GRN FP,9.5,10.383,10.671,10.893,11.098,11.23,11.321,11.413,11.478,11.551,11.614,11.677,11.745,11.782,11.831,11.903,11.944,11.993,12.042,12.097,12.138,12.176,12.214,12.252,12.296,12.354,12.393,12.424,12.464,12.494,12.543,12.572,12.606,12.64,12.673,12.707,12.742,12.763,12.797,12.834,12.877,12.912,12.946,12.972,12.995,13.022,13.045,13.068,13.093,13.125,13.162,13.191,13.23,13.256,13.286,13.316,13.347,13.378,13.406,13.432,13.456,13.489,13.515,13.546,13.576,13.603,13.643,13.686,13.723,13.764,13.805,13.837,13.876,13.91,13.949,13.983,14.013,14.053,14.091,14.135,14.185,14.232,14.275,14.314,14.36,14.407,14.445,14.491,14.563,14.629,14.711,14.798,14.883,14.937,15.052,15.159,15.315,15.487,15.705,16.003,16.781
694,GRN FP,9.113,10.385,10.716,10.933,11.041,11.184,11.293,11.385,11.473,11.536,11.607,11.67,11.731,11.799,11.847,11.902,11.945,11.998,12.047,12.114,12.165,12.211,12.259,12.286,12.306,12.336,12.381,12.415,12.451,12.496,12.526,12.564,12.597,12.638,12.665,12.704,12.739,12.777,12.811,12.838,12.876,12.907,12.938,12.959,12.986,13.008,13.036,13.061,13.095,13.12,13.147,13.185,13.215,13.254,13.276,13.318,13.34,13.378,13.403,13.439,13.468,13.501,13.528,13.568,13.597,13.625,13.658,13.691,13.717,13.754,13.785,13.812,13.853,13.904,13.955,13.991,14.026,14.065,14.103,14.144,14.186,14.233,14.276,14.319,14.377,14.429,14.491,14.537,14.607,14.671,14.722,14.773,14.845,14.92,15.019,15.136,15.265,15.423,15.717,15.987,16.741
695,GRN FP,9.113,10.385,10.716,10.933,11.041,11.184,11.293,11.385,11.473,11.536,11.607,11.67,11.731,11.799,11.847,11.902,11.945,11.998,12.047,12.114,12.165,12.211,12.259,12.286,12.306,12.336,12.381,12.415,12.451,12.496,12.526,12.564,12.597,12.638,12.665,12.704,12.739,12.777,12.811,12.838,12.876,12.907,12.938,12.959,12.986,13.008,13.036,13.061,13.095,13.12,13.147,13.185,13.215,13.254,13.276,13.318,13.34,13.378,13.403,13.439,13.468,13.501,13.528,13.568,13.597,13.625,13.658,13.691,13.717,13.754,13.785,13.812,13.853,13.904,13.955,13.991,14.026,14.065,14.103,14.144,14.186,14.233,14.276,14.319,14.377,14.429,14.491,14.537,14.607,14.671,14.722,14.773,14.845,14.92,15.019,15.136,15.265,15.423,15.717,15.987,16.741
696,GRN FP,9.658,10.43,10.73,10.879,11.053,11.169,11.261,11.362,11.442,11.519,11.589,11.653,11.723,11.786,11.845,11.892,11.94,11.987,12.038,12.079,12.11,12.157,12.217,12.276,12.312,12.361,12.394,12.419,12.455,12.497,12.531,12.562,12.603,12.638,12.675,12.706,12.73,12.757,12.789,12.813,12.848,12.877,12.9,12.927,12.961,12.993,13.025,13.062,13.09,13.115,13.147,13.18,13.212,13.24,13.278,13.304,13.332,13.364,13.396,13.422,13.452,13.484,13.516,13.555,13.586,13.622,13.663,13.687,13.725,13.766,13.797,13.834,13.869,13.91,13.953,13.999,14.034,14.064,14.098,14.133,14.168,14.216,14.271,14.322,14.377,14.425,14.477,14.516,14.56,14.633,14.706,14.79,14.838,14.918,14.992,15.134,15.266,15.426,15.659,16.007,16.75
697,GRN FP,9.658,10.43,10.73,10.879,11.053,11.169,11.261,11.362,11.442,11.519,11.589,11.653,11.723,11.786,11.845,11.892,11.94,11.987,12.038,12.079,12.11,12.157,12.217,12.276,12.312,12.361,12.394,12.419,12.455,12.497,12.531,12.562,12.603,12.638,12.675,12.706,12.73,12.757,12.789,12.813,12.848,12.877,12.9,12.927,12.961,12.993,13.025,13.062,13.09,13.115,13.147,13.18,13.212,13.24,13.278,13.304,13.332,13.364,13.396,13.422,13.452,13.484,13.516,13.555,13.586,13.622,13.663,13.687,13.725,13.766,13.797,13.834,13.869,13.91,13.953,13.999,14.034,14.064,14.098,14.133,14.168,14.216,14.271,14.322,14.377,14.425,14.477,14.516,14.56,14.633,14.706,14.79,14.838,14.918,14.992,15.134,15.266,15.426,15.659,16.007,16.75
698,GRN FP,9.582,10.416,10.753,10.922,11.046,11.193,11.323,11.404,11.465,11.545,11.627,11.685,11.736,11.787,11.848,11.891,11.952,12.006,12.06,12.1,12.141,12.177,12.219,12.259,12.303,12.35,12.393,12.417,12.46,12.49,12.53,12.56,12.587,12.624,12.652,12.688,12.72,12.752,12.79,12.823,12.851,12.877,12.911,12.942,12.989,13.02,13.044,13.08,13.123,13.154,13.184,13.212,13.246,13.268,13.293,13.328,13.363,13.389,13.417,13.452,13.483,13.514,13.537,13.564,13.59,13.626,13.655,13.69,13.723,13.761,13.793,13.827,13.855,13.892,13.935,13.969,14.017,14.05,14.087,14.128,14.167,14.194,14.24,14.282,14.333,14.399,14.449,14.492,14.555,14.615,14.687,14.751,14.833,14.927,14.994,15.089,15.215,15.325,15.6,15.943,16.646
699,GRN FP,9.582,10.416,10.753,10.922,11.046,11.193,11.323,11.404,11.465,11.545,11.627,11.685,11.736,11.787,11.848,11.891,11.952,12.006,12.06,12.1,12.141,12.177,12.219,12.259,12.303,12.35,12.393,12.417,12.46,12.49,12.53,12.56,12.587,12.624,12.652,12.688,12.72,12.752,12.79,12.823,12.851,12.877,12.911,12.942,12.989,13.02,13.044,13.08,13.123,13.154,13.184,13.212,13.246,13.268,13.293,13.328,13.363,13.389,13.417,13.452,13.483,13.514,13.537,13.564,13.59,13.626,13.655,13.69,13.723,13.761,13.793,13.827,13.855,13.892,13.935,13.969,14.017,14.05,14.087,14.128,14.167,14.194,14.24,14.282,14.333,14.399,14.449,14.492,14.555,14.615,14.687,14.751,14.833,14.927,14.994,15.089,15.215,15.325,15.6,15.943,16.646
700,GRN FP,9.474,10.364,10.699,10.935,11.058,11.196,11.319,11.422,11.507,11.572,11.65,11.713,11.766,11.814,11.871,11.915,11.978,12.025,12.069,12.119,12.164,12.202,12.238,12.273,12.307,12.349,12.385,12.432,12.465,12.508,12.539,12.573,12.61,12.633,12.674,12.704,12.726,12.75,12.781,12.812,12.842,12.867,12.902,12.936,12.978,13.018,13.054,13.083,13.107,13.132,13.164,13.198,13.236,13.265,13.293,13.31,13.344,13.376,13.407,13.434,13.462,13.496,13.533,13.565,13.592,13.63,13.662,13.693,13.721,13.753,13.786,13.811,13.841,13.876,13.909,13.946,13.991,14.038,14.074,14.109,14.155,14.193,14.23,14.27,14.315,14.385,14.436,14.477,14.529,14.587,14.645,14.719,14.799,14.884,14.967,15.072,15.184,15.366,15.584,15.898,16.755
701,GRN FP,9.474,10.364,10.699,10.935,11.058,11.196,11.319,11.422,11.507,11.572,11.65,11.713,11.766,11.814,11.871,11.915,11.978,12.025,12.069,12.119,12.164,12.202,12.238,12.273,12.307,12.349,12.385,12.432,12.465,12.508,12.539,12.573,12.61,12.633,12.674,12.704,12.726,12.75,12.781,12.812,12.842,12.867,12.902,12.936,12.978,13.018,13.054,13.083,13.107,13.132,13.164,13.198,13.236,13.265,13.293,13.31,13.344,13.376,13.407,13.434,13.462,13.496,13.533,13.565,13.592,13.63,13.662,13.693,13.721,13.753,13.786,13.811,13.841,13.876,13.909,13.946,13.991,14.038,14.074,14.109,14.155,14.193,14.23,14.27,14.315,14.385,14.436,14.477,14.529,14.587,14.645,14.719,14.799,14.884,14.967,15.072,15.184,15.366,15.584,15.898,16.755
702,GRN FP,9.544,10.374,10.739,10.911,11.061,11.209,11.304,11.407,11.503,11.585,11.65,11.713,11.778,11.837,11.898,11.936,11.99,12.03,12.075,12.115,12.168,12.215,12.257,12.293,12.329,12.363,12.394,12.431,12.469,12.5,12.528,12.559,12.589,12.621,12.657,12.699,12.733,12.763,12.8,12.826,12.858,12.882,12.926,12.954,12.976,12.998,13.029,13.062,13.092,13.12,13.154,13.172,13.206,13.239,13.267,13.295,13.331,13.372,13.399,13.418,13.439,13.466,13.499,13.529,13.562,13.593,13.629,13.654,13.684,13.718,13.757,13.786,13.819,13.854,13.883,13.934,13.976,14.02,14.055,14.103,14.14,14.188,14.236,14.27,14.319,14.362,14.415,14.463,14.513,14.579,14.642,14.693,14.777,14.86,14.968,15.056,15.168,15.295,15.508,15.826,16.744
703,GRN FP,9.544,10.374,10.739,10.911,11.061,11.209,11.304,11.407,11.503,11.585,11.65,11.713,11.778,11.837,11.898,11.936,11.99,12.03,12.075,12.115,12.168,12.215,12.257,12.293,12.329,12.363,12.394,12.431,12.469,12.5,12.528,12.559,12.589,12.621,12.657,12.699,12.733,12.763,12.8,12.826,12.858,12.882,12.926,12.954,12.976,12.998,13.029,13.062,13.092,13.12,13.154,13.172,13.206,13.239,13.267,13.295,13.331,13.372,13.399,13.418,13.439,13.466,13.499,13.529,13.562,13.593,13.629,13.654,13.684,13.718,13.757,13.786,13.819,13.854,13.883,13.934,13.976,14.02,14.055,14.103,14.14,14.188,14.236,14.27,14.319,14.362,14.415,14.463,14.513,14.579,14.642,14.693,14.777,14.86,14.968,15.056,15.168,15.295,15.508,15.826,16.744
704,GRN FP,9.644,10.47,10.827,11.015,11.134,11.255,11.367,11.478,11.535,11.636,11.703,11.755,11.81,11.869,11.929,11.97,12.007,12.057,12.105,12.139,12.18,12.232,12.265,12.303,12.342,12.376,12.407,12.446,12.477,12.516,12.55,12.582,12.607,12.645,12.682,12.709,12.745,12.777,12.813,12.845,12.879,12.916,12.945,12.969,12.999,13.025,13.056,13.09,13.117,13.145,13.171,13.197,13.221,13.248,13.276,13.309,13.333,13.363,13.391,13.414,13.444,13.475,13.504,13.532,13.554,13.581,13.614,13.649,13.684,13.724,13.756,13.789,13.824,13.854,13.889,13.925,13.954,13.994,14.038,14.084,14.117,14.148,14.194,14.234,14.273,14.341,14.392,14.431,14.482,14.544,14.613,14.678,14.742,14.806,14.887,15.029,15.129,15.279,15.491,15.801,16.728
705,GRN FP,9.644,10.47,10.827,11.015,11.134,11.255,11.367,11.478,11.535,11.636,11.703,11.755,11.81,11.869,11.929,11.97,12.007,12.057,12.105,12.139,12.18,12.232,12.265,12.303,12.342,12.376,12.407,12.446,12.477,12.516,12.55,12.582,12.607,12.645,12.682,12.709,12.745,12.777,12.813,12.845,12.879,12.916,12.945,12.969,12.999,13.025,13.056,13.09,13.117,13.145,13.171,13.197,13.221,13.248,13.276,13.309,13.333,13.363,13.391,13.414,13.444,13.475,13.504,13.532,13.554,13.581,13.614,13.649,13.684,13.724,13.756,13.789,13.824,13.854,13.889,13.925,13.954,13.994,14.038,14.084,14.117,14.148,14.194,14.234,14.273,14.341,14.392,14.431,14.482,14.544,14.613,14.678,14.742,14.806,14.887,15.029,15.129,15.279,15.491,15.801,16.728
706,GRN FP,9.598,10.611,10.909,11.114,11.231,11.337,11.451,11.528,11.598,11.668,11.742,11.797,11.852,11.893,11.954,12.001,12.05,12.09,12.118,12.151,12.201,12.237,12.282,12.328,12.369,12.417,12.448,12.485,12.526,12.559,12.586,12.624,12.664,12.687,12.718,12.748,12.788,12.812,12.838,12.866,12.893,12.919,12.95,12.976,13.006,13.039,13.067,13.096,13.125,13.145,13.168,13.196,13.22,13.251,13.276,13.304,13.327,13.346,13.376,13.398,13.428,13.456,13.486,13.511,13.54,13.567,13.6,13.639,13.675,13.713,13.748,13.785,13.827,13.86,13.892,13.929,13.957,13.988,14.02,14.049,14.093,14.141,14.19,14.236,14.266,14.307,14.346,14.406,14.477,14.538,14.594,14.646,14.725,14.8,14.874,14.982,15.113,15.269,15.43,15.727,16.609
707,GRN FP,9.598,10.611,10.909,11.114,11.231,11.337,11.451,11.528,11.598,11.668,11.742,11.797,11.852,11.893,11.954,12.001,12.05,12.09,12.118,12.151,12.201,12.237,12.282,12.328,12.369,12.417,12.448,12.485,12.526,12.559,12.586,12.624,12.664,12.687,12.718,12.748,12.788,12.812,12.838,12.866,12.893,12.919,12.95,12.976,13.006,13.039,13.067,13.096,13.125,13.145,13.168,13.196,13.22,13.251,13.276,13.304,13.327,13.346,13.376,13.398,13.428,13.456,13.486,13.511,13.54,13.567,13.6,13.639,13.675,13.713,13.748,13.785,13.827,13.86,13.892,13.929,13.957,13.988,14.02,14.049,14.093,14.141,14.19,14.236,14.266,14.307,14.346,14.406,14.477,14.538,14.594,14.646,14.725,14.8,14.874,14.982,15.113,15.269,15.43,15.727,16.609
708,GRN FP,9.918,10.506,10.905,11.132,11.267,11.412,11.521,11.599,11.664,11.737,11.794,11.878,11.931,11.973,12.012,12.054,12.099,12.147,12.188,12.225,12.283,12.311,12.35,12.383,12.418,12.454,12.486,12.517,12.549,12.583,12.609,12.637,12.661,12.694,12.725,12.753,12.787,12.814,12.839,12.868,12.895,12.919,12.944,12.972,12.998,13.019,13.046,13.078,13.101,13.132,13.16,13.182,13.218,13.241,13.266,13.294,13.32,13.345,13.374,13.402,13.439,13.472,13.496,13.523,13.55,13.595,13.625,13.651,13.682,13.721,13.755,13.777,13.811,13.844,13.875,13.907,13.943,13.984,14.014,14.045,14.086,14.119,14.161,14.211,14.251,14.308,14.352,14.391,14.437,14.498,14.549,14.609,14.667,14.768,14.833,14.936,15.043,15.217,15.393,15.696,16.725
709,GRN FP,9.918,10.506,10.905,11.132,11.267,11.412,11.521,11.599,11.664,11.737,11.794,11.878,11.931,11.973,12.012,12.054,12.099,12.147,12.188,12.225,12.283,12.311,12.35,12.383,12.418,12.454,12.486,12.517,12.549,12.583,12.609,12.637,12.661,12.694,12.725,12.753,12.787,12.814,12.839,12.868,12.895,12.919,12.944,12.972,12.998,13.019,13.046,13.078,13.101,13.132,13.16,13.182,13.218,13.241,13.266,13.294,13.32,13.345,13.374,13.402,13.439,13.472,13.496,13.523,13.55,13.595,13.625,13.651,13.682,13.721,13.755,13.777,13.811,13.844,13.875,13.907,13.943,13.984,14.014,14.045,14.086,14.119,14.161,14.211,14.251,14.308,14.352,14.391,14.437,14.498,14.549,14.609,14.667,14.768,14.833,14.936,15.043,15.217,15.393,15.696,16.725
710,GRN FP,10.051,10.65,10.904,11.163,11.322,11.444,11.554,11.639,11.722,11.787,11.845,11.877,11.925,11.98,12.036,12.093,12.141,12.189,12.226,12.274,12.305,12.339,12.377,12.418,12.443,12.48,12.526,12.553,12.582,12.605,12.635,12.664,12.689,12.715,12.741,12.773,12.796,12.824,12.847,12.88,12.904,12.932,12.965,12.989,13.011,13.035,13.064,13.093,13.117,13.146,13.174,13.203,13.232,13.265,13.287,13.313,13.339,13.361,13.388,13.416,13.446,13.475,13.505,13.535,13.557,13.582,13.607,13.64,13.679,13.708,13.737,13.764,13.797,13.833,13.865,13.896,13.927,13.963,14.0,14.03,14.066,14.101,14.154,14.181,14.221,14.268,14.312,14.348,14.398,14.453,14.509,14.59,14.66,14.741,14.835,14.938,15.053,15.185,15.371,15.591,16.602
711,GRN FP,10.051,10.65,10.904,11.163,11.322,11.444,11.554,11.639,11.722,11.787,11.845,11.877,11.925,11.98,12.036,12.093,12.141,12.189,12.226,12.274,12.305,12.339,12.377,12.418,12.443,12.48,12.526,12.553,12.582,12.605,12.635,12.664,12.689,12.715,12.741,12.773,12.796,12.824,12.847,12.88,12.904,12.932,12.965,12.989,13.011,13.035,13.064,13.093,13.117,13.146,13.174,13.203,13.232,13.265,13.287,13.313,13.339,13.361,13.388,13.416,13.446,13.475,13.505,13.535,13.557,13.582,13.607,13.64,13.679,13.708,13.737,13.764,13.797,13.833,13.865,13.896,13.927,13.963,14.0,14.03,14.066,14.101,14.154,14.181,14.221,14.268,14.312,14.348,14.398,14.453,14.509,14.59,14.66,14.741,14.835,14.938,15.053,15.185,15.371,15.591,16.602
712,GRN FP,10.099,10.834,11.038,11.237,11.361,11.498,11.598,11.687,11.762,11.831,11.893,11.945,12.005,12.048,12.09,12.122,12.163,12.204,12.254,12.301,12.338,12.37,12.401,12.432,12.463,12.498,12.534,12.567,12.592,12.624,12.647,12.672,12.696,12.73,12.757,12.785,12.821,12.848,12.873,12.896,12.918,12.938,12.961,12.986,13.013,13.035,13.056,13.084,13.112,13.142,13.165,13.186,13.212,13.242,13.259,13.279,13.312,13.347,13.372,13.397,13.429,13.457,13.482,13.519,13.547,13.573,13.592,13.622,13.647,13.692,13.718,13.741,13.771,13.802,13.824,13.859,13.894,13.943,13.974,14.003,14.036,14.067,14.105,14.154,14.202,14.239,14.281,14.328,14.384,14.432,14.494,14.567,14.638,14.732,14.802,14.887,14.979,15.114,15.304,15.561,16.294
713,GRN FP,10.099,10.834,11.038,11.237,11.361,11.498,11.598,11.687,11.762,11.831,11.893,11.945,12.005,12.048,12.09,12.122,12.163,12.204,12.254,12.301,12.338,12.37,12.401,12.432,12.463,12.498,12.534,12.567,12.592,12.624,12.647,12.672,12.696,12.73,12.757,12.785,12.821,12.848,12.873,12.896,12.918,12.938,12.961,12.986,13.013,13.035,13.056,13.084,13.112,13.142,13.165,13.186,13.212,13.242,13.259,13.279,13.312,13.347,13.372,13.397,13.429,13.457,13.482,13.519,13.547,13.573,13.592,13.622,13.647,13.692,13.718,13.741,13.771,13.802,13.824,13.859,13.894,13.943,13.974,14.003,14.036,14.067,14.105,14.154,14.202,14.239,14.281,14.328,14.384,14.432,14.494,14.567,14.638,14.732,14.802,14.887,14.979,15.114,15.304,15.561,16.294
714,GRN FP,10.222,10.83,11.106,11.323,11.457,11.564,11.655,11.721,11.771,11.843,11.921,11.991,12.044,12.115,12.162,12.201,12.235,12.278,12.313,12.347,12.38,12.414,12.442,12.463,12.488,12.513,12.548,12.582,12.609,12.641,12.672,12.699,12.728,12.757,12.779,12.802,12.825,12.85,12.871,12.901,12.921,12.942,12.969,13.002,13.026,13.051,13.081,13.107,13.125,13.15,13.171,13.207,13.238,13.262,13.282,13.319,13.339,13.362,13.389,13.411,13.432,13.455,13.476,13.5,13.524,13.549,13.571,13.604,13.627,13.654,13.676,13.71,13.737,13.771,13.808,13.84,13.87,13.897,13.931,13.969,14.005,14.049,14.092,14.124,14.16,14.211,14.252,14.309,14.356,14.409,14.465,14.518,14.574,14.659,14.732,14.822,14.94,15.072,15.217,15.433,15.957
715,GRN FP,10.222,10.83,11.106,11.323,11.457,11.564,11.655,11.721,11.771,11.843,11.921,11.991,12.044,12.115,12.162,12.201,12.235,12.278,12.313,12.347,12.38,12.414,12.442,12.463,12.488,12.513,12.548,12.582,12.609,12.641,12.672,12.699,12.728,12.757,12.779,12.802,12.825,12.85,12.871,12.901,12.921,12.942,12.969,13.002,13.026,13.051,13.081,13.107,13.125,13.15,13.171,13.207,13.238,13.262,13.282,13.319,13.339,13.362,13.389,13.411,13.432,13.455,13.476,13.5,13.524,13.549,13.571,13.604,13.627,13.654,13.676,13.71,13.737,13.771,13.808,13.84,13.87,13.897,13.931,13.969,14.005,14.049,14.092,14.124,14.16,14.211,14.252,14.309,14.356,14.409,14.465,14.518,14.574,14.659,14.732,14.822,14.94,15.072,15.217,15.433,15.957
716,GRN FP,10.213,10.824,11.121,11.23,11.357,11.488,11.579,11.677,11.764,11.829,11.887,11.949,12.006,12.063,12.108,12.151,12.193,12.233,12.274,12.31,12.343,12.379,12.415,12.447,12.484,12.516,12.554,12.576,12.607,12.65,12.667,12.703,12.741,12.765,12.791,12.813,12.84,12.858,12.884,12.905,12.932,12.958,12.982,13.003,13.037,13.067,13.094,13.116,13.136,13.157,13.179,13.201,13.228,13.253,13.273,13.299,13.333,13.355,13.375,13.4,13.429,13.451,13.482,13.502,13.528,13.558,13.585,13.615,13.641,13.674,13.712,13.74,13.771,13.797,13.827,13.865,13.895,13.93,13.961,13.998,14.035,14.068,14.11,14.138,14.183,14.231,14.271,14.324,14.367,14.433,14.481,14.528,14.605,14.686,14.771,14.868,14.959,15.08,15.259,15.496,16.19
717,GRN FP,10.213,10.824,11.121,11.23,11.357,11.488,11.579,11.677,11.764,11.829,11.887,11.949,12.006,12.063,12.108,12.151,12.193,12.233,12.274,12.31,12.343,12.379,12.415,12.447,12.484,12.516,12.554,12.576,12.607,12.65,12.667,12.703,12.741,12.765,12.791,12.813,12.84,12.858,12.884,12.905,12.932,12.958,12.982,13.003,13.037,13.067,13.094,13.116,13.136,13.157,13.179,13.201,13.228,13.253,13.273,13.299,13.333,13.355,13.375,13.4,13.429,13.451,13.482,13.502,13.528,13.558,13.585,13.615,13.641,13.674,13.712,13.74,13.771,13.797,13.827,13.865,13.895,13.93,13.961,13.998,14.035,14.068,14.11,14.138,14.183,14.231,14.271,14.324,14.367,14.433,14.481,14.528,14.605,14.686,14.771,14.868,14.959,15.08,15.259,15.496,16.19
718,GRN FP,10.27,10.823,11.089,11.253,11.366,11.477,11.556,11.661,11.725,11.802,11.871,11.924,11.982,12.035,12.077,12.123,12.172,12.214,12.264,12.309,12.345,12.382,12.416,12.444,12.47,12.504,12.532,12.56,12.605,12.64,12.665,12.691,12.722,12.757,12.782,12.814,12.837,12.861,12.889,12.919,12.945,12.973,12.996,13.014,13.042,13.072,13.099,13.128,13.151,13.178,13.2,13.222,13.246,13.275,13.296,13.328,13.355,13.38,13.404,13.424,13.457,13.489,13.512,13.538,13.569,13.596,13.621,13.645,13.667,13.706,13.734,13.759,13.789,13.818,13.843,13.883,13.915,13.943,13.971,14.012,14.047,14.095,14.135,14.168,14.205,14.248,14.29,14.348,14.408,14.463,14.51,14.574,14.638,14.704,14.779,14.874,14.974,15.113,15.295,15.585,16.199
719,GRN FP,10.27,10.823,11.089,11.253,11.366,11.477,11.556,11.661,11.725,11.802,11.871,11.924,11.982,12.035,12.077,12.123,12.172,12.214,12.264,12.309,12.345,12.382,12.416,12.444,12.47,12.504,12.532,12.56,12.605,12.64,12.665,12.691,12.722,12.757,12.782,12.814,12.837,12.861,12.889,12.919,12.945,12.973,12.996,13.014,13.042,13.072,13.099,13.128,13.151,13.178,13.2,13.222,13.246,13.275,13.296,13.328,13.355,13.38,13.404,13.424,13.457,13.489,13.512,13.538,13.569,13.596,13.621,13.645,13.667,13.706,13.734,13.759,13.789,13.818,13.843,13.883,13.915,13.943,13.971,14.012,14.047,14.095,14.135,14.168,14.205,14.248,14.29,14.348,14.408,14.463,14.51,14.574,14.638,14.704,14.779,14.874,14.974,15.113,15.295,15.585,16.199
720,GRN FP,10.133,10.799,11.084,11.233,11.364,11.461,11.575,11.663,11.731,11.793,11.859,11.915,11.976,12.033,12.081,12.122,12.156,12.212,12.25,12.3,12.341,12.383,12.417,12.459,12.487,12.516,12.545,12.569,12.61,12.637,12.669,12.693,12.726,12.755,12.781,12.805,12.831,12.861,12.886,12.911,12.932,12.959,12.997,13.029,13.059,13.087,13.111,13.131,13.151,13.178,13.208,13.237,13.259,13.284,13.313,13.338,13.365,13.395,13.424,13.451,13.482,13.506,13.539,13.569,13.598,13.631,13.663,13.684,13.717,13.747,13.769,13.798,13.827,13.855,13.893,13.939,13.967,13.996,14.028,14.075,14.109,14.151,14.183,14.215,14.251,14.293,14.345,14.392,14.428,14.484,14.544,14.615,14.694,14.761,14.851,14.918,15.008,15.153,15.328,15.626,16.358
721,GRN FP,10.133,10.799,11.084,11.233,11.364,11.461,11.575,11.663,11.731,11.793,11.859,11.915,11.976,12.033,12.081,12.122,12.156,12.212,12.25,12.3,12.341,12.383,12.417,12.459,12.487,12.516,12.545,12.569,12.61,12.637,12.669,12.693,12.726,12.755,12.781,12.805,12.831,12.861,12.886,12.911,12.932,12.959,12.997,13.029,13.059,13.087,13.111,13.131,13.151,13.178,13.208,13.237,13.259,13.284,13.313,13.338,13.365,13.395,13.424,13.451,13.482,13.506,13.539,13.569,13.598,13.631,13.663,13.684,13.717,13.747,13.769,13.798,13.827,13.855,13.893,13.939,13.967,13.996,14.028,14.075,14.109,14.151,14.183,14.215,14.251,14.293,14.345,14.392,14.428,14.484,14.544,14.615,14.694,14.761,14.851,14.918,15.008,15.153,15.328,15.626,16.358
722,GRN FP,9.931,10.767,11.073,11.222,11.356,11.495,11.58,11.652,11.731,11.788,11.87,11.941,12.003,12.046,12.088,12.133,12.162,12.208,12.244,12.286,12.323,12.363,12.4,12.43,12.458,12.49,12.53,12.556,12.593,12.617,12.642,12.674,12.711,12.76,12.786,12.813,12.846,12.872,12.897,12.926,12.958,12.987,13.015,13.034,13.054,13.078,13.101,13.133,13.165,13.193,13.215,13.237,13.261,13.296,13.32,13.344,13.372,13.395,13.423,13.453,13.482,13.506,13.535,13.553,13.576,13.614,13.643,13.678,13.714,13.734,13.765,13.797,13.829,13.868,13.898,13.936,13.972,14.014,14.057,14.092,14.132,14.17,14.21,14.244,14.281,14.335,14.382,14.442,14.489,14.535,14.587,14.66,14.728,14.805,14.886,14.978,15.084,15.226,15.406,15.652,16.413
723,GRN FP,9.931,10.767,11.073,11.222,11.356,11.495,11.58,11.652,11.731,11.788,11.87,11.941,12.003,12.046,12.088,12.133,12.162,12.208,12.244,12.286,12.323,12.363,12.4,12.43,12.458,12.49,12.53,12.556,12.593,12.617,12.642,12.674,12.711,12.76,12.786,12.813,12.846,12.872,12.897,12.926,12.958,12.987,13.015,13.034,13.054,13.078,13.101,13.133,13.165,13.193,13.215,13.237,13.261,13.296,13.32,13.344,13.372,13.395,13.423,13.453,13.482,13.506,13.535,13.553,13.576,13.614,13.643,13.678,13.714,13.734,13.765,13.797,13.829,13.868,13.898,13.936,13.972,14.014,14.057,14.092,14.132,14.17,14.21,14.244,14.281,14.335,14.382,14.442,14.489,14.535,14.587,14.66,14.728,14.805,14.886,14.978,15.084,15.226,15.406,15.652,16.413
724,GRN FP,10.196,10.786,11.058,11.247,11.374,11.473,11.589,11.658,11.725,11.793,11.867,11.909,11.973,12.034,12.095,12.136,12.175,12.224,12.258,12.293,12.327,12.372,12.409,12.439,12.469,12.5,12.546,12.582,12.616,12.644,12.686,12.711,12.732,12.757,12.787,12.813,12.85,12.875,12.9,12.931,12.953,12.983,13.008,13.04,13.067,13.083,13.105,13.132,13.156,13.188,13.216,13.242,13.275,13.299,13.325,13.358,13.386,13.407,13.432,13.465,13.498,13.522,13.557,13.584,13.61,13.643,13.668,13.696,13.726,13.75,13.785,13.818,13.847,13.878,13.915,13.953,13.993,14.028,14.069,14.102,14.137,14.179,14.22,14.273,14.316,14.351,14.401,14.459,14.512,14.56,14.616,14.697,14.78,14.858,14.92,14.999,15.077,15.202,15.424,15.699,16.437
725,GRN FP,10.196,10.786,11.058,11.247,11.374,11.473,11.589,11.658,11.725,11.793,11.867,11.909,11.973,12.034,12.095,12.136,12.175,12.224,12.258,12.293,12.327,12.372,12.409,12.439,12.469,12.5,12.546,12.582,12.616,12.644,12.686,12.711,12.732,12.757,12.787,12.813,12.85,12.875,12.9,12.931,12.953,12.983,13.008,13.04,13.067,13.083,13.105,13.132,13.156,13.188,13.216,13.242,13.275,13.299,13.325,13.358,13.386,13.407,13.432,13.465,13.498,13.522,13.557,13.584,13.61,13.643,13.668,13.696,13.726,13.75,13.785,13.818,13.847,13.878,13.915,13.953,13.993,14.028,14.069,14.102,14.137,14.179,14.22,14.273,14.316,14.351,14.401,14.459,14.512,14.56,14.616,14.697,14.78,14.858,14.92,14.999,15.077,15.202,15.424,15.699,16.437
726,GRN FP,10.116,10.724,11.045,11.23,11.383,11.489,11.583,11.663,11.737,11.803,11.844,11.905,11.961,12.026,12.073,12.126,12.168,12.217,12.264,12.311,12.339,12.376,12.418,12.448,12.489,12.524,12.554,12.587,12.617,12.653,12.687,12.706,12.742,12.772,12.797,12.827,12.855,12.884,12.91,12.938,12.964,12.991,13.019,13.056,13.077,13.103,13.123,13.159,13.185,13.212,13.239,13.268,13.289,13.317,13.343,13.364,13.387,13.41,13.43,13.456,13.478,13.506,13.54,13.573,13.601,13.638,13.674,13.702,13.75,13.783,13.812,13.848,13.88,13.917,13.955,13.996,14.036,14.073,14.094,14.134,14.17,14.208,14.25,14.291,14.345,14.394,14.435,14.479,14.528,14.576,14.643,14.699,14.793,14.856,14.932,15.016,15.118,15.235,15.411,15.703,16.601
727,GRN FP,10.116,10.724,11.045,11.23,11.383,11.489,11.583,11.663,11.737,11.803,11.844,11.905,11.961,12.026,12.073,12.126,12.168,12.217,12.264,12.311,12.339,12.376,12.418,12.448,12.489,12.524,12.554,12.587,12.617,12.653,12.687,12.706,12.742,12.772,12.797,12.827,12.855,12.884,12.91,12.938,12.964,12.991,13.019,13.056,13.077,13.103,13.123,13.159,13.185,13.212,13.239,13.268,13.289,13.317,13.343,13.364,13.387,13.41,13.43,13.456,13.478,13.506,13.54,13.573,13.601,13.638,13.674,13.702,13.75,13.783,13.812,13.848,13.88,13.917,13.955,13.996,14.036,14.073,14.094,14.134,14.17,14.208,14.25,14.291,14.345,14.394,14.435,14.479,14.528,14.576,14.643,14.699,14.793,14.856,14.932,15.016,15.118,15.235,15.411,15.703,16.601
728,GRN FP,10.105,10.714,11.028,11.201,11.348,11.463,11.553,11.643,11.721,11.804,11.867,11.926,11.982,12.03,12.078,12.122,12.166,12.204,12.254,12.289,12.321,12.356,12.401,12.447,12.48,12.507,12.551,12.584,12.627,12.67,12.692,12.724,12.758,12.786,12.818,12.85,12.875,12.901,12.927,12.954,12.978,13.009,13.038,13.064,13.087,13.11,13.145,13.17,13.198,13.227,13.252,13.281,13.304,13.329,13.357,13.386,13.415,13.444,13.472,13.502,13.536,13.56,13.588,13.613,13.643,13.676,13.711,13.749,13.78,13.819,13.848,13.882,13.911,13.934,13.961,14.001,14.034,14.074,14.111,14.16,14.206,14.245,14.277,14.328,14.378,14.419,14.473,14.52,14.562,14.611,14.658,14.723,14.776,14.862,14.952,15.048,15.138,15.264,15.451,15.776,16.484
729,GRN FP,10.105,10.714,11.028,11.201,11.348,11.463,11.553,11.643,11.721,11.804,11.867,11.926,11.982,12.03,12.078,12.122,12.166,12.204,12.254,12.289,12.321,12.356,12.401,12.447,12.48,12.507,12.551,12.584,12.627,12.67,12.692,12.724,12.758,12.786,12.818,12.85,12.875,12.901,12.927,12.954,12.978,13.009,13.038,13.064,13.087,13.11,13.145,13.17,13.198,13.227,13.252,13.281,13.304,13.329,13.357,13.386,13.415,13.444,13.472,13.502,13.536,13.56,13.588,13.613,13.643,13.676,13.711,13.749,13.78,13.819,13.848,13.882,13.911,13.934,13.961,14.001,14.034,14.074,14.111,14.16,14.206,14.245,14.277,14.328,14.378,14.419,14.473,14.52,14.562,14.611,14.658,14.723,14.776,14.862,14.952,15.048,15.138,15.264,15.451,15.776,16.484
730,GRN FP,10.203,10.786,11.011,11.206,11.356,11.479,11.563,11.681,11.75,11.799,11.864,11.912,11.973,12.023,12.068,12.114,12.155,12.196,12.245,12.282,12.321,12.362,12.401,12.454,12.487,12.52,12.551,12.586,12.619,12.649,12.673,12.705,12.741,12.772,12.803,12.836,12.864,12.898,12.923,12.951,12.978,13.007,13.033,13.062,13.088,13.122,13.15,13.178,13.207,13.235,13.264,13.291,13.319,13.349,13.375,13.403,13.424,13.453,13.474,13.504,13.531,13.566,13.599,13.627,13.654,13.688,13.72,13.75,13.781,13.822,13.849,13.886,13.91,13.943,13.979,14.015,14.048,14.084,14.117,14.151,14.19,14.237,14.273,14.325,14.369,14.405,14.454,14.501,14.551,14.618,14.682,14.75,14.82,14.881,14.954,15.061,15.19,15.323,15.467,15.8,16.407
731,GRN FP,10.203,10.786,11.011,11.206,11.356,11.479,11.563,11.681,11.75,11.799,11.864,11.912,11.973,12.023,12.068,12.114,12.155,12.196,12.245,12.282,12.321,12.362,12.401,12.454,12.487,12.52,12.551,12.586,12.619,12.649,12.673,12.705,12.741,12.772,12.803,12.836,12.864,12.898,12.923,12.951,12.978,13.007,13.033,13.062,13.088,13.122,13.15,13.178,13.207,13.235,13.264,13.291,13.319,13.349,13.375,13.403,13.424,13.453,13.474,13.504,13.531,13.566,13.599,13.627,13.654,13.688,13.72,13.75,13.781,13.822,13.849,13.886,13.91,13.943,13.979,14.015,14.048,14.084,14.117,14.151,14.19,14.237,14.273,14.325,14.369,14.405,14.454,14.501,14.551,14.618,14.682,14.75,14.82,14.881,14.954,15.061,15.19,15.323,15.467,15.8,16.407
732,GRN FP,10.202,10.724,11.073,11.268,11.424,11.531,11.614,11.678,11.738,11.803,11.857,11.911,11.968,12.02,12.075,12.123,12.19,12.236,12.277,12.318,12.352,12.392,12.432,12.466,12.494,12.522,12.55,12.58,12.616,12.656,12.685,12.71,12.736,12.765,12.809,12.844,12.878,12.915,12.948,12.978,13.004,13.03,13.054,13.08,13.108,13.135,13.17,13.198,13.224,13.247,13.28,13.302,13.33,13.362,13.383,13.419,13.442,13.477,13.516,13.544,13.573,13.601,13.632,13.66,13.692,13.725,13.755,13.781,13.824,13.859,13.891,13.924,13.951,13.984,14.017,14.054,14.093,14.131,14.161,14.204,14.243,14.283,14.317,14.359,14.397,14.429,14.475,14.532,14.575,14.634,14.695,14.751,14.829,14.922,14.988,15.07,15.168,15.31,15.545,15.86,16.732
733,GRN FP,10.202,10.724,11.073,11.268,11.424,11.531,11.614,11.678,11.738,11.803,11.857,11.911,11.968,12.02,12.075,12.123,12.19,12.236,12.277,12.318,12.352,12.392,12.432,12.466,12.494,12.522,12.55,12.58,12.616,12.656,12.685,12.71,12.736,12.765,12.809,12.844,12.878,12.915,12.948,12.978,13.004,13.03,13.054,13.08,13.108,13.135,13.17,13.198,13.224,13.247,13.28,13.302,13.33,13.362,13.383,13.419,13.442,13.477,13.516,13.544,13.573,13.601,13.632,13.66,13.692,13.725,13.755,13.781,13.824,13.859,13.891,13.924,13.951,13.984,14.017,14.054,14.093,14.131,14.161,14.204,14.243,14.283,14.317,14.359,14.397,14.429,14.475,14.532,14.575,14.634,14.695,14.751,14.829,14.922,14.988,15.07,15.168,15.31,15.545,15.86,16.732
734,GRN FP,10.046,10.755,11.097,11.254,11.405,11.509,11.611,11.693,11.754,11.806,11.858,11.918,11.97,12.036,12.095,12.144,12.2,12.24,12.28,12.325,12.361,12.404,12.449,12.475,12.504,12.534,12.56,12.592,12.628,12.667,12.694,12.737,12.764,12.792,12.818,12.845,12.873,12.908,12.933,12.957,12.987,13.012,13.038,13.068,13.103,13.13,13.163,13.193,13.223,13.244,13.271,13.299,13.327,13.355,13.38,13.408,13.436,13.471,13.497,13.526,13.559,13.588,13.628,13.659,13.687,13.72,13.754,13.786,13.821,13.863,13.898,13.932,13.968,14.019,14.05,14.084,14.11,14.143,14.178,14.216,14.253,14.293,14.327,14.361,14.415,14.452,14.498,14.563,14.612,14.676,14.734,14.792,14.871,14.944,15.038,15.134,15.223,15.361,15.519,15.816,16.515
735,GRN FP,10.046,10.755,11.097,11.254,11.405,11.509,11.611,11.693,11.754,11.806,11.858,11.918,11.97,12.036,12.095,12.144,12.2,12.24,12.28,12.325,12.361,12.404,12.449,12.475,12.504,12.534,12.56,12.592,12.628,12.667,12.694,12.737,12.764,12.792,12.818,12.845,12.873,12.908,12.933,12.957,12.987,13.012,13.038,13.068,13.103,13.13,13.163,13.193,13.223,13.244,13.271,13.299,13.327,13.355,13.38,13.408,13.436,13.471,13.497,13.526,13.559,13.588,13.628,13.659,13.687,13.72,13.754,13.786,13.821,13.863,13.898,13.932,13.968,14.019,14.05,14.084,14.11,14.143,14.178,14.216,14.253,14.293,14.327,14.361,14.415,14.452,14.498,14.563,14.612,14.676,14.734,14.792,14.871,14.944,15.038,15.134,15.223,15.361,15.519,15.816,16.515
736,GRN FP,10.143,10.831,11.07,11.226,11.358,11.476,11.587,11.689,11.755,11.819,11.902,11.96,12.011,12.051,12.105,12.158,12.209,12.256,12.299,12.339,12.378,12.418,12.448,12.485,12.525,12.566,12.6,12.631,12.668,12.705,12.731,12.765,12.794,12.831,12.852,12.878,12.904,12.936,12.959,12.991,13.023,13.05,13.074,13.107,13.131,13.161,13.18,13.209,13.238,13.263,13.291,13.322,13.347,13.376,13.405,13.444,13.472,13.504,13.53,13.562,13.59,13.619,13.646,13.67,13.706,13.745,13.779,13.813,13.844,13.868,13.908,13.945,13.97,14.013,14.044,14.081,14.112,14.15,14.188,14.224,14.275,14.312,14.354,14.401,14.448,14.496,14.548,14.586,14.644,14.698,14.755,14.823,14.88,14.953,15.058,15.147,15.237,15.341,15.601,15.887,16.553
737,GRN FP,10.143,10.831,11.07,11.226,11.358,11.476,11.587,11.689,11.755,11.819,11.902,11.96,12.011,12.051,12.105,12.158,12.209,12.256,12.299,12.339,12.378,12.418,12.448,12.485,12.525,12.566,12.6,12.631,12.668,12.705,12.731,12.765,12.794,12.831,12.852,12.878,12.904,12.936,12.959,12.991,13.023,13.05,13.074,13.107,13.131,13.161,13.18,13.209,13.238,13.263,13.291,13.322,13.347,13.376,13.405,13.444,13.472,13.504,13.53,13.562,13.59,13.619,13.646,13.67,13.706,13.745,13.779,13.813,13.844,13.868,13.908,13.945,13.97,14.013,14.044,14.081,14.112,14.15,14.188,14.224,14.275,14.312,14.354,14.401,14.448,14.496,14.548,14.586,14.644,14.698,14.755,14.823,14.88,14.953,15.058,15.147,15.237,15.341,15.601,15.887,16.553
738,GRN FP,10.064,10.728,11.061,11.229,11.391,11.536,11.637,11.714,11.781,11.837,11.921,11.982,12.047,12.1,12.145,12.191,12.231,12.266,12.306,12.336,12.384,12.425,12.473,12.51,12.54,12.571,12.602,12.639,12.67,12.706,12.736,12.768,12.804,12.83,12.853,12.885,12.916,12.945,12.97,12.999,13.03,13.061,13.095,13.124,13.153,13.182,13.211,13.235,13.26,13.289,13.315,13.345,13.369,13.401,13.436,13.463,13.49,13.515,13.537,13.569,13.591,13.622,13.658,13.684,13.723,13.763,13.794,13.821,13.856,13.897,13.924,13.957,13.989,14.027,14.061,14.089,14.134,14.171,14.206,14.24,14.28,14.317,14.357,14.394,14.445,14.494,14.53,14.58,14.634,14.677,14.732,14.807,14.875,14.972,15.053,15.138,15.252,15.392,15.609,15.925,16.473
739,GRN FP,10.064,10.728,11.061,11.229,11.391,11.536,11.637,11.714,11.781,11.837,11.921,11.982,12.047,12.1,12.145,12.191,12.231,12.266,12.306,12.336,12.384,12.425,12.473,12.51,12.54,12.571,12.602,12.639,12.67,12.706,12.736,12.768,12.804,12.83,12.853,12.885,12.916,12.945,12.97,12.999,13.03,13.061,13.095,13.124,13.153,13.182,13.211,13.235,13.26,13.289,13.315,13.345,13.369,13.401,13.436,13.463,13.49,13.515,13.537,13.569,13.591,13.622,13.658,13.684,13.723,13.763,13.794,13.821,13.856,13.897,13.924,13.957,13.989,14.027,14.061,14.089,14.134,14.171,14.206,14.24,14.28,14.317,14.357,14.394,14.445,14.494,14.53,14.58,14.634,14.677,14.732,14.807,14.875,14.972,15.053,15.138,15.252,15.392,15.609,15.925,16.473
740,GRN FP,9.86,10.828,11.131,11.307,11.46,11.59,11.688,11.766,11.831,11.91,11.957,12.008,12.058,12.115,12.157,12.206,12.245,12.284,12.322,12.361,12.396,12.424,12.462,12.499,12.533,12.58,12.613,12.653,12.694,12.73,12.764,12.796,12.826,12.853,12.879,12.906,12.933,12.966,12.993,13.024,13.05,13.082,13.118,13.144,13.181,13.217,13.25,13.271,13.295,13.324,13.357,13.387,13.414,13.441,13.46,13.491,13.517,13.545,13.577,13.61,13.634,13.662,13.691,13.713,13.74,13.772,13.802,13.833,13.869,13.9,13.929,13.961,13.99,14.022,14.051,14.078,14.111,14.145,14.178,14.209,14.275,14.306,14.349,14.403,14.449,14.505,14.564,14.611,14.66,14.706,14.789,14.847,14.919,14.989,15.067,15.152,15.249,15.41,15.562,15.879,16.599
741,GRN FP,9.86,10.828,11.131,11.307,11.46,11.59,11.688,11.766,11.831,11.91,11.957,12.008,12.058,12.115,12.157,12.206,12.245,12.284,12.322,12.361,12.396,12.424,12.462,12.499,12.533,12.58,12.613,12.653,12.694,12.73,12.764,12.796,12.826,12.853,12.879,12.906,12.933,12.966,12.993,13.024,13.05,13.082,13.118,13.144,13.181,13.217,13.25,13.271,13.295,13.324,13.357,13.387,13.414,13.441,13.46,13.491,13.517,13.545,13.577,13.61,13.634,13.662,13.691,13.713,13.74,13.772,13.802,13.833,13.869,13.9,13.929,13.961,13.99,14.022,14.051,14.078,14.111,14.145,14.178,14.209,14.275,14.306,14.349,14.403,14.449,14.505,14.564,14.611,14.66,14.706,14.789,14.847,14.919,14.989,15.067,15.152,15.249,15.41,15.562,15.879,16.599
742,GRN FP,9.808,10.914,11.211,11.367,11.523,11.645,11.72,11.784,11.863,11.913,11.97,12.03,12.069,12.123,12.169,12.224,12.283,12.321,12.37,12.408,12.437,12.469,12.507,12.541,12.58,12.607,12.637,12.669,12.695,12.724,12.753,12.789,12.824,12.855,12.885,12.918,12.941,12.979,13.014,13.051,13.077,13.101,13.138,13.169,13.204,13.234,13.265,13.281,13.316,13.344,13.38,13.408,13.432,13.46,13.488,13.52,13.545,13.572,13.604,13.631,13.66,13.693,13.722,13.746,13.774,13.802,13.831,13.859,13.893,13.92,13.95,13.978,14.008,14.036,14.057,14.088,14.122,14.174,14.217,14.256,14.287,14.32,14.366,14.404,14.457,14.509,14.552,14.603,14.668,14.738,14.799,14.853,14.9,14.968,15.047,15.119,15.255,15.391,15.601,15.92,16.544
743,GRN FP,9.808,10.914,11.211,11.367,11.523,11.645,11.72,11.784,11.863,11.913,11.97,12.03,12.069,12.123,12.169,12.224,12.283,12.321,12.37,12.408,12.437,12.469,12.507,12.541,12.58,12.607,12.637,12.669,12.695,12.724,12.753,12.789,12.824,12.855,12.885,12.918,12.941,12.979,13.014,13.051,13.077,13.101,13.138,13.169,13.204,13.234,13.265,13.281,13.316,13.344,13.38,13.408,13.432,13.46,13.488,13.52,13.545,13.572,13.604,13.631,13.66,13.693,13.722,13.746,13.774,13.802,13.831,13.859,13.893,13.92,13.95,13.978,14.008,14.036,14.057,14.088,14.122,14.174,14.217,14.256,14.287,14.32,14.366,14.404,14.457,14.509,14.552,14.603,14.668,14.738,14.799,14.853,14.9,14.968,15.047,15.119,15.255,15.391,15.601,15.92,16.544
744,GRN FP,9.99,10.963,11.196,11.408,11.518,11.644,11.728,11.811,11.891,11.963,11.999,12.062,12.112,12.163,12.215,12.254,12.29,12.333,12.362,12.397,12.444,12.489,12.52,12.552,12.597,12.635,12.673,12.713,12.749,12.783,12.813,12.839,12.874,12.903,12.934,12.955,12.986,13.013,13.038,13.071,13.107,13.132,13.158,13.189,13.207,13.238,13.268,13.292,13.322,13.356,13.384,13.408,13.436,13.462,13.492,13.529,13.558,13.592,13.615,13.639,13.67,13.701,13.73,13.756,13.792,13.822,13.855,13.888,13.915,13.947,13.973,14.003,14.037,14.069,14.097,14.118,14.147,14.187,14.223,14.25,14.293,14.338,14.372,14.414,14.448,14.489,14.539,14.603,14.651,14.723,14.773,14.836,14.909,14.979,15.052,15.156,15.251,15.398,15.608,15.86,16.704
745,GRN FP,9.99,10.963,11.196,11.408,11.518,11.644,11.728,11.811,11.891,11.963,11.999,12.062,12.112,12.163,12.215,12.254,12.29,12.333,12.362,12.397,12.444,12.489,12.52,12.552,12.597,12.635,12.673,12.713,12.749,12.783,12.813,12.839,12.874,12.903,12.934,12.955,12.986,13.013,13.038,13.071,13.107,13.132,13.158,13.189,13.207,13.238,13.268,13.292,13.322,13.356,13.384,13.408,13.436,13.462,13.492,13.529,13.558,13.592,13.615,13.639,13.67,13.701,13.73,13.756,13.792,13.822,13.855,13.888,13.915,13.947,13.973,14.003,14.037,14.069,14.097,14.118,14.147,14.187,14.223,14.25,14.293,14.338,14.372,14.414,14.448,14.489,14.539,14.603,14.651,14.723,14.773,14.836,14.909,14.979,15.052,15.156,15.251,15.398,15.608,15.86,16.704
746,GRN FP,9.968,10.985,11.275,11.491,11.593,11.678,11.778,11.838,11.937,11.994,12.045,12.107,12.155,12.195,12.237,12.291,12.329,12.37,12.403,12.445,12.483,12.515,12.557,12.592,12.629,12.662,12.697,12.734,12.776,12.809,12.838,12.863,12.901,12.93,12.961,12.992,13.04,13.062,13.086,13.108,13.13,13.157,13.177,13.208,13.239,13.263,13.295,13.327,13.354,13.386,13.411,13.442,13.461,13.49,13.513,13.546,13.579,13.617,13.644,13.667,13.693,13.732,13.757,13.79,13.82,13.844,13.866,13.888,13.917,13.955,13.989,14.018,14.042,14.07,14.101,14.138,14.173,14.202,14.227,14.262,14.294,14.334,14.378,14.42,14.455,14.487,14.531,14.584,14.634,14.699,14.766,14.83,14.898,14.971,15.053,15.124,15.246,15.376,15.571,15.849,16.657
747,GRN FP,9.968,10.985,11.275,11.491,11.593,11.678,11.778,11.838,11.937,11.994,12.045,12.107,12.155,12.195,12.237,12.291,12.329,12.37,12.403,12.445,12.483,12.515,12.557,12.592,12.629,12.662,12.697,12.734,12.776,12.809,12.838,12.863,12.901,12.93,12.961,12.992,13.04,13.062,13.086,13.108,13.13,13.157,13.177,13.208,13.239,13.263,13.295,13.327,13.354,13.386,13.411,13.442,13.461,13.49,13.513,13.546,13.579,13.617,13.644,13.667,13.693,13.732,13.757,13.79,13.82,13.844,13.866,13.888,13.917,13.955,13.989,14.018,14.042,14.07,14.101,14.138,14.173,14.202,14.227,14.262,14.294,14.334,14.378,14.42,14.455,14.487,14.531,14.584,14.634,14.699,14.766,14.83,14.898,14.971,15.053,15.124,15.246,15.376,15.571,15.849,16.657
748,GRN FP,10.103,11.083,11.304,11.457,11.595,11.721,11.798,11.869,11.951,12.01,12.068,12.111,12.159,12.202,12.259,12.313,12.351,12.4,12.431,12.467,12.498,12.544,12.589,12.627,12.661,12.696,12.729,12.758,12.785,12.82,12.86,12.884,12.911,12.947,12.975,13.0,13.022,13.054,13.087,13.128,13.156,13.187,13.221,13.246,13.271,13.301,13.328,13.35,13.371,13.396,13.427,13.453,13.487,13.525,13.556,13.583,13.607,13.634,13.656,13.679,13.701,13.732,13.76,13.787,13.811,13.841,13.868,13.894,13.922,13.948,13.97,14.005,14.043,14.07,14.106,14.139,14.168,14.201,14.232,14.262,14.292,14.331,14.367,14.408,14.452,14.503,14.55,14.6,14.646,14.704,14.77,14.855,14.903,14.972,15.049,15.126,15.217,15.333,15.503,15.75,16.591
749,GRN FP,10.103,11.083,11.304,11.457,11.595,11.721,11.798,11.869,11.951,12.01,12.068,12.111,12.159,12.202,12.259,12.313,12.351,12.4,12.431,12.467,12.498,12.544,12.589,12.627,12.661,12.696,12.729,12.758,12.785,12.82,12.86,12.884,12.911,12.947,12.975,13.0,13.022,13.054,13.087,13.128,13.156,13.187,13.221,13.246,13.271,13.301,13.328,13.35,13.371,13.396,13.427,13.453,13.487,13.525,13.556,13.583,13.607,13.634,13.656,13.679,13.701,13.732,13.76,13.787,13.811,13.841,13.868,13.894,13.922,13.948,13.97,14.005,14.043,14.07,14.106,14.139,14.168,14.201,14.232,14.262,14.292,14.331,14.367,14.408,14.452,14.503,14.55,14.6,14.646,14.704,14.77,14.855,14.903,14.972,15.049,15.126,15.217,15.333,15.503,15.75,16.591
750,GRN FP,10.235,11.124,11.41,11.544,11.649,11.745,11.858,11.948,12.021,12.091,12.14,12.192,12.238,12.289,12.329,12.376,12.409,12.446,12.486,12.521,12.549,12.596,12.624,12.655,12.689,12.719,12.753,12.784,12.811,12.851,12.876,12.908,12.936,12.969,13.0,13.019,13.041,13.071,13.106,13.134,13.159,13.184,13.214,13.242,13.274,13.298,13.324,13.354,13.388,13.425,13.454,13.484,13.507,13.532,13.555,13.579,13.605,13.631,13.662,13.69,13.709,13.738,13.765,13.789,13.821,13.842,13.869,13.903,13.928,13.958,13.995,14.02,14.047,14.083,14.107,14.138,14.171,14.203,14.237,14.264,14.294,14.32,14.367,14.404,14.442,14.48,14.525,14.576,14.627,14.678,14.74,14.781,14.865,14.94,15.009,15.091,15.196,15.335,15.505,15.814,16.705
751,GRN FP,10.235,11.124,11.41,11.544,11.649,11.745,11.858,11.948,12.021,12.091,12.14,12.192,12.238,12.289,12.329,12.376,12.409,12.446,12.486,12.521,12.549,12.596,12.624,12.655,12.689,12.719,12.753,12.784,12.811,12.851,12.876,12.908,12.936,12.969,13.0,13.019,13.041,13.071,13.106,13.134,13.159,13.184,13.214,13.242,13.274,13.298,13.324,13.354,13.388,13.425,13.454,13.484,13.507,13.532,13.555,13.579,13.605,13.631,13.662,13.69,13.709,13.738,13.765,13.789,13.821,13.842,13.869,13.903,13.928,13.958,13.995,14.02,14.047,14.083,14.107,14.138,14.171,14.203,14.237,14.264,14.294,14.32,14.367,14.404,14.442,14.48,14.525,14.576,14.627,14.678,14.74,14.781,14.865,14.94,15.009,15.091,15.196,15.335,15.505,15.814,16.705
752,GRN FP,10.438,11.1,11.402,11.611,11.748,11.835,11.921,11.988,12.063,12.127,12.191,12.227,12.265,12.318,12.369,12.405,12.446,12.499,12.539,12.573,12.618,12.656,12.694,12.715,12.745,12.771,12.805,12.826,12.857,12.886,12.911,12.942,12.976,13.01,13.042,13.062,13.084,13.111,13.141,13.168,13.203,13.242,13.264,13.292,13.322,13.348,13.373,13.398,13.419,13.441,13.469,13.494,13.518,13.54,13.564,13.581,13.61,13.636,13.667,13.693,13.721,13.751,13.778,13.809,13.844,13.873,13.897,13.922,13.946,13.972,13.999,14.031,14.07,14.097,14.129,14.154,14.186,14.218,14.252,14.289,14.323,14.357,14.387,14.415,14.461,14.496,14.533,14.58,14.627,14.686,14.733,14.798,14.856,14.944,15.016,15.104,15.217,15.359,15.557,15.815,16.471
753,GRN FP,10.438,11.1,11.402,11.611,11.748,11.835,11.921,11.988,12.063,12.127,12.191,12.227,12.265,12.318,12.369,12.405,12.446,12.499,12.539,12.573,12.618,12.656,12.694,12.715,12.745,12.771,12.805,12.826,12.857,12.886,12.911,12.942,12.976,13.01,13.042,13.062,13.084,13.111,13.141,13.168,13.203,13.242,13.264,13.292,13.322,13.348,13.373,13.398,13.419,13.441,13.469,13.494,13.518,13.54,13.564,13.581,13.61,13.636,13.667,13.693,13.721,13.751,13.778,13.809,13.844,13.873,13.897,13.922,13.946,13.972,13.999,14.031,14.07,14.097,14.129,14.154,14.186,14.218,14.252,14.289,14.323,14.357,14.387,14.415,14.461,14.496,14.533,14.58,14.627,14.686,14.733,14.798,14.856,14.944,15.016,15.104,15.217,15.359,15.557,15.815,16.471
754,GRN FP,10.618,11.25,11.55,11.651,11.772,11.882,11.985,12.057,12.137,12.212,12.263,12.305,12.346,12.379,12.432,12.466,12.506,12.542,12.604,12.635,12.663,12.704,12.735,12.762,12.796,12.826,12.854,12.887,12.915,12.934,12.957,12.98,13.01,13.038,13.059,13.088,13.113,13.142,13.176,13.208,13.236,13.261,13.284,13.304,13.336,13.36,13.387,13.402,13.426,13.45,13.473,13.497,13.518,13.537,13.564,13.585,13.613,13.647,13.672,13.707,13.732,13.763,13.791,13.818,13.842,13.868,13.897,13.921,13.95,13.984,14.011,14.048,14.071,14.105,14.136,14.17,14.212,14.245,14.282,14.314,14.344,14.376,14.412,14.452,14.489,14.525,14.561,14.595,14.638,14.676,14.732,14.79,14.852,14.934,15.001,15.078,15.203,15.299,15.438,15.709,16.277
755,GRN FP,10.618,11.25,11.55,11.651,11.772,11.882,11.985,12.057,12.137,12.212,12.263,12.305,12.346,12.379,12.432,12.466,12.506,12.542,12.604,12.635,12.663,12.704,12.735,12.762,12.796,12.826,12.854,12.887,12.915,12.934,12.957,12.98,13.01,13.038,13.059,13.088,13.113,13.142,13.176,13.208,13.236,13.261,13.284,13.304,13.336,13.36,13.387,13.402,13.426,13.45,13.473,13.497,13.518,13.537,13.564,13.585,13.613,13.647,13.672,13.707,13.732,13.763,13.791,13.818,13.842,13.868,13.897,13.921,13.95,13.984,14.011,14.048,14.071,14.105,14.136,14.17,14.212,14.245,14.282,14.314,14.344,14.376,14.412,14.452,14.489,14.525,14.561,14.595,14.638,14.676,14.732,14.79,14.852,14.934,15.001,15.078,15.203,15.299,15.438,15.709,16.277
756,GRN FP,10.696,11.354,11.549,11.716,11.846,11.939,12.031,12.112,12.173,12.24,12.295,12.335,12.385,12.438,12.485,12.516,12.552,12.59,12.634,12.668,12.697,12.732,12.763,12.785,12.831,12.861,12.89,12.922,12.948,12.974,13.004,13.022,13.049,13.094,13.112,13.139,13.162,13.193,13.213,13.239,13.263,13.284,13.304,13.325,13.356,13.383,13.411,13.428,13.454,13.486,13.51,13.532,13.557,13.584,13.603,13.623,13.644,13.669,13.7,13.721,13.751,13.775,13.795,13.82,13.846,13.865,13.886,13.92,13.947,13.978,14.005,14.032,14.052,14.084,14.105,14.145,14.167,14.197,14.24,14.265,14.299,14.33,14.364,14.396,14.439,14.479,14.527,14.552,14.607,14.661,14.718,14.787,14.851,14.914,14.97,15.03,15.117,15.248,15.404,15.614,16.283
757,GRN FP,10.696,11.354,11.549,11.716,11.846,11.939,12.031,12.112,12.173,12.24,12.295,12.335,12.385,12.438,12.485,12.516,12.552,12.59,12.634,12.668,12.697,12.732,12.763,12.785,12.831,12.861,12.89,12.922,12.948,12.974,13.004,13.022,13.049,13.094,13.112,13.139,13.162,13.193,13.213,13.239,13.263,13.284,13.304,13.325,13.356,13.383,13.411,13.428,13.454,13.486,13.51,13.532,13.557,13.584,13.603,13.623,13.644,13.669,13.7,13.721,13.751,13.775,13.795,13.82,13.846,13.865,13.886,13.92,13.947,13.978,14.005,14.032,14.052,14.084,14.105,14.145,14.167,14.197,14.24,14.265,14.299,14.33,14.364,14.396,14.439,14.479,14.527,14.552,14.607,14.661,14.718,14.787,14.851,14.914,14.97,15.03,15.117,15.248,15.404,15.614,16.283
758,GRN FP,10.855,11.434,11.698,11.88,11.995,12.073,12.153,12.211,12.271,12.322,12.362,12.416,12.471,12.504,12.544,12.578,12.617,12.654,12.689,12.715,12.75,12.777,12.81,12.846,12.886,12.918,12.948,12.973,12.998,13.035,13.058,13.089,13.11,13.131,13.151,13.172,13.193,13.213,13.239,13.265,13.297,13.321,13.34,13.361,13.385,13.41,13.436,13.46,13.483,13.508,13.534,13.556,13.584,13.611,13.629,13.651,13.671,13.688,13.708,13.735,13.762,13.786,13.813,13.844,13.87,13.893,13.918,13.951,13.976,13.996,14.019,14.044,14.066,14.087,14.109,14.147,14.172,14.199,14.227,14.263,14.291,14.328,14.367,14.397,14.423,14.464,14.488,14.548,14.595,14.656,14.71,14.755,14.813,14.865,14.95,15.018,15.095,15.196,15.326,15.502,16.221
759,GRN FP,10.855,11.434,11.698,11.88,11.995,12.073,12.153,12.211,12.271,12.322,12.362,12.416,12.471,12.504,12.544,12.578,12.617,12.654,12.689,12.715,12.75,12.777,12.81,12.846,12.886,12.918,12.948,12.973,12.998,13.035,13.058,13.089,13.11,13.131,13.151,13.172,13.193,13.213,13.239,13.265,13.297,13.321,13.34,13.361,13.385,13.41,13.436,13.46,13.483,13.508,13.534,13.556,13.584,13.611,13.629,13.651,13.671,13.688,13.708,13.735,13.762,13.786,13.813,13.844,13.87,13.893,13.918,13.951,13.976,13.996,14.019,14.044,14.066,14.087,14.109,14.147,14.172,14.199,14.227,14.263,14.291,14.328,14.367,14.397,14.423,14.464,14.488,14.548,14.595,14.656,14.71,14.755,14.813,14.865,14.95,15.018,15.095,15.196,15.326,15.502,16.221
760,GRN FP,10.82,11.427,11.693,11.819,11.955,12.042,12.122,12.166,12.239,12.292,12.334,12.399,12.447,12.505,12.544,12.587,12.622,12.656,12.696,12.724,12.755,12.778,12.81,12.833,12.862,12.893,12.924,12.955,12.977,12.999,13.023,13.052,13.072,13.102,13.129,13.153,13.175,13.191,13.217,13.239,13.266,13.293,13.317,13.345,13.367,13.388,13.42,13.439,13.467,13.492,13.523,13.538,13.564,13.584,13.606,13.63,13.657,13.682,13.708,13.738,13.758,13.776,13.798,13.821,13.847,13.867,13.897,13.921,13.95,13.974,13.999,14.022,14.052,14.075,14.106,14.138,14.167,14.195,14.228,14.259,14.292,14.332,14.368,14.408,14.438,14.475,14.521,14.559,14.608,14.651,14.694,14.747,14.817,14.875,14.967,15.04,15.149,15.248,15.348,15.532,16.153
761,GRN FP,10.82,11.427,11.693,11.819,11.955,12.042,12.122,12.166,12.239,12.292,12.334,12.399,12.447,12.505,12.544,12.587,12.622,12.656,12.696,12.724,12.755,12.778,12.81,12.833,12.862,12.893,12.924,12.955,12.977,12.999,13.023,13.052,13.072,13.102,13.129,13.153,13.175,13.191,13.217,13.239,13.266,13.293,13.317,13.345,13.367,13.388,13.42,13.439,13.467,13.492,13.523,13.538,13.564,13.584,13.606,13.63,13.657,13.682,13.708,13.738,13.758,13.776,13.798,13.821,13.847,13.867,13.897,13.921,13.95,13.974,13.999,14.022,14.052,14.075,14.106,14.138,14.167,14.195,14.228,14.259,14.292,14.332,14.368,14.408,14.438,14.475,14.521,14.559,14.608,14.651,14.694,14.747,14.817,14.875,14.967,15.04,15.149,15.248,15.348,15.532,16.153
762,GRN FP,10.926,11.429,11.675,11.806,11.921,12.062,12.134,12.199,12.252,12.296,12.35,12.395,12.439,12.48,12.527,12.555,12.608,12.64,12.674,12.713,12.751,12.785,12.813,12.844,12.873,12.899,12.929,12.956,12.983,13.006,13.032,13.058,13.084,13.113,13.134,13.157,13.179,13.197,13.217,13.239,13.272,13.296,13.325,13.345,13.364,13.384,13.401,13.421,13.445,13.467,13.487,13.508,13.536,13.561,13.587,13.611,13.63,13.653,13.679,13.708,13.728,13.759,13.784,13.809,13.83,13.863,13.892,13.917,13.942,13.97,13.992,14.014,14.042,14.071,14.102,14.131,14.157,14.184,14.215,14.251,14.287,14.323,14.363,14.405,14.448,14.489,14.538,14.578,14.624,14.673,14.726,14.763,14.818,14.885,14.974,15.051,15.135,15.235,15.384,15.578,16.016
763,GRN FP,10.926,11.429,11.675,11.806,11.921,12.062,12.134,12.199,12.252,12.296,12.35,12.395,12.439,12.48,12.527,12.555,12.608,12.64,12.674,12.713,12.751,12.785,12.813,12.844,12.873,12.899,12.929,12.956,12.983,13.006,13.032,13.058,13.084,13.113,13.134,13.157,13.179,13.197,13.217,13.239,13.272,13.296,13.325,13.345,13.364,13.384,13.401,13.421,13.445,13.467,13.487,13.508,13.536,13.561,13.587,13.611,13.63,13.653,13.679,13.708,13.728,13.759,13.784,13.809,13.83,13.863,13.892,13.917,13.942,13.97,13.992,14.014,14.042,14.071,14.102,14.131,14.157,14.184,14.215,14.251,14.287,14.323,14.363,14.405,14.448,14.489,14.538,14.578,14.624,14.673,14.726,14.763,14.818,14.885,14.974,15.051,15.135,15.235,15.384,15.578,16.016
764,GRN FP,10.85,11.411,11.65,11.796,11.911,12.002,12.057,12.132,12.209,12.257,12.321,12.373,12.412,12.458,12.501,12.556,12.591,12.623,12.667,12.698,12.728,12.758,12.79,12.818,12.839,12.862,12.893,12.918,12.948,12.974,13.003,13.024,13.051,13.077,13.103,13.128,13.158,13.183,13.207,13.229,13.248,13.273,13.294,13.322,13.344,13.369,13.397,13.418,13.441,13.468,13.491,13.512,13.536,13.561,13.579,13.608,13.638,13.658,13.68,13.701,13.728,13.752,13.773,13.798,13.824,13.846,13.872,13.89,13.914,13.942,13.972,13.999,14.032,14.058,14.087,14.121,14.155,14.183,14.209,14.236,14.265,14.298,14.334,14.386,14.427,14.471,14.512,14.549,14.592,14.651,14.694,14.747,14.794,14.862,14.94,15.023,15.12,15.235,15.388,15.616,16.107
765,GRN FP,10.85,11.411,11.65,11.796,11.911,12.002,12.057,12.132,12.209,12.257,12.321,12.373,12.412,12.458,12.501,12.556,12.591,12.623,12.667,12.698,12.728,12.758,12.79,12.818,12.839,12.862,12.893,12.918,12.948,12.974,13.003,13.024,13.051,13.077,13.103,13.128,13.158,13.183,13.207,13.229,13.248,13.273,13.294,13.322,13.344,13.369,13.397,13.418,13.441,13.468,13.491,13.512,13.536,13.561,13.579,13.608,13.638,13.658,13.68,13.701,13.728,13.752,13.773,13.798,13.824,13.846,13.872,13.89,13.914,13.942,13.972,13.999,14.032,14.058,14.087,14.121,14.155,14.183,14.209,14.236,14.265,14.298,14.334,14.386,14.427,14.471,14.512,14.549,14.592,14.651,14.694,14.747,14.794,14.862,14.94,15.023,15.12,15.235,15.388,15.616,16.107
766,GRN FP,10.57,11.399,11.59,11.767,11.888,11.973,12.048,12.111,12.188,12.24,12.291,12.341,12.376,12.432,12.471,12.519,12.553,12.602,12.639,12.676,12.713,12.748,12.779,12.811,12.84,12.859,12.886,12.911,12.941,12.971,12.995,13.018,13.038,13.058,13.08,13.105,13.121,13.15,13.175,13.196,13.225,13.252,13.275,13.3,13.322,13.353,13.375,13.401,13.424,13.447,13.474,13.512,13.535,13.56,13.583,13.603,13.625,13.65,13.671,13.694,13.712,13.734,13.761,13.784,13.809,13.839,13.867,13.89,13.92,13.944,13.971,13.996,14.024,14.054,14.085,14.106,14.133,14.163,14.201,14.246,14.282,14.319,14.344,14.387,14.424,14.462,14.507,14.551,14.597,14.648,14.692,14.749,14.814,14.878,14.942,15.006,15.117,15.237,15.353,15.628,16.341
767,GRN FP,10.57,11.399,11.59,11.767,11.888,11.973,12.048,12.111,12.188,12.24,12.291,12.341,12.376,12.432,12.471,12.519,12.553,12.602,12.639,12.676,12.713,12.748,12.779,12.811,12.84,12.859,12.886,12.911,12.941,12.971,12.995,13.018,13.038,13.058,13.08,13.105,13.121,13.15,13.175,13.196,13.225,13.252,13.275,13.3,13.322,13.353,13.375,13.401,13.424,13.447,13.474,13.512,13.535,13.56,13.583,13.603,13.625,13.65,13.671,13.694,13.712,13.734,13.761,13.784,13.809,13.839,13.867,13.89,13.92,13.944,13.971,13.996,14.024,14.054,14.085,14.106,14.133,14.163,14.201,14.246,14.282,14.319,14.344,14.387,14.424,14.462,14.507,14.551,14.597,14.648,14.692,14.749,14.814,14.878,14.942,15.006,15.117,15.237,15.353,15.628,16.341
768,GRN FP,10.387,11.322,11.59,11.755,11.873,11.954,12.025,12.084,12.158,12.211,12.26,12.312,12.355,12.402,12.443,12.49,12.536,12.568,12.6,12.626,12.669,12.705,12.739,12.773,12.806,12.839,12.861,12.894,12.923,12.95,12.971,12.99,13.01,13.036,13.058,13.084,13.116,13.15,13.176,13.198,13.22,13.241,13.274,13.301,13.326,13.35,13.38,13.402,13.425,13.456,13.479,13.5,13.527,13.546,13.572,13.59,13.612,13.636,13.656,13.678,13.699,13.72,13.747,13.776,13.805,13.826,13.85,13.873,13.898,13.934,13.966,13.991,14.025,14.046,14.082,14.114,14.145,14.18,14.205,14.24,14.278,14.309,14.35,14.389,14.427,14.458,14.5,14.543,14.582,14.643,14.704,14.75,14.805,14.861,14.935,15.016,15.098,15.199,15.345,15.63,16.455
769,GRN FP,10.387,11.322,11.59,11.755,11.873,11.954,12.025,12.084,12.158,12.211,12.26,12.312,12.355,12.402,12.443,12.49,12.536,12.568,12.6,12.626,12.669,12.705,12.739,12.773,12.806,12.839,12.861,12.894,12.923,12.95,12.971,12.99,13.01,13.036,13.058,13.084,13.116,13.15,13.176,13.198,13.22,13.241,13.274,13.301,13.326,13.35,13.38,13.402,13.425,13.456,13.479,13.5,13.527,13.546,13.572,13.59,13.612,13.636,13.656,13.678,13.699,13.72,13.747,13.776,13.805,13.826,13.85,13.873,13.898,13.934,13.966,13.991,14.025,14.046,14.082,14.114,14.145,14.18,14.205,14.24,14.278,14.309,14.35,14.389,14.427,14.458,14.5,14.543,14.582,14.643,14.704,14.75,14.805,14.861,14.935,15.016,15.098,15.199,15.345,15.63,16.455
770,GRN FP,10.584,11.289,11.526,11.707,11.829,11.944,12.027,12.117,12.171,12.228,12.275,12.329,12.368,12.423,12.464,12.511,12.551,12.588,12.631,12.665,12.694,12.723,12.751,12.778,12.809,12.84,12.868,12.896,12.915,12.94,12.959,12.983,13.01,13.04,13.06,13.079,13.107,13.129,13.151,13.175,13.198,13.226,13.246,13.265,13.288,13.31,13.331,13.354,13.373,13.391,13.416,13.453,13.475,13.509,13.536,13.559,13.585,13.611,13.634,13.655,13.679,13.704,13.729,13.758,13.787,13.811,13.834,13.857,13.885,13.911,13.942,13.975,14.003,14.029,14.064,14.094,14.123,14.155,14.19,14.223,14.252,14.29,14.32,14.36,14.402,14.441,14.481,14.53,14.596,14.648,14.694,14.749,14.817,14.868,14.942,15.02,15.113,15.238,15.373,15.615,16.245
771,GRN FP,10.584,11.289,11.526,11.707,11.829,11.944,12.027,12.117,12.171,12.228,12.275,12.329,12.368,12.423,12.464,12.511,12.551,12.588,12.631,12.665,12.694,12.723,12.751,12.778,12.809,12.84,12.868,12.896,12.915,12.94,12.959,12.983,13.01,13.04,13.06,13.079,13.107,13.129,13.151,13.175,13.198,13.226,13.246,13.265,13.288,13.31,13.331,13.354,13.373,13.391,13.416,13.453,13.475,13.509,13.536,13.559,13.585,13.611,13.634,13.655,13.679,13.704,13.729,13.758,13.787,13.811,13.834,13.857,13.885,13.911,13.942,13.975,14.003,14.029,14.064,14.094,14.123,14.155,14.19,14.223,14.252,14.29,14.32,14.36,14.402,14.441,14.481,14.53,14.596,14.648,14.694,14.749,14.817,14.868,14.942,15.02,15.113,15.238,15.373,15.615,16.245
772,GRN FP,10.795,11.282,11.501,11.713,11.842,11.949,12.032,12.103,12.158,12.21,12.276,12.318,12.355,12.403,12.443,12.481,12.52,12.548,12.585,12.616,12.655,12.691,12.719,12.748,12.772,12.81,12.843,12.874,12.905,12.93,12.958,12.987,13.004,13.033,13.062,13.094,13.116,13.137,13.159,13.178,13.205,13.227,13.246,13.271,13.297,13.323,13.345,13.367,13.387,13.408,13.435,13.455,13.474,13.496,13.522,13.541,13.564,13.592,13.61,13.631,13.655,13.69,13.714,13.738,13.759,13.788,13.816,13.844,13.865,13.889,13.917,13.942,13.976,14.003,14.033,14.062,14.09,14.128,14.169,14.203,14.239,14.275,14.313,14.359,14.394,14.431,14.49,14.537,14.585,14.638,14.69,14.737,14.814,14.884,14.947,15.023,15.116,15.199,15.391,15.596,16.358
773,GRN FP,10.795,11.282,11.501,11.713,11.842,11.949,12.032,12.103,12.158,12.21,12.276,12.318,12.355,12.403,12.443,12.481,12.52,12.548,12.585,12.616,12.655,12.691,12.719,12.748,12.772,12.81,12.843,12.874,12.905,12.93,12.958,12.987,13.004,13.033,13.062,13.094,13.116,13.137,13.159,13.178,13.205,13.227,13.246,13.271,13.297,13.323,13.345,13.367,13.387,13.408,13.435,13.455,13.474,13.496,13.522,13.541,13.564,13.592,13.61,13.631,13.655,13.69,13.714,13.738,13.759,13.788,13.816,13.844,13.865,13.889,13.917,13.942,13.976,14.003,14.033,14.062,14.09,14.128,14.169,14.203,14.239,14.275,14.313,14.359,14.394,14.431,14.49,14.537,14.585,14.638,14.69,14.737,14.814,14.884,14.947,15.023,15.116,15.199,15.391,15.596,16.358
774,GRN FP,10.578,11.26,11.501,11.69,11.816,11.909,12.006,12.075,12.143,12.19,12.258,12.303,12.34,12.39,12.447,12.48,12.513,12.557,12.586,12.612,12.659,12.691,12.718,12.75,12.78,12.806,12.829,12.854,12.883,12.905,12.93,12.956,12.985,13.003,13.024,13.049,13.075,13.093,13.117,13.138,13.163,13.192,13.224,13.253,13.281,13.303,13.328,13.351,13.369,13.395,13.421,13.446,13.463,13.488,13.519,13.542,13.569,13.594,13.621,13.646,13.668,13.69,13.716,13.745,13.767,13.795,13.817,13.843,13.867,13.893,13.923,13.952,13.988,14.013,14.034,14.066,14.093,14.128,14.16,14.193,14.234,14.264,14.321,14.354,14.392,14.435,14.488,14.533,14.574,14.608,14.665,14.732,14.807,14.869,14.937,15.029,15.105,15.204,15.372,15.522,16.255
775,GRN FP,10.578,11.26,11.501,11.69,11.816,11.909,12.006,12.075,12.143,12.19,12.258,12.303,12.34,12.39,12.447,12.48,12.513,12.557,12.586,12.612,12.659,12.691,12.718,12.75,12.78,12.806,12.829,12.854,12.883,12.905,12.93,12.956,12.985,13.003,13.024,13.049,13.075,13.093,13.117,13.138,13.163,13.192,13.224,13.253,13.281,13.303,13.328,13.351,13.369,13.395,13.421,13.446,13.463,13.488,13.519,13.542,13.569,13.594,13.621,13.646,13.668,13.69,13.716,13.745,13.767,13.795,13.817,13.843,13.867,13.893,13.923,13.952,13.988,14.013,14.034,14.066,14.093,14.128,14.16,14.193,14.234,14.264,14.321,14.354,14.392,14.435,14.488,14.533,14.574,14.608,14.665,14.732,14.807,14.869,14.937,15.029,15.105,15.204,15.372,15.522,16.255
776,GRN FP,10.64,11.272,11.512,11.697,11.823,11.912,11.985,12.079,12.159,12.203,12.254,12.292,12.334,12.385,12.42,12.463,12.501,12.543,12.575,12.607,12.636,12.666,12.696,12.73,12.761,12.784,12.824,12.852,12.892,12.916,12.938,12.963,12.988,13.015,13.037,13.061,13.082,13.106,13.134,13.16,13.177,13.197,13.218,13.242,13.256,13.283,13.307,13.333,13.363,13.383,13.403,13.421,13.442,13.47,13.495,13.521,13.548,13.577,13.6,13.622,13.653,13.68,13.706,13.727,13.758,13.778,13.801,13.827,13.853,13.88,13.911,13.939,13.961,13.994,14.022,14.053,14.083,14.111,14.143,14.174,14.21,14.25,14.283,14.314,14.348,14.38,14.429,14.48,14.53,14.571,14.617,14.658,14.738,14.806,14.853,14.924,15.007,15.113,15.248,15.461,16.116
777,GRN FP,10.64,11.272,11.512,11.697,11.823,11.912,11.985,12.079,12.159,12.203,12.254,12.292,12.334,12.385,12.42,12.463,12.501,12.543,12.575,12.607,12.636,12.666,12.696,12.73,12.761,12.784,12.824,12.852,12.892,12.916,12.938,12.963,12.988,13.015,13.037,13.061,13.082,13.106,13.134,13.16,13.177,13.197,13.218,13.242,13.256,13.283,13.307,13.333,13.363,13.383,13.403,13.421,13.442,13.47,13.495,13.521,13.548,13.577,13.6,13.622,13.653,13.68,13.706,13.727,13.758,13.778,13.801,13.827,13.853,13.88,13.911,13.939,13.961,13.994,14.022,14.053,14.083,14.111,14.143,14.174,14.21,14.25,14.283,14.314,14.348,14.38,14.429,14.48,14.53,14.571,14.617,14.658,14.738,14.806,14.853,14.924,15.007,15.113,15.248,15.461,16.116
778,GRN FP,10.431,11.182,11.478,11.629,11.752,11.861,11.936,11.997,12.072,12.13,12.176,12.225,12.269,12.324,12.359,12.391,12.436,12.466,12.497,12.534,12.57,12.601,12.64,12.677,12.713,12.752,12.775,12.802,12.833,12.869,12.901,12.932,12.957,12.991,13.02,13.039,13.063,13.086,13.116,13.138,13.164,13.187,13.212,13.239,13.256,13.277,13.295,13.321,13.349,13.375,13.404,13.426,13.449,13.471,13.49,13.512,13.539,13.573,13.594,13.621,13.651,13.674,13.7,13.726,13.751,13.777,13.807,13.834,13.857,13.881,13.909,13.938,13.964,13.987,14.017,14.047,14.083,14.115,14.147,14.18,14.209,14.235,14.275,14.311,14.35,14.382,14.423,14.466,14.51,14.55,14.595,14.641,14.715,14.796,14.881,14.946,15.022,15.127,15.253,15.421,16.337
779,GRN FP,10.431,11.182,11.478,11.629,11.752,11.861,11.936,11.997,12.072,12.13,12.176,12.225,12.269,12.324,12.359,12.391,12.436,12.466,12.497,12.534,12.57,12.601,12.64,12.677,12.713,12.752,12.775,12.802,12.833,12.869,12.901,12.932,12.957,12.991,13.02,13.039,13.063,13.086,13.116,13.138,13.164,13.187,13.212,13.239,13.256,13.277,13.295,13.321,13.349,13.375,13.404,13.426,13.449,13.471,13.49,13.512,13.539,13.573,13.594,13.621,13.651,13.674,13.7,13.726,13.751,13.777,13.807,13.834,13.857,13.881,13.909,13.938,13.964,13.987,14.017,14.047,14.083,14.115,14.147,14.18,14.209,14.235,14.275,14.311,14.35,14.382,14.423,14.466,14.51,14.55,14.595,14.641,14.715,14.796,14.881,14.946,15.022,15.127,15.253,15.421,16.337
780,GRN FP,10.483,11.152,11.37,11.553,11.683,11.767,11.834,11.939,11.997,12.048,12.106,12.153,12.203,12.246,12.294,12.341,12.386,12.429,12.47,12.502,12.543,12.575,12.611,12.639,12.675,12.697,12.736,12.767,12.793,12.816,12.848,12.879,12.921,12.951,12.987,13.011,13.033,13.054,13.078,13.103,13.127,13.161,13.183,13.208,13.228,13.248,13.273,13.299,13.328,13.352,13.377,13.4,13.426,13.453,13.477,13.498,13.527,13.555,13.584,13.608,13.63,13.656,13.679,13.705,13.74,13.77,13.795,13.82,13.844,13.872,13.905,13.937,13.965,13.994,14.016,14.038,14.075,14.099,14.122,14.161,14.199,14.237,14.277,14.313,14.345,14.383,14.418,14.452,14.502,14.539,14.592,14.654,14.703,14.761,14.839,14.904,15.024,15.109,15.258,15.446,16.377
781,GRN FP,10.483,11.152,11.37,11.553,11.683,11.767,11.834,11.939,11.997,12.048,12.106,12.153,12.203,12.246,12.294,12.341,12.386,12.429,12.47,12.502,12.543,12.575,12.611,12.639,12.675,12.697,12.736,12.767,12.793,12.816,12.848,12.879,12.921,12.951,12.987,13.011,13.033,13.054,13.078,13.103,13.127,13.161,13.183,13.208,13.228,13.248,13.273,13.299,13.328,13.352,13.377,13.4,13.426,13.453,13.477,13.498,13.527,13.555,13.584,13.608,13.63,13.656,13.679,13.705,13.74,13.77,13.795,13.82,13.844,13.872,13.905,13.937,13.965,13.994,14.016,14.038,14.075,14.099,14.122,14.161,14.199,14.237,14.277,14.313,14.345,14.383,14.418,14.452,14.502,14.539,14.592,14.654,14.703,14.761,14.839,14.904,15.024,15.109,15.258,15.446,16.377
782,GRN FP,10.498,11.042,11.274,11.498,11.609,11.728,11.83,11.89,11.956,12.028,12.069,12.131,12.182,12.233,12.276,12.331,12.378,12.427,12.465,12.493,12.523,12.548,12.577,12.616,12.647,12.671,12.707,12.733,12.76,12.794,12.823,12.845,12.879,12.913,12.93,12.962,12.997,13.024,13.05,13.075,13.102,13.128,13.156,13.18,13.201,13.23,13.253,13.281,13.305,13.323,13.342,13.366,13.389,13.412,13.446,13.465,13.493,13.509,13.536,13.56,13.58,13.608,13.639,13.676,13.706,13.732,13.761,13.794,13.836,13.856,13.883,13.906,13.933,13.967,14.011,14.046,14.073,14.093,14.123,14.155,14.194,14.222,14.259,14.298,14.335,14.368,14.411,14.451,14.491,14.555,14.586,14.651,14.712,14.781,14.837,14.915,15.002,15.125,15.265,15.507,16.176
783,GRN FP,10.498,11.042,11.274,11.498,11.609,11.728,11.83,11.89,11.956,12.028,12.069,12.131,12.182,12.233,12.276,12.331,12.378,12.427,12.465,12.493,12.523,12.548,12.577,12.616,12.647,12.671,12.707,12.733,12.76,12.794,12.823,12.845,12.879,12.913,12.93,12.962,12.997,13.024,13.05,13.075,13.102,13.128,13.156,13.18,13.201,13.23,13.253,13.281,13.305,13.323,13.342,13.366,13.389,13.412,13.446,13.465,13.493,13.509,13.536,13.56,13.58,13.608,13.639,13.676,13.706,13.732,13.761,13.794,13.836,13.856,13.883,13.906,13.933,13.967,14.011,14.046,14.073,14.093,14.123,14.155,14.194,14.222,14.259,14.298,14.335,14.368,14.411,14.451,14.491,14.555,14.586,14.651,14.712,14.781,14.837,14.915,15.002,15.125,15.265,15.507,16.176
784,GRN FP,10.434,11.055,11.299,11.487,11.613,11.699,11.775,11.841,11.917,11.973,12.049,12.096,12.142,12.202,12.251,12.297,12.333,12.373,12.414,12.458,12.493,12.53,12.559,12.585,12.614,12.642,12.673,12.709,12.738,12.765,12.794,12.826,12.857,12.886,12.913,12.937,12.959,12.98,13.0,13.02,13.045,13.069,13.099,13.125,13.149,13.171,13.197,13.231,13.258,13.281,13.311,13.336,13.367,13.392,13.424,13.449,13.473,13.493,13.518,13.545,13.576,13.6,13.628,13.659,13.684,13.711,13.734,13.757,13.791,13.814,13.834,13.86,13.888,13.915,13.942,13.977,14.003,14.033,14.074,14.111,14.15,14.201,14.234,14.273,14.309,14.369,14.399,14.447,14.497,14.543,14.593,14.651,14.705,14.762,14.826,14.916,14.999,15.089,15.244,15.458,16.314
785,GRN FP,10.434,11.055,11.299,11.487,11.613,11.699,11.775,11.841,11.917,11.973,12.049,12.096,12.142,12.202,12.251,12.297,12.333,12.373,12.414,12.458,12.493,12.53,12.559,12.585,12.614,12.642,12.673,12.709,12.738,12.765,12.794,12.826,12.857,12.886,12.913,12.937,12.959,12.98,13.0,13.02,13.045,13.069,13.099,13.125,13.149,13.171,13.197,13.231,13.258,13.281,13.311,13.336,13.367,13.392,13.424,13.449,13.473,13.493,13.518,13.545,13.576,13.6,13.628,13.659,13.684,13.711,13.734,13.757,13.791,13.814,13.834,13.86,13.888,13.915,13.942,13.977,14.003,14.033,14.074,14.111,14.15,14.201,14.234,14.273,14.309,14.369,14.399,14.447,14.497,14.543,14.593,14.651,14.705,14.762,14.826,14.916,14.999,15.089,15.244,15.458,16.314
786,GRN FP,10.366,10.987,11.267,11.43,11.522,11.63,11.721,11.796,11.882,11.936,11.997,12.046,12.1,12.146,12.189,12.226,12.271,12.313,12.344,12.378,12.414,12.459,12.498,12.538,12.573,12.599,12.64,12.663,12.697,12.727,12.76,12.792,12.819,12.847,12.884,12.912,12.938,12.967,12.998,13.023,13.05,13.072,13.097,13.116,13.143,13.165,13.187,13.217,13.243,13.267,13.301,13.324,13.352,13.374,13.397,13.424,13.447,13.47,13.497,13.522,13.549,13.574,13.605,13.628,13.65,13.673,13.701,13.724,13.748,13.78,13.804,13.833,13.859,13.887,13.914,13.943,13.968,14.003,14.042,14.073,14.1,14.137,14.176,14.215,14.258,14.315,14.369,14.414,14.455,14.514,14.563,14.615,14.683,14.742,14.8,14.873,14.985,15.129,15.232,15.501,16.302
787,GRN FP,10.366,10.987,11.267,11.43,11.522,11.63,11.721,11.796,11.882,11.936,11.997,12.046,12.1,12.146,12.189,12.226,12.271,12.313,12.344,12.378,12.414,12.459,12.498,12.538,12.573,12.599,12.64,12.663,12.697,12.727,12.76,12.792,12.819,12.847,12.884,12.912,12.938,12.967,12.998,13.023,13.05,13.072,13.097,13.116,13.143,13.165,13.187,13.217,13.243,13.267,13.301,13.324,13.352,13.374,13.397,13.424,13.447,13.47,13.497,13.522,13.549,13.574,13.605,13.628,13.65,13.673,13.701,13.724,13.748,13.78,13.804,13.833,13.859,13.887,13.914,13.943,13.968,14.003,14.042,14.073,14.1,14.137,14.176,14.215,14.258,14.315,14.369,14.414,14.455,14.514,14.563,14.615,14.683,14.742,14.8,14.873,14.985,15.129,15.232,15.501,16.302
788,GRN FP,10.296,10.968,11.26,11.387,11.529,11.614,11.711,11.767,11.823,11.889,11.942,11.988,12.041,12.093,12.14,12.196,12.239,12.287,12.328,12.356,12.396,12.455,12.498,12.528,12.563,12.596,12.625,12.653,12.684,12.718,12.749,12.776,12.805,12.835,12.86,12.883,12.911,12.926,12.958,12.98,13.002,13.028,13.056,13.087,13.108,13.136,13.163,13.18,13.202,13.223,13.25,13.273,13.291,13.322,13.351,13.381,13.403,13.433,13.459,13.492,13.516,13.546,13.577,13.595,13.619,13.643,13.671,13.701,13.727,13.752,13.773,13.797,13.821,13.847,13.877,13.908,13.933,13.965,14.003,14.036,14.073,14.114,14.142,14.179,14.225,14.266,14.302,14.343,14.394,14.444,14.491,14.56,14.624,14.706,14.772,14.866,14.959,15.077,15.302,15.563,16.214
789,GRN FP,10.296,10.968,11.26,11.387,11.529,11.614,11.711,11.767,11.823,11.889,11.942,11.988,12.041,12.093,12.14,12.196,12.239,12.287,12.328,12.356,12.396,12.455,12.498,12.528,12.563,12.596,12.625,12.653,12.684,12.718,12.749,12.776,12.805,12.835,12.86,12.883,12.911,12.926,12.958,12.98,13.002,13.028,13.056,13.087,13.108,13.136,13.163,13.18,13.202,13.223,13.25,13.273,13.291,13.322,13.351,13.381,13.403,13.433,13.459,13.492,13.516,13.546,13.577,13.595,13.619,13.643,13.671,13.701,13.727,13.752,13.773,13.797,13.821,13.847,13.877,13.908,13.933,13.965,14.003,14.036,14.073,14.114,14.142,14.179,14.225,14.266,14.302,14.343,14.394,14.444,14.491,14.56,14.624,14.706,14.772,14.866,14.959,15.077,15.302,15.563,16.214
790,GRN FP,10.221,10.957,11.209,11.365,11.494,11.595,11.67,11.74,11.826,11.89,11.95,12.016,12.079,12.123,12.162,12.2,12.242,12.283,12.318,12.347,12.381,12.414,12.449,12.477,12.516,12.551,12.581,12.603,12.631,12.662,12.698,12.719,12.753,12.778,12.806,12.834,12.863,12.885,12.914,12.937,12.957,12.976,12.998,13.023,13.057,13.082,13.111,13.137,13.161,13.187,13.21,13.239,13.259,13.287,13.317,13.341,13.36,13.386,13.411,13.44,13.462,13.488,13.511,13.541,13.562,13.587,13.612,13.641,13.671,13.703,13.734,13.762,13.786,13.818,13.846,13.878,13.909,13.939,13.982,14.01,14.048,14.085,14.108,14.159,14.198,14.236,14.289,14.34,14.387,14.432,14.493,14.558,14.611,14.68,14.77,14.862,14.952,15.054,15.208,15.586,16.079
791,GRN FP,10.221,10.957,11.209,11.365,11.494,11.595,11.67,11.74,11.826,11.89,11.95,12.016,12.079,12.123,12.162,12.2,12.242,12.283,12.318,12.347,12.381,12.414,12.449,12.477,12.516,12.551,12.581,12.603,12.631,12.662,12.698,12.719,12.753,12.778,12.806,12.834,12.863,12.885,12.914,12.937,12.957,12.976,12.998,13.023,13.057,13.082,13.111,13.137,13.161,13.187,13.21,13.239,13.259,13.287,13.317,13.341,13.36,13.386,13.411,13.44,13.462,13.488,13.511,13.541,13.562,13.587,13.612,13.641,13.671,13.703,13.734,13.762,13.786,13.818,13.846,13.878,13.909,13.939,13.982,14.01,14.048,14.085,14.108,14.159,14.198,14.236,14.289,14.34,14.387,14.432,14.493,14.558,14.611,14.68,14.77,14.862,14.952,15.054,15.208,15.586,16.079
792,GRN FP,10.118,10.859,11.064,11.251,11.405,11.497,11.589,11.656,11.747,11.815,11.882,11.938,11.982,12.031,12.082,12.119,12.167,12.203,12.245,12.278,12.302,12.341,12.371,12.408,12.442,12.472,12.498,12.539,12.575,12.606,12.631,12.658,12.683,12.713,12.746,12.77,12.8,12.828,12.856,12.885,12.912,12.947,12.971,12.999,13.031,13.058,13.082,13.107,13.129,13.154,13.178,13.199,13.232,13.252,13.276,13.308,13.34,13.37,13.402,13.43,13.459,13.482,13.512,13.544,13.57,13.606,13.631,13.663,13.696,13.72,13.757,13.786,13.811,13.835,13.864,13.887,13.931,13.969,14.006,14.036,14.064,14.1,14.139,14.182,14.228,14.275,14.323,14.362,14.418,14.479,14.523,14.568,14.623,14.694,14.787,14.862,14.959,15.089,15.287,15.523,16.227
793,GRN FP,10.118,10.859,11.064,11.251,11.405,11.497,11.589,11.656,11.747,11.815,11.882,11.938,11.982,12.031,12.082,12.119,12.167,12.203,12.245,12.278,12.302,12.341,12.371,12.408,12.442,12.472,12.498,12.539,12.575,12.606,12.631,12.658,12.683,12.713,12.746,12.77,12.8,12.828,12.856,12.885,12.912,12.947,12.971,12.999,13.031,13.058,13.082,13.107,13.129,13.154,13.178,13.199,13.232,13.252,13.276,13.308,13.34,13.37,13.402,13.43,13.459,13.482,13.512,13.544,13.57,13.606,13.631,13.663,13.696,13.72,13.757,13.786,13.811,13.835,13.864,13.887,13.931,13.969,14.006,14.036,14.064,14.1,14.139,14.182,14.228,14.275,14.323,14.362,14.418,14.479,14.523,14.568,14.623,14.694,14.787,14.862,14.959,15.089,15.287,15.523,16.227
794,GRN FP,9.989,10.717,10.937,11.18,11.307,11.384,11.49,11.585,11.67,11.745,11.798,11.874,11.92,11.974,12.024,12.065,12.11,12.146,12.19,12.226,12.273,12.308,12.342,12.384,12.422,12.451,12.475,12.501,12.538,12.567,12.597,12.625,12.649,12.681,12.71,12.735,12.773,12.807,12.833,12.858,12.883,12.903,12.928,12.952,12.98,13.005,13.027,13.055,13.086,13.121,13.149,13.18,13.201,13.229,13.26,13.292,13.32,13.344,13.377,13.412,13.442,13.47,13.505,13.533,13.562,13.593,13.615,13.641,13.681,13.715,13.747,13.778,13.811,13.85,13.884,13.919,13.953,13.98,14.022,14.061,14.094,14.126,14.16,14.2,14.24,14.286,14.328,14.39,14.442,14.489,14.542,14.6,14.655,14.711,14.808,14.918,15.015,15.203,15.406,15.663,16.3
795,GRN FP,9.989,10.717,10.937,11.18,11.307,11.384,11.49,11.585,11.67,11.745,11.798,11.874,11.92,11.974,12.024,12.065,12.11,12.146,12.19,12.226,12.273,12.308,12.342,12.384,12.422,12.451,12.475,12.501,12.538,12.567,12.597,12.625,12.649,12.681,12.71,12.735,12.773,12.807,12.833,12.858,12.883,12.903,12.928,12.952,12.98,13.005,13.027,13.055,13.086,13.121,13.149,13.18,13.201,13.229,13.26,13.292,13.32,13.344,13.377,13.412,13.442,13.47,13.505,13.533,13.562,13.593,13.615,13.641,13.681,13.715,13.747,13.778,13.811,13.85,13.884,13.919,13.953,13.98,14.022,14.061,14.094,14.126,14.16,14.2,14.24,14.286,14.328,14.39,14.442,14.489,14.542,14.6,14.655,14.711,14.808,14.918,15.015,15.203,15.406,15.663,16.3
796,GRN FP,9.929,10.722,10.926,11.116,11.27,11.381,11.468,11.555,11.612,11.693,11.76,11.828,11.876,11.932,11.99,12.036,12.079,12.123,12.163,12.201,12.245,12.288,12.32,12.353,12.397,12.425,12.451,12.478,12.506,12.531,12.559,12.587,12.621,12.649,12.673,12.701,12.729,12.757,12.796,12.818,12.859,12.89,12.923,12.951,12.977,12.999,13.024,13.048,13.076,13.099,13.129,13.153,13.182,13.209,13.233,13.273,13.301,13.325,13.355,13.379,13.407,13.448,13.484,13.518,13.554,13.585,13.613,13.647,13.679,13.707,13.734,13.753,13.789,13.827,13.86,13.917,13.942,13.984,14.018,14.05,14.092,14.13,14.175,14.212,14.257,14.287,14.344,14.384,14.428,14.468,14.534,14.616,14.7,14.801,14.879,14.963,15.091,15.269,15.454,15.737,16.503
797,GRN FP,9.929,10.722,10.926,11.116,11.27,11.381,11.468,11.555,11.612,11.693,11.76,11.828,11.876,11.932,11.99,12.036,12.079,12.123,12.163,12.201,12.245,12.288,12.32,12.353,12.397,12.425,12.451,12.478,12.506,12.531,12.559,12.587,12.621,12.649,12.673,12.701,12.729,12.757,12.796,12.818,12.859,12.89,12.923,12.951,12.977,12.999,13.024,13.048,13.076,13.099,13.129,13.153,13.182,13.209,13.233,13.273,13.301,13.325,13.355,13.379,13.407,13.448,13.484,13.518,13.554,13.585,13.613,13.647,13.679,13.707,13.734,13.753,13.789,13.827,13.86,13.917,13.942,13.984,14.018,14.05,14.092,14.13,14.175,14.212,14.257,14.287,14.344,14.384,14.428,14.468,14.534,14.616,14.7,14.801,14.879,14.963,15.091,15.269,15.454,15.737,16.503
798,GRN FP,9.947,10.674,10.911,11.027,11.177,11.297,11.383,11.46,11.558,11.614,11.695,11.761,11.807,11.859,11.907,11.957,12.001,12.044,12.1,12.141,12.184,12.224,12.27,12.31,12.352,12.381,12.416,12.449,12.479,12.51,12.545,12.57,12.601,12.629,12.65,12.685,12.714,12.742,12.771,12.801,12.837,12.864,12.896,12.921,12.947,12.97,12.995,13.019,13.043,13.079,13.107,13.143,13.173,13.199,13.228,13.254,13.279,13.315,13.337,13.359,13.396,13.429,13.455,13.484,13.524,13.558,13.597,13.634,13.662,13.704,13.74,13.774,13.809,13.838,13.874,13.905,13.938,13.98,14.013,14.052,14.088,14.123,14.164,14.209,14.263,14.306,14.377,14.419,14.467,14.517,14.59,14.664,14.724,14.799,14.907,15.001,15.11,15.262,15.456,15.782,16.61
799,GRN FP,9.947,10.674,10.911,11.027,11.177,11.297,11.383,11.46,11.558,11.614,11.695,11.761,11.807,11.859,11.907,11.957,12.001,12.044,12.1,12.141,12.184,12.224,12.27,12.31,12.352,12.381,12.416,12.449,12.479,12.51,12.545,12.57,12.601,12.629,12.65,12.685,12.714,12.742,12.771,12.801,12.837,12.864,12.896,12.921,12.947,12.97,12.995,13.019,13.043,13.079,13.107,13.143,13.173,13.199,13.228,13.254,13.279,13.315,13.337,13.359,13.396,13.429,13.455,13.484,13.524,13.558,13.597,13.634,13.662,13.704,13.74,13.774,13.809,13.838,13.874,13.905,13.938,13.98,14.013,14.052,14.088,14.123,14.164,14.209,14.263,14.306,14.377,14.419,14.467,14.517,14.59,14.664,14.724,14.799,14.907,15.001,15.11,15.262,15.456,15.782,16.61
800,GRN FP,9.905,10.559,10.79,10.953,11.107,11.248,11.34,11.42,11.495,11.579,11.63,11.702,11.758,11.803,11.854,11.907,11.959,12.004,12.036,12.074,12.124,12.157,12.199,12.244,12.282,12.317,12.363,12.398,12.429,12.469,12.504,12.529,12.551,12.574,12.605,12.634,12.66,12.693,12.732,12.756,12.777,12.805,12.842,12.878,12.904,12.944,12.978,13.005,13.04,13.069,13.1,13.129,13.163,13.19,13.218,13.248,13.274,13.301,13.337,13.373,13.402,13.43,13.467,13.505,13.541,13.573,13.605,13.642,13.673,13.705,13.744,13.784,13.82,13.852,13.879,13.916,13.953,13.984,14.033,14.061,14.113,14.163,14.218,14.254,14.308,14.354,14.406,14.469,14.542,14.58,14.633,14.691,14.76,14.836,14.903,14.993,15.129,15.317,15.506,15.829,16.683
801,GRN FP,9.905,10.559,10.79,10.953,11.107,11.248,11.34,11.42,11.495,11.579,11.63,11.702,11.758,11.803,11.854,11.907,11.959,12.004,12.036,12.074,12.124,12.157,12.199,12.244,12.282,12.317,12.363,12.398,12.429,12.469,12.504,12.529,12.551,12.574,12.605,12.634,12.66,12.693,12.732,12.756,12.777,12.805,12.842,12.878,12.904,12.944,12.978,13.005,13.04,13.069,13.1,13.129,13.163,13.19,13.218,13.248,13.274,13.301,13.337,13.373,13.402,13.43,13.467,13.505,13.541,13.573,13.605,13.642,13.673,13.705,13.744,13.784,13.82,13.852,13.879,13.916,13.953,13.984,14.033,14.061,14.113,14.163,14.218,14.254,14.308,14.354,14.406,14.469,14.542,14.58,14.633,14.691,14.76,14.836,14.903,14.993,15.129,15.317,15.506,15.829,16.683
802,GRN FP,9.79,10.429,10.727,10.884,11.038,11.166,11.249,11.328,11.414,11.48,11.548,11.645,11.708,11.764,11.816,11.871,11.921,11.977,12.02,12.055,12.1,12.14,12.182,12.217,12.251,12.292,12.326,12.358,12.389,12.42,12.455,12.49,12.522,12.562,12.584,12.613,12.64,12.67,12.699,12.727,12.762,12.802,12.831,12.857,12.885,12.917,12.946,12.98,13.015,13.041,13.07,13.097,13.126,13.163,13.197,13.222,13.262,13.3,13.343,13.37,13.395,13.425,13.452,13.481,13.506,13.526,13.554,13.586,13.619,13.656,13.697,13.736,13.78,13.822,13.865,13.91,13.948,13.994,14.049,14.094,14.13,14.181,14.242,14.278,14.326,14.375,14.425,14.47,14.536,14.584,14.638,14.713,14.789,14.87,14.956,15.057,15.177,15.321,15.548,15.931,16.964
803,GRN FP,9.79,10.429,10.727,10.884,11.038,11.166,11.249,11.328,11.414,11.48,11.548,11.645,11.708,11.764,11.816,11.871,11.921,11.977,12.02,12.055,12.1,12.14,12.182,12.217,12.251,12.292,12.326,12.358,12.389,12.42,12.455,12.49,12.522,12.562,12.584,12.613,12.64,12.67,12.699,12.727,12.762,12.802,12.831,12.857,12.885,12.917,12.946,12.98,13.015,13.041,13.07,13.097,13.126,13.163,13.197,13.222,13.262,13.3,13.343,13.37,13.395,13.425,13.452,13.481,13.506,13.526,13.554,13.586,13.619,13.656,13.697,13.736,13.78,13.822,13.865,13.91,13.948,13.994,14.049,14.094,14.13,14.181,14.242,14.278,14.326,14.375,14.425,14.47,14.536,14.584,14.638,14.713,14.789,14.87,14.956,15.057,15.177,15.321,15.548,15.931,16.964
804,GRN FP,9.533,10.345,10.639,10.817,10.948,11.117,11.212,11.314,11.396,11.47,11.533,11.588,11.654,11.715,11.767,11.828,11.882,11.939,11.994,12.031,12.07,12.107,12.16,12.19,12.225,12.27,12.312,12.353,12.39,12.411,12.437,12.474,12.512,12.538,12.568,12.6,12.64,12.674,12.702,12.733,12.765,12.796,12.823,12.849,12.879,12.918,12.951,12.977,13.004,13.051,13.07,13.099,13.128,13.152,13.184,13.213,13.246,13.271,13.302,13.329,13.356,13.39,13.417,13.457,13.491,13.518,13.554,13.591,13.624,13.659,13.699,13.738,13.779,13.809,13.85,13.888,13.935,13.975,14.022,14.068,14.103,14.148,14.208,14.255,14.311,14.363,14.429,14.485,14.549,14.595,14.668,14.732,14.821,14.918,14.993,15.084,15.247,15.392,15.611,15.911,16.773
805,GRN FP,9.533,10.345,10.639,10.817,10.948,11.117,11.212,11.314,11.396,11.47,11.533,11.588,11.654,11.715,11.767,11.828,11.882,11.939,11.994,12.031,12.07,12.107,12.16,12.19,12.225,12.27,12.312,12.353,12.39,12.411,12.437,12.474,12.512,12.538,12.568,12.6,12.64,12.674,12.702,12.733,12.765,12.796,12.823,12.849,12.879,12.918,12.951,12.977,13.004,13.051,13.07,13.099,13.128,13.152,13.184,13.213,13.246,13.271,13.302,13.329,13.356,13.39,13.417,13.457,13.491,13.518,13.554,13.591,13.624,13.659,13.699,13.738,13.779,13.809,13.85,13.888,13.935,13.975,14.022,14.068,14.103,14.148,14.208,14.255,14.311,14.363,14.429,14.485,14.549,14.595,14.668,14.732,14.821,14.918,14.993,15.084,15.247,15.392,15.611,15.911,16.773
806,GRN FP,9.598,10.338,10.538,10.74,10.912,11.032,11.14,11.26,11.349,11.426,11.513,11.552,11.616,11.691,11.738,11.778,11.847,11.903,11.943,11.991,12.03,12.071,12.12,12.166,12.205,12.239,12.261,12.298,12.334,12.376,12.413,12.453,12.482,12.507,12.545,12.579,12.622,12.649,12.679,12.702,12.726,12.758,12.79,12.817,12.847,12.869,12.907,12.932,12.967,12.998,13.032,13.063,13.099,13.126,13.153,13.183,13.216,13.251,13.274,13.312,13.34,13.372,13.407,13.442,13.466,13.501,13.537,13.569,13.608,13.658,13.705,13.747,13.789,13.824,13.865,13.906,13.95,13.99,14.027,14.068,14.114,14.152,14.205,14.262,14.311,14.363,14.422,14.476,14.536,14.623,14.682,14.776,14.836,14.95,15.041,15.141,15.264,15.426,15.615,16.03,16.809
807,GRN FP,9.598,10.338,10.538,10.74,10.912,11.032,11.14,11.26,11.349,11.426,11.513,11.552,11.616,11.691,11.738,11.778,11.847,11.903,11.943,11.991,12.03,12.071,12.12,12.166,12.205,12.239,12.261,12.298,12.334,12.376,12.413,12.453,12.482,12.507,12.545,12.579,12.622,12.649,12.679,12.702,12.726,12.758,12.79,12.817,12.847,12.869,12.907,12.932,12.967,12.998,13.032,13.063,13.099,13.126,13.153,13.183,13.216,13.251,13.274,13.312,13.34,13.372,13.407,13.442,13.466,13.501,13.537,13.569,13.608,13.658,13.705,13.747,13.789,13.824,13.865,13.906,13.95,13.99,14.027,14.068,14.114,14.152,14.205,14.262,14.311,14.363,14.422,14.476,14.536,14.623,14.682,14.776,14.836,14.95,15.041,15.141,15.264,15.426,15.615,16.03,16.809
808,GRN FP,9.637,10.24,10.517,10.706,10.853,10.986,11.107,11.203,11.274,11.362,11.445,11.512,11.581,11.638,11.698,11.748,11.804,11.854,11.903,11.942,11.999,12.036,12.08,12.121,12.155,12.187,12.219,12.263,12.302,12.35,12.383,12.42,12.457,12.481,12.517,12.549,12.588,12.614,12.642,12.677,12.715,12.747,12.781,12.813,12.845,12.874,12.918,12.95,12.975,13.0,13.029,13.06,13.092,13.122,13.149,13.178,13.208,13.242,13.272,13.301,13.331,13.357,13.403,13.438,13.465,13.502,13.539,13.574,13.615,13.649,13.678,13.713,13.745,13.776,13.817,13.869,13.909,13.956,14.009,14.064,14.107,14.151,14.209,14.258,14.312,14.375,14.427,14.486,14.55,14.618,14.68,14.763,14.854,14.93,15.037,15.134,15.258,15.415,15.56,15.928,16.826
809,GRN FP,9.637,10.24,10.517,10.706,10.853,10.986,11.107,11.203,11.274,11.362,11.445,11.512,11.581,11.638,11.698,11.748,11.804,11.854,11.903,11.942,11.999,12.036,12.08,12.121,12.155,12.187,12.219,12.263,12.302,12.35,12.383,12.42,12.457,12.481,12.517,12.549,12.588,12.614,12.642,12.677,12.715,12.747,12.781,12.813,12.845,12.874,12.918,12.95,12.975,13.0,13.029,13.06,13.092,13.122,13.149,13.178,13.208,13.242,13.272,13.301,13.331,13.357,13.403,13.438,13.465,13.502,13.539,13.574,13.615,13.649,13.678,13.713,13.745,13.776,13.817,13.869,13.909,13.956,14.009,14.064,14.107,14.151,14.209,14.258,14.312,14.375,14.427,14.486,14.55,14.618,14.68,14.763,14.854,14.93,15.037,15.134,15.258,15.415,15.56,15.928,16.826
810,GRN FP,9.379,10.238,10.543,10.694,10.864,10.984,11.116,11.231,11.29,11.358,11.407,11.47,11.534,11.593,11.643,11.714,11.776,11.825,11.885,11.93,11.98,12.02,12.066,12.112,12.149,12.197,12.237,12.27,12.311,12.355,12.397,12.425,12.451,12.49,12.525,12.555,12.589,12.619,12.647,12.688,12.725,12.768,12.799,12.83,12.86,12.894,12.914,12.947,12.977,13.008,13.036,13.069,13.098,13.121,13.149,13.173,13.206,13.238,13.269,13.299,13.322,13.355,13.387,13.423,13.457,13.492,13.529,13.554,13.583,13.627,13.66,13.699,13.744,13.782,13.827,13.86,13.911,13.955,13.997,14.052,14.101,14.153,14.201,14.25,14.311,14.365,14.425,14.488,14.541,14.605,14.662,14.761,14.829,14.928,15.028,15.146,15.295,15.436,15.632,15.974,16.782
811,GRN FP,9.379,10.238,10.543,10.694,10.864,10.984,11.116,11.231,11.29,11.358,11.407,11.47,11.534,11.593,11.643,11.714,11.776,11.825,11.885,11.93,11.98,12.02,12.066,12.112,12.149,12.197,12.237,12.27,12.311,12.355,12.397,12.425,12.451,12.49,12.525,12.555,12.589,12.619,12.647,12.688,12.725,12.768,12.799,12.83,12.86,12.894,12.914,12.947,12.977,13.008,13.036,13.069,13.098,13.121,13.149,13.173,13.206,13.238,13.269,13.299,13.322,13.355,13.387,13.423,13.457,13.492,13.529,13.554,13.583,13.627,13.66,13.699,13.744,13.782,13.827,13.86,13.911,13.955,13.997,14.052,14.101,14.153,14.201,14.25,14.311,14.365,14.425,14.488,14.541,14.605,14.662,14.761,14.829,14.928,15.028,15.146,15.295,15.436,15.632,15.974,16.782
812,GRN FP,9.277,10.126,10.512,10.715,10.882,10.988,11.053,11.168,11.255,11.345,11.417,11.473,11.536,11.598,11.672,11.722,11.773,11.822,11.872,11.928,11.961,12.005,12.054,12.097,12.127,12.167,12.2,12.232,12.274,12.309,12.348,12.382,12.412,12.453,12.484,12.513,12.553,12.582,12.621,12.648,12.676,12.708,12.739,12.777,12.805,12.835,12.862,12.903,12.943,12.971,13.012,13.034,13.063,13.088,13.113,13.151,13.195,13.224,13.253,13.278,13.309,13.342,13.377,13.407,13.439,13.471,13.502,13.535,13.582,13.622,13.658,13.699,13.739,13.786,13.833,13.876,13.923,13.967,14.012,14.053,14.096,14.136,14.186,14.237,14.285,14.341,14.403,14.466,14.534,14.596,14.68,14.76,14.837,14.906,15.021,15.114,15.271,15.451,15.681,16.005,16.816
813,GRN FP,9.277,10.126,10.512,10.715,10.882,10.988,11.053,11.168,11.255,11.345,11.417,11.473,11.536,11.598,11.672,11.722,11.773,11.822,11.872,11.928,11.961,12.005,12.054,12.097,12.127,12.167,12.2,12.232,12.274,12.309,12.348,12.382,12.412,12.453,12.484,12.513,12.553,12.582,12.621,12.648,12.676,12.708,12.739,12.777,12.805,12.835,12.862,12.903,12.943,12.971,13.012,13.034,13.063,13.088,13.113,13.151,13.195,13.224,13.253,13.278,13.309,13.342,13.377,13.407,13.439,13.471,13.502,13.535,13.582,13.622,13.658,13.699,13.739,13.786,13.833,13.876,13.923,13.967,14.012,14.053,14.096,14.136,14.186,14.237,14.285,14.341,14.403,14.466,14.534,14.596,14.68,14.76,14.837,14.906,15.021,15.114,15.271,15.451,15.681,16.005,16.816
814,GRN FP,9.412,10.177,10.462,10.651,10.798,10.923,11.027,11.119,11.192,11.264,11.336,11.419,11.495,11.552,11.61,11.688,11.735,11.797,11.835,11.881,11.948,11.983,12.024,12.062,12.104,12.142,12.171,12.206,12.241,12.28,12.313,12.342,12.371,12.406,12.449,12.476,12.517,12.541,12.58,12.616,12.646,12.681,12.713,12.74,12.763,12.801,12.832,12.865,12.901,12.938,12.972,13.011,13.039,13.072,13.104,13.137,13.163,13.195,13.223,13.26,13.29,13.328,13.361,13.404,13.435,13.467,13.5,13.543,13.586,13.62,13.657,13.698,13.74,13.784,13.829,13.879,13.933,13.98,14.019,14.07,14.103,14.152,14.209,14.246,14.306,14.354,14.429,14.492,14.536,14.594,14.656,14.734,14.812,14.911,14.987,15.092,15.239,15.411,15.679,15.985,16.915
815,GRN FP,9.412,10.177,10.462,10.651,10.798,10.923,11.027,11.119,11.192,11.264,11.336,11.419,11.495,11.552,11.61,11.688,11.735,11.797,11.835,11.881,11.948,11.983,12.024,12.062,12.104,12.142,12.171,12.206,12.241,12.28,12.313,12.342,12.371,12.406,12.449,12.476,12.517,12.541,12.58,12.616,12.646,12.681,12.713,12.74,12.763,12.801,12.832,12.865,12.901,12.938,12.972,13.011,13.039,13.072,13.104,13.137,13.163,13.195,13.223,13.26,13.29,13.328,13.361,13.404,13.435,13.467,13.5,13.543,13.586,13.62,13.657,13.698,13.74,13.784,13.829,13.879,13.933,13.98,14.019,14.07,14.103,14.152,14.209,14.246,14.306,14.354,14.429,14.492,14.536,14.594,14.656,14.734,14.812,14.911,14.987,15.092,15.239,15.411,15.679,15.985,16.915
816,GRN FP,9.503,10.109,10.388,10.595,10.742,10.85,10.977,11.07,11.144,11.256,11.321,11.4,11.473,11.524,11.579,11.628,11.69,11.738,11.805,11.865,11.91,11.948,11.985,12.021,12.06,12.108,12.147,12.185,12.224,12.249,12.285,12.321,12.361,12.393,12.432,12.466,12.496,12.528,12.56,12.598,12.636,12.674,12.713,12.747,12.777,12.82,12.845,12.88,12.916,12.949,12.973,13.009,13.039,13.077,13.111,13.159,13.185,13.223,13.255,13.288,13.315,13.339,13.373,13.419,13.446,13.479,13.512,13.548,13.589,13.624,13.669,13.723,13.75,13.791,13.828,13.864,13.901,13.939,13.981,14.04,14.088,14.129,14.183,14.231,14.277,14.334,14.395,14.45,14.519,14.627,14.692,14.776,14.861,14.955,15.015,15.159,15.307,15.429,15.603,16.005,17.047
817,GRN FP,9.503,10.109,10.388,10.595,10.742,10.85,10.977,11.07,11.144,11.256,11.321,11.4,11.473,11.524,11.579,11.628,11.69,11.738,11.805,11.865,11.91,11.948,11.985,12.021,12.06,12.108,12.147,12.185,12.224,12.249,12.285,12.321,12.361,12.393,12.432,12.466,12.496,12.528,12.56,12.598,12.636,12.674,12.713,12.747,12.777,12.82,12.845,12.88,12.916,12.949,12.973,13.009,13.039,13.077,13.111,13.159,13.185,13.223,13.255,13.288,13.315,13.339,13.373,13.419,13.446,13.479,13.512,13.548,13.589,13.624,13.669,13.723,13.75,13.791,13.828,13.864,13.901,13.939,13.981,14.04,14.088,14.129,14.183,14.231,14.277,14.334,14.395,14.45,14.519,14.627,14.692,14.776,14.861,14.955,15.015,15.159,15.307,15.429,15.603,16.005,17.047
818,GRN FP,9.392,10.059,10.393,10.599,10.733,10.862,10.93,11.039,11.153,11.211,11.297,11.371,11.423,11.473,11.521,11.589,11.643,11.717,11.765,11.812,11.855,11.907,11.949,12.006,12.05,12.09,12.128,12.168,12.2,12.253,12.291,12.324,12.358,12.397,12.422,12.46,12.486,12.512,12.555,12.588,12.632,12.67,12.707,12.736,12.773,12.804,12.834,12.874,12.903,12.932,12.967,12.998,13.03,13.064,13.092,13.122,13.157,13.193,13.228,13.256,13.279,13.316,13.347,13.384,13.424,13.455,13.489,13.525,13.57,13.62,13.651,13.688,13.723,13.761,13.793,13.838,13.888,13.922,13.956,14.005,14.054,14.115,14.161,14.225,14.299,14.357,14.407,14.469,14.527,14.605,14.671,14.74,14.825,14.927,15.037,15.132,15.271,15.408,15.674,15.965,17.047
819,GRN FP,9.392,10.059,10.393,10.599,10.733,10.862,10.93,11.039,11.153,11.211,11.297,11.371,11.423,11.473,11.521,11.589,11.643,11.717,11.765,11.812,11.855,11.907,11.949,12.006,12.05,12.09,12.128,12.168,12.2,12.253,12.291,12.324,12.358,12.397,12.422,12.46,12.486,12.512,12.555,12.588,12.632,12.67,12.707,12.736,12.773,12.804,12.834,12.874,12.903,12.932,12.967,12.998,13.03,13.064,13.092,13.122,13.157,13.193,13.228,13.256,13.279,13.316,13.347,13.384,13.424,13.455,13.489,13.525,13.57,13.62,13.651,13.688,13.723,13.761,13.793,13.838,13.888,13.922,13.956,14.005,14.054,14.115,14.161,14.225,14.299,14.357,14.407,14.469,14.527,14.605,14.671,14.74,14.825,14.927,15.037,15.132,15.271,15.408,15.674,15.965,17.047
820,GRN FP,9.275,10.033,10.364,10.569,10.712,10.863,10.958,11.039,11.114,11.205,11.294,11.369,11.415,11.468,11.521,11.594,11.65,11.708,11.753,11.799,11.837,11.888,11.927,11.973,12.018,12.06,12.097,12.135,12.182,12.216,12.243,12.285,12.323,12.347,12.382,12.421,12.455,12.501,12.529,12.564,12.592,12.631,12.668,12.702,12.734,12.768,12.803,12.84,12.864,12.897,12.935,12.967,13.004,13.036,13.075,13.105,13.139,13.181,13.213,13.242,13.273,13.312,13.346,13.379,13.42,13.456,13.491,13.531,13.569,13.61,13.645,13.678,13.711,13.75,13.798,13.836,13.895,13.932,13.969,14.015,14.062,14.119,14.176,14.228,14.289,14.355,14.41,14.486,14.548,14.604,14.684,14.748,14.829,14.924,15.027,15.138,15.256,15.445,15.619,16.009,16.938
821,GRN FP,9.275,10.033,10.364,10.569,10.712,10.863,10.958,11.039,11.114,11.205,11.294,11.369,11.415,11.468,11.521,11.594,11.65,11.708,11.753,11.799,11.837,11.888,11.927,11.973,12.018,12.06,12.097,12.135,12.182,12.216,12.243,12.285,12.323,12.347,12.382,12.421,12.455,12.501,12.529,12.564,12.592,12.631,12.668,12.702,12.734,12.768,12.803,12.84,12.864,12.897,12.935,12.967,13.004,13.036,13.075,13.105,13.139,13.181,13.213,13.242,13.273,13.312,13.346,13.379,13.42,13.456,13.491,13.531,13.569,13.61,13.645,13.678,13.711,13.75,13.798,13.836,13.895,13.932,13.969,14.015,14.062,14.119,14.176,14.228,14.289,14.355,14.41,14.486,14.548,14.604,14.684,14.748,14.829,14.924,15.027,15.138,15.256,15.445,15.619,16.009,16.938
822,GRN FP,9.341,9.98,10.321,10.595,10.735,10.826,10.918,11.013,11.083,11.158,11.231,11.312,11.388,11.458,11.515,11.567,11.609,11.677,11.735,11.77,11.81,11.853,11.895,11.935,11.989,12.021,12.057,12.096,12.137,12.172,12.211,12.248,12.288,12.331,12.357,12.397,12.431,12.468,12.497,12.537,12.568,12.604,12.641,12.676,12.715,12.749,12.779,12.806,12.837,12.875,12.906,12.939,12.976,13.027,13.061,13.096,13.129,13.167,13.2,13.241,13.268,13.297,13.329,13.366,13.395,13.431,13.477,13.52,13.557,13.589,13.632,13.676,13.716,13.759,13.8,13.834,13.875,13.938,13.995,14.034,14.094,14.148,14.205,14.257,14.303,14.348,14.405,14.475,14.537,14.616,14.69,14.762,14.853,14.914,15.016,15.139,15.326,15.503,15.68,15.958,17.322
823,GRN FP,9.341,9.98,10.321,10.595,10.735,10.826,10.918,11.013,11.083,11.158,11.231,11.312,11.388,11.458,11.515,11.567,11.609,11.677,11.735,11.77,11.81,11.853,11.895,11.935,11.989,12.021,12.057,12.096,12.137,12.172,12.211,12.248,12.288,12.331,12.357,12.397,12.431,12.468,12.497,12.537,12.568,12.604,12.641,12.676,12.715,12.749,12.779,12.806,12.837,12.875,12.906,12.939,12.976,13.027,13.061,13.096,13.129,13.167,13.2,13.241,13.268,13.297,13.329,13.366,13.395,13.431,13.477,13.52,13.557,13.589,13.632,13.676,13.716,13.759,13.8,13.834,13.875,13.938,13.995,14.034,14.094,14.148,14.205,14.257,14.303,14.348,14.405,14.475,14.537,14.616,14.69,14.762,14.853,14.914,15.016,15.139,15.326,15.503,15.68,15.958,17.322
824,GRN FP,9.195,10.069,10.28,10.518,10.65,10.802,10.904,10.989,11.092,11.178,11.251,11.31,11.387,11.437,11.501,11.55,11.601,11.655,11.704,11.76,11.812,11.855,11.889,11.938,11.984,12.014,12.056,12.095,12.138,12.167,12.197,12.228,12.268,12.298,12.358,12.396,12.432,12.467,12.492,12.531,12.571,12.597,12.63,12.665,12.704,12.729,12.753,12.786,12.831,12.859,12.892,12.924,12.959,12.995,13.037,13.079,13.121,13.16,13.197,13.237,13.264,13.296,13.345,13.38,13.414,13.449,13.486,13.532,13.567,13.606,13.638,13.673,13.712,13.749,13.789,13.827,13.864,13.912,13.969,14.025,14.077,14.124,14.179,14.234,14.272,14.333,14.388,14.461,14.523,14.587,14.653,14.719,14.821,14.916,14.994,15.124,15.233,15.423,15.66,15.927,17.305
825,GRN FP,9.195,10.069,10.28,10.518,10.65,10.802,10.904,10.989,11.092,11.178,11.251,11.31,11.387,11.437,11.501,11.55,11.601,11.655,11.704,11.76,11.812,11.855,11.889,11.938,11.984,12.014,12.056,12.095,12.138,12.167,12.197,12.228,12.268,12.298,12.358,12.396,12.432,12.467,12.492,12.531,12.571,12.597,12.63,12.665,12.704,12.729,12.753,12.786,12.831,12.859,12.892,12.924,12.959,12.995,13.037,13.079,13.121,13.16,13.197,13.237,13.264,13.296,13.345,13.38,13.414,13.449,13.486,13.532,13.567,13.606,13.638,13.673,13.712,13.749,13.789,13.827,13.864,13.912,13.969,14.025,14.077,14.124,14.179,14.234,14.272,14.333,14.388,14.461,14.523,14.587,14.653,14.719,14.821,14.916,14.994,15.124,15.233,15.423,15.66,15.927,17.305
826,GRN FP,9.184,9.918,10.285,10.521,10.639,10.812,10.914,11.009,11.106,11.174,11.244,11.313,11.383,11.44,11.504,11.564,11.614,11.662,11.705,11.742,11.795,11.84,11.887,11.924,11.963,11.996,12.031,12.076,12.124,12.162,12.203,12.25,12.284,12.316,12.347,12.391,12.425,12.455,12.488,12.518,12.544,12.582,12.619,12.653,12.69,12.718,12.748,12.779,12.819,12.864,12.903,12.936,12.962,12.993,13.027,13.063,13.099,13.134,13.171,13.203,13.233,13.28,13.319,13.351,13.389,13.424,13.473,13.513,13.556,13.589,13.634,13.675,13.721,13.766,13.807,13.842,13.88,13.921,13.965,13.996,14.041,14.09,14.136,14.2,14.26,14.316,14.371,14.432,14.512,14.581,14.656,14.744,14.811,14.889,14.982,15.093,15.256,15.409,15.579,15.987,17.256
827,GRN FP,9.184,9.918,10.285,10.521,10.639,10.812,10.914,11.009,11.106,11.174,11.244,11.313,11.383,11.44,11.504,11.564,11.614,11.662,11.705,11.742,11.795,11.84,11.887,11.924,11.963,11.996,12.031,12.076,12.124,12.162,12.203,12.25,12.284,12.316,12.347,12.391,12.425,12.455,12.488,12.518,12.544,12.582,12.619,12.653,12.69,12.718,12.748,12.779,12.819,12.864,12.903,12.936,12.962,12.993,13.027,13.063,13.099,13.134,13.171,13.203,13.233,13.28,13.319,13.351,13.389,13.424,13.473,13.513,13.556,13.589,13.634,13.675,13.721,13.766,13.807,13.842,13.88,13.921,13.965,13.996,14.041,14.09,14.136,14.2,14.26,14.316,14.371,14.432,14.512,14.581,14.656,14.744,14.811,14.889,14.982,15.093,15.256,15.409,15.579,15.987,17.256
828,GRN FP,8.876,9.953,10.262,10.508,10.668,10.789,10.921,11.015,11.11,11.175,11.236,11.288,11.365,11.432,11.497,11.546,11.593,11.639,11.687,11.735,11.777,11.837,11.893,11.93,11.968,11.995,12.036,12.07,12.107,12.15,12.195,12.217,12.25,12.285,12.324,12.354,12.393,12.432,12.464,12.502,12.543,12.584,12.615,12.651,12.674,12.706,12.736,12.769,12.803,12.832,12.865,12.899,12.93,12.975,13.008,13.045,13.074,13.107,13.144,13.188,13.231,13.262,13.288,13.325,13.358,13.405,13.446,13.484,13.523,13.566,13.601,13.641,13.683,13.717,13.751,13.803,13.864,13.9,13.944,13.997,14.038,14.077,14.118,14.17,14.229,14.278,14.331,14.4,14.487,14.564,14.624,14.694,14.784,14.877,14.996,15.112,15.213,15.367,15.576,16.048,17.25
829,GRN FP,8.876,9.953,10.262,10.508,10.668,10.789,10.921,11.015,11.11,11.175,11.236,11.288,11.365,11.432,11.497,11.546,11.593,11.639,11.687,11.735,11.777,11.837,11.893,11.93,11.968,11.995,12.036,12.07,12.107,12.15,12.195,12.217,12.25,12.285,12.324,12.354,12.393,12.432,12.464,12.502,12.543,12.584,12.615,12.651,12.674,12.706,12.736,12.769,12.803,12.832,12.865,12.899,12.93,12.975,13.008,13.045,13.074,13.107,13.144,13.188,13.231,13.262,13.288,13.325,13.358,13.405,13.446,13.484,13.523,13.566,13.601,13.641,13.683,13.717,13.751,13.803,13.864,13.9,13.944,13.997,14.038,14.077,14.118,14.17,14.229,14.278,14.331,14.4,14.487,14.564,14.624,14.694,14.784,14.877,14.996,15.112,15.213,15.367,15.576,16.048,17.25
830,GRN FP,9.151,9.998,10.336,10.528,10.69,10.796,10.897,10.982,11.063,11.14,11.216,11.264,11.327,11.384,11.464,11.531,11.581,11.627,11.673,11.728,11.757,11.817,11.868,11.906,11.948,11.984,12.022,12.07,12.115,12.146,12.182,12.218,12.256,12.286,12.323,12.361,12.39,12.426,12.468,12.494,12.527,12.558,12.591,12.626,12.654,12.691,12.716,12.745,12.784,12.827,12.859,12.883,12.912,12.941,12.972,13.008,13.047,13.078,13.122,13.165,13.195,13.233,13.281,13.32,13.357,13.396,13.434,13.489,13.519,13.554,13.589,13.62,13.668,13.709,13.764,13.815,13.854,13.886,13.935,13.985,14.036,14.073,14.118,14.158,14.202,14.258,14.336,14.394,14.47,14.538,14.602,14.669,14.78,14.902,14.975,15.085,15.209,15.392,15.585,15.957,17.191
831,GRN FP,9.151,9.998,10.336,10.528,10.69,10.796,10.897,10.982,11.063,11.14,11.216,11.264,11.327,11.384,11.464,11.531,11.581,11.627,11.673,11.728,11.757,11.817,11.868,11.906,11.948,11.984,12.022,12.07,12.115,12.146,12.182,12.218,12.256,12.286,12.323,12.361,12.39,12.426,12.468,12.494,12.527,12.558,12.591,12.626,12.654,12.691,12.716,12.745,12.784,12.827,12.859,12.883,12.912,12.941,12.972,13.008,13.047,13.078,13.122,13.165,13.195,13.233,13.281,13.32,13.357,13.396,13.434,13.489,13.519,13.554,13.589,13.62,13.668,13.709,13.764,13.815,13.854,13.886,13.935,13.985,14.036,14.073,14.118,14.158,14.202,14.258,14.336,14.394,14.47,14.538,14.602,14.669,14.78,14.902,14.975,15.085,15.209,15.392,15.585,15.957,17.191
832,GRN FP,9.191,9.955,10.282,10.496,10.661,10.785,10.872,10.973,11.068,11.137,11.195,11.258,11.325,11.402,11.455,11.496,11.554,11.61,11.666,11.715,11.768,11.814,11.867,11.907,11.936,11.974,12.011,12.047,12.081,12.121,12.17,12.203,12.233,12.262,12.3,12.336,12.37,12.414,12.445,12.485,12.519,12.562,12.595,12.636,12.672,12.697,12.726,12.757,12.789,12.814,12.84,12.875,12.91,12.933,12.974,13.009,13.043,13.078,13.108,13.135,13.177,13.212,13.252,13.288,13.333,13.37,13.415,13.453,13.479,13.53,13.566,13.603,13.643,13.692,13.73,13.784,13.831,13.876,13.913,13.947,13.999,14.053,14.1,14.144,14.221,14.283,14.332,14.382,14.451,14.539,14.618,14.691,14.767,14.846,14.969,15.098,15.226,15.38,15.57,16.086,17.206
833,GRN FP,9.191,9.955,10.282,10.496,10.661,10.785,10.872,10.973,11.068,11.137,11.195,11.258,11.325,11.402,11.455,11.496,11.554,11.61,11.666,11.715,11.768,11.814,11.867,11.907,11.936,11.974,12.011,12.047,12.081,12.121,12.17,12.203,12.233,12.262,12.3,12.336,12.37,12.414,12.445,12.485,12.519,12.562,12.595,12.636,12.672,12.697,12.726,12.757,12.789,12.814,12.84,12.875,12.91,12.933,12.974,13.009,13.043,13.078,13.108,13.135,13.177,13.212,13.252,13.288,13.333,13.37,13.415,13.453,13.479,13.53,13.566,13.603,13.643,13.692,13.73,13.784,13.831,13.876,13.913,13.947,13.999,14.053,14.1,14.144,14.221,14.283,14.332,14.382,14.451,14.539,14.618,14.691,14.767,14.846,14.969,15.098,15.226,15.38,15.57,16.086,17.206
834,GRN FP,9.193,9.925,10.235,10.439,10.616,10.773,10.877,10.978,11.036,11.129,11.204,11.278,11.328,11.386,11.439,11.493,11.538,11.598,11.664,11.719,11.761,11.806,11.853,11.892,11.927,11.962,11.998,12.03,12.072,12.11,12.15,12.184,12.22,12.263,12.299,12.333,12.378,12.406,12.44,12.471,12.5,12.528,12.555,12.588,12.625,12.661,12.704,12.737,12.765,12.798,12.835,12.865,12.899,12.933,12.971,12.997,13.026,13.059,13.093,13.133,13.171,13.205,13.241,13.278,13.324,13.371,13.411,13.446,13.471,13.51,13.549,13.594,13.632,13.676,13.733,13.771,13.815,13.863,13.906,13.954,14.009,14.045,14.098,14.155,14.21,14.26,14.323,14.402,14.465,14.524,14.586,14.645,14.722,14.807,14.93,14.997,15.147,15.303,15.53,16.065,17.331
835,GRN FP,9.193,9.925,10.235,10.439,10.616,10.773,10.877,10.978,11.036,11.129,11.204,11.278,11.328,11.386,11.439,11.493,11.538,11.598,11.664,11.719,11.761,11.806,11.853,11.892,11.927,11.962,11.998,12.03,12.072,12.11,12.15,12.184,12.22,12.263,12.299,12.333,12.378,12.406,12.44,12.471,12.5,12.528,12.555,12.588,12.625,12.661,12.704,12.737,12.765,12.798,12.835,12.865,12.899,12.933,12.971,12.997,13.026,13.059,13.093,13.133,13.171,13.205,13.241,13.278,13.324,13.371,13.411,13.446,13.471,13.51,13.549,13.594,13.632,13.676,13.733,13.771,13.815,13.863,13.906,13.954,14.009,14.045,14.098,14.155,14.21,14.26,14.323,14.402,14.465,14.524,14.586,14.645,14.722,14.807,14.93,14.997,15.147,15.303,15.53,16.065,17.331
836,GRN FP,8.877,9.978,10.263,10.428,10.595,10.741,10.858,10.934,11.025,11.112,11.173,11.239,11.294,11.361,11.433,11.488,11.532,11.597,11.642,11.671,11.715,11.764,11.817,11.86,11.9,11.951,11.994,12.027,12.063,12.1,12.127,12.172,12.205,12.243,12.286,12.32,12.35,12.387,12.415,12.455,12.484,12.509,12.549,12.576,12.612,12.645,12.685,12.723,12.758,12.777,12.807,12.838,12.873,12.904,12.94,12.976,13.017,13.052,13.088,13.123,13.168,13.207,13.239,13.274,13.301,13.338,13.373,13.42,13.466,13.501,13.538,13.576,13.616,13.658,13.702,13.751,13.785,13.834,13.875,13.919,13.968,13.999,14.067,14.122,14.179,14.233,14.299,14.356,14.429,14.49,14.564,14.635,14.716,14.822,14.899,15.002,15.207,15.43,15.597,16.013,17.06
837,GRN FP,8.877,9.978,10.263,10.428,10.595,10.741,10.858,10.934,11.025,11.112,11.173,11.239,11.294,11.361,11.433,11.488,11.532,11.597,11.642,11.671,11.715,11.764,11.817,11.86,11.9,11.951,11.994,12.027,12.063,12.1,12.127,12.172,12.205,12.243,12.286,12.32,12.35,12.387,12.415,12.455,12.484,12.509,12.549,12.576,12.612,12.645,12.685,12.723,12.758,12.777,12.807,12.838,12.873,12.904,12.94,12.976,13.017,13.052,13.088,13.123,13.168,13.207,13.239,13.274,13.301,13.338,13.373,13.42,13.466,13.501,13.538,13.576,13.616,13.658,13.702,13.751,13.785,13.834,13.875,13.919,13.968,13.999,14.067,14.122,14.179,14.233,14.299,14.356,14.429,14.49,14.564,14.635,14.716,14.822,14.899,15.002,15.207,15.43,15.597,16.013,17.06
838,GRN FP,9.042,9.926,10.254,10.448,10.584,10.684,10.809,10.899,10.999,11.061,11.131,11.206,11.268,11.328,11.389,11.443,11.488,11.545,11.594,11.628,11.672,11.725,11.78,11.822,11.863,11.917,11.955,11.994,12.032,12.071,12.115,12.147,12.179,12.219,12.249,12.283,12.321,12.364,12.401,12.434,12.469,12.504,12.531,12.573,12.607,12.632,12.663,12.701,12.737,12.763,12.8,12.836,12.877,12.913,12.959,12.986,13.016,13.048,13.089,13.112,13.151,13.191,13.229,13.258,13.296,13.326,13.362,13.4,13.443,13.484,13.527,13.561,13.6,13.638,13.68,13.73,13.774,13.809,13.844,13.887,13.926,13.969,14.022,14.097,14.15,14.229,14.296,14.354,14.415,14.476,14.538,14.61,14.699,14.773,14.908,15.037,15.174,15.355,15.572,16.01,16.924
839,GRN FP,9.042,9.926,10.254,10.448,10.584,10.684,10.809,10.899,10.999,11.061,11.131,11.206,11.268,11.328,11.389,11.443,11.488,11.545,11.594,11.628,11.672,11.725,11.78,11.822,11.863,11.917,11.955,11.994,12.032,12.071,12.115,12.147,12.179,12.219,12.249,12.283,12.321,12.364,12.401,12.434,12.469,12.504,12.531,12.573,12.607,12.632,12.663,12.701,12.737,12.763,12.8,12.836,12.877,12.913,12.959,12.986,13.016,13.048,13.089,13.112,13.151,13.191,13.229,13.258,13.296,13.326,13.362,13.4,13.443,13.484,13.527,13.561,13.6,13.638,13.68,13.73,13.774,13.809,13.844,13.887,13.926,13.969,14.022,14.097,14.15,14.229,14.296,14.354,14.415,14.476,14.538,14.61,14.699,14.773,14.908,15.037,15.174,15.355,15.572,16.01,16.924
840,GRN FP,9.029,9.906,10.251,10.477,10.592,10.705,10.782,10.903,10.982,11.054,11.132,11.201,11.238,11.305,11.371,11.426,11.481,11.526,11.563,11.636,11.672,11.715,11.765,11.809,11.85,11.893,11.955,12.005,12.037,12.067,12.109,12.144,12.183,12.213,12.261,12.301,12.334,12.37,12.405,12.435,12.465,12.498,12.53,12.556,12.592,12.62,12.66,12.696,12.723,12.755,12.792,12.818,12.858,12.887,12.918,12.954,12.984,13.022,13.051,13.092,13.128,13.162,13.205,13.236,13.278,13.315,13.347,13.389,13.418,13.453,13.492,13.529,13.566,13.599,13.646,13.693,13.728,13.775,13.821,13.864,13.92,13.962,14.007,14.068,14.125,14.187,14.245,14.319,14.419,14.476,14.544,14.625,14.722,14.793,14.901,15.019,15.211,15.344,15.549,15.883,16.852
841,GRN FP,9.029,9.906,10.251,10.477,10.592,10.705,10.782,10.903,10.982,11.054,11.132,11.201,11.238,11.305,11.371,11.426,11.481,11.526,11.563,11.636,11.672,11.715,11.765,11.809,11.85,11.893,11.955,12.005,12.037,12.067,12.109,12.144,12.183,12.213,12.261,12.301,12.334,12.37,12.405,12.435,12.465,12.498,12.53,12.556,12.592,12.62,12.66,12.696,12.723,12.755,12.792,12.818,12.858,12.887,12.918,12.954,12.984,13.022,13.051,13.092,13.128,13.162,13.205,13.236,13.278,13.315,13.347,13.389,13.418,13.453,13.492,13.529,13.566,13.599,13.646,13.693,13.728,13.775,13.821,13.864,13.92,13.962,14.007,14.068,14.125,14.187,14.245,14.319,14.419,14.476,14.544,14.625,14.722,14.793,14.901,15.019,15.211,15.344,15.549,15.883,16.852
842,GRN FP,8.946,9.822,10.165,10.412,10.578,10.721,10.803,10.869,10.933,11.017,11.095,11.161,11.216,11.274,11.32,11.384,11.448,11.5,11.553,11.611,11.656,11.723,11.788,11.832,11.868,11.906,11.943,11.979,12.028,12.066,12.094,12.122,12.17,12.204,12.242,12.28,12.325,12.365,12.388,12.417,12.46,12.499,12.536,12.569,12.601,12.631,12.659,12.697,12.729,12.763,12.796,12.829,12.863,12.896,12.928,12.966,13.0,13.037,13.064,13.098,13.132,13.161,13.198,13.224,13.256,13.296,13.328,13.362,13.405,13.455,13.495,13.531,13.57,13.62,13.658,13.688,13.734,13.773,13.808,13.858,13.9,13.953,14.008,14.064,14.117,14.184,14.237,14.296,14.347,14.413,14.484,14.557,14.646,14.761,14.859,14.975,15.092,15.274,15.507,15.862,16.861
843,GRN FP,8.946,9.822,10.165,10.412,10.578,10.721,10.803,10.869,10.933,11.017,11.095,11.161,11.216,11.274,11.32,11.384,11.448,11.5,11.553,11.611,11.656,11.723,11.788,11.832,11.868,11.906,11.943,11.979,12.028,12.066,12.094,12.122,12.17,12.204,12.242,12.28,12.325,12.365,12.388,12.417,12.46,12.499,12.536,12.569,12.601,12.631,12.659,12.697,12.729,12.763,12.796,12.829,12.863,12.896,12.928,12.966,13.0,13.037,13.064,13.098,13.132,13.161,13.198,13.224,13.256,13.296,13.328,13.362,13.405,13.455,13.495,13.531,13.57,13.62,13.658,13.688,13.734,13.773,13.808,13.858,13.9,13.953,14.008,14.064,14.117,14.184,14.237,14.296,14.347,14.413,14.484,14.557,14.646,14.761,14.859,14.975,15.092,15.274,15.507,15.862,16.861
844,GRN FP,8.724,9.817,10.21,10.428,10.551,10.66,10.742,10.84,10.937,11.02,11.087,11.143,11.193,11.261,11.322,11.386,11.444,11.486,11.537,11.594,11.639,11.693,11.734,11.785,11.834,11.882,11.919,11.964,12.001,12.04,12.073,12.121,12.147,12.189,12.231,12.265,12.312,12.344,12.38,12.407,12.432,12.474,12.506,12.546,12.586,12.61,12.641,12.668,12.7,12.738,12.771,12.806,12.838,12.875,12.907,12.941,12.979,13.011,13.053,13.087,13.12,13.165,13.201,13.24,13.273,13.306,13.348,13.391,13.417,13.446,13.484,13.527,13.575,13.613,13.647,13.689,13.743,13.781,13.825,13.869,13.924,13.973,14.015,14.058,14.111,14.173,14.233,14.302,14.352,14.412,14.484,14.545,14.63,14.714,14.813,14.909,15.082,15.271,15.53,15.873,16.864
845,GRN FP,8.724,9.817,10.21,10.428,10.551,10.66,10.742,10.84,10.937,11.02,11.087,11.143,11.193,11.261,11.322,11.386,11.444,11.486,11.537,11.594,11.639,11.693,11.734,11.785,11.834,11.882,11.919,11.964,12.001,12.04,12.073,12.121,12.147,12.189,12.231,12.265,12.312,12.344,12.38,12.407,12.432,12.474,12.506,12.546,12.586,12.61,12.641,12.668,12.7,12.738,12.771,12.806,12.838,12.875,12.907,12.941,12.979,13.011,13.053,13.087,13.12,13.165,13.201,13.24,13.273,13.306,13.348,13.391,13.417,13.446,13.484,13.527,13.575,13.613,13.647,13.689,13.743,13.781,13.825,13.869,13.924,13.973,14.015,14.058,14.111,14.173,14.233,14.302,14.352,14.412,14.484,14.545,14.63,14.714,14.813,14.909,15.082,15.271,15.53,15.873,16.864
846,GRN FP,8.785,9.874,10.175,10.392,10.524,10.633,10.744,10.815,10.892,10.971,11.053,11.126,11.205,11.27,11.341,11.387,11.437,11.495,11.548,11.607,11.661,11.702,11.751,11.788,11.83,11.869,11.913,11.956,12.002,12.044,12.08,12.116,12.145,12.176,12.216,12.254,12.285,12.323,12.359,12.395,12.421,12.455,12.491,12.527,12.553,12.588,12.625,12.662,12.698,12.726,12.76,12.785,12.816,12.853,12.883,12.91,12.94,12.978,13.022,13.055,13.086,13.123,13.162,13.192,13.233,13.263,13.304,13.349,13.391,13.426,13.47,13.513,13.545,13.589,13.636,13.679,13.72,13.771,13.82,13.855,13.898,13.937,13.993,14.037,14.077,14.135,14.191,14.251,14.319,14.374,14.447,14.533,14.619,14.722,14.792,14.889,15.033,15.25,15.486,15.749,16.654
847,GRN FP,8.785,9.874,10.175,10.392,10.524,10.633,10.744,10.815,10.892,10.971,11.053,11.126,11.205,11.27,11.341,11.387,11.437,11.495,11.548,11.607,11.661,11.702,11.751,11.788,11.83,11.869,11.913,11.956,12.002,12.044,12.08,12.116,12.145,12.176,12.216,12.254,12.285,12.323,12.359,12.395,12.421,12.455,12.491,12.527,12.553,12.588,12.625,12.662,12.698,12.726,12.76,12.785,12.816,12.853,12.883,12.91,12.94,12.978,13.022,13.055,13.086,13.123,13.162,13.192,13.233,13.263,13.304,13.349,13.391,13.426,13.47,13.513,13.545,13.589,13.636,13.679,13.72,13.771,13.82,13.855,13.898,13.937,13.993,14.037,14.077,14.135,14.191,14.251,14.319,14.374,14.447,14.533,14.619,14.722,14.792,14.889,15.033,15.25,15.486,15.749,16.654
848,GRN FP,8.774,9.807,10.177,10.389,10.548,10.652,10.767,10.864,10.929,11.012,11.074,11.141,11.208,11.282,11.341,11.405,11.46,11.522,11.59,11.64,11.682,11.718,11.77,11.807,11.859,11.891,11.932,11.962,12.004,12.044,12.094,12.128,12.162,12.203,12.233,12.27,12.303,12.33,12.364,12.395,12.427,12.461,12.496,12.522,12.558,12.588,12.619,12.646,12.675,12.708,12.74,12.765,12.797,12.835,12.875,12.902,12.935,12.981,13.011,13.049,13.082,13.115,13.151,13.18,13.214,13.258,13.299,13.331,13.364,13.39,13.439,13.479,13.519,13.557,13.603,13.647,13.681,13.722,13.77,13.826,13.869,13.917,13.965,14.016,14.061,14.134,14.179,14.233,14.291,14.335,14.38,14.459,14.561,14.649,14.748,14.863,14.972,15.191,15.393,15.719,16.769
849,GRN FP,8.774,9.807,10.177,10.389,10.548,10.652,10.767,10.864,10.929,11.012,11.074,11.141,11.208,11.282,11.341,11.405,11.46,11.522,11.59,11.64,11.682,11.718,11.77,11.807,11.859,11.891,11.932,11.962,12.004,12.044,12.094,12.128,12.162,12.203,12.233,12.27,12.303,12.33,12.364,12.395,12.427,12.461,12.496,12.522,12.558,12.588,12.619,12.646,12.675,12.708,12.74,12.765,12.797,12.835,12.875,12.902,12.935,12.981,13.011,13.049,13.082,13.115,13.151,13.18,13.214,13.258,13.299,13.331,13.364,13.39,13.439,13.479,13.519,13.557,13.603,13.647,13.681,13.722,13.77,13.826,13.869,13.917,13.965,14.016,14.061,14.134,14.179,14.233,14.291,14.335,14.38,14.459,14.561,14.649,14.748,14.863,14.972,15.191,15.393,15.719,16.769
850,GRN FP,8.733,9.953,10.248,10.405,10.537,10.66,10.786,10.894,10.96,11.035,11.111,11.181,11.235,11.297,11.371,11.419,11.481,11.521,11.56,11.606,11.647,11.692,11.737,11.771,11.823,11.868,11.913,11.954,11.997,12.039,12.078,12.117,12.154,12.187,12.224,12.258,12.293,12.33,12.363,12.412,12.448,12.477,12.507,12.535,12.561,12.594,12.621,12.646,12.676,12.709,12.747,12.777,12.804,12.834,12.859,12.891,12.921,12.952,12.985,13.019,13.049,13.08,13.117,13.143,13.171,13.21,13.251,13.282,13.314,13.366,13.413,13.446,13.48,13.518,13.56,13.609,13.65,13.7,13.726,13.768,13.807,13.859,13.927,13.971,14.016,14.071,14.127,14.185,14.234,14.307,14.383,14.447,14.539,14.627,14.737,14.834,14.952,15.089,15.325,15.638,16.449
851,GRN FP,8.733,9.953,10.248,10.405,10.537,10.66,10.786,10.894,10.96,11.035,11.111,11.181,11.235,11.297,11.371,11.419,11.481,11.521,11.56,11.606,11.647,11.692,11.737,11.771,11.823,11.868,11.913,11.954,11.997,12.039,12.078,12.117,12.154,12.187,12.224,12.258,12.293,12.33,12.363,12.412,12.448,12.477,12.507,12.535,12.561,12.594,12.621,12.646,12.676,12.709,12.747,12.777,12.804,12.834,12.859,12.891,12.921,12.952,12.985,13.019,13.049,13.08,13.117,13.143,13.171,13.21,13.251,13.282,13.314,13.366,13.413,13.446,13.48,13.518,13.56,13.609,13.65,13.7,13.726,13.768,13.807,13.859,13.927,13.971,14.016,14.071,14.127,14.185,14.234,14.307,14.383,14.447,14.539,14.627,14.737,14.834,14.952,15.089,15.325,15.638,16.449
852,GRN FP,8.83,9.961,10.271,10.418,10.549,10.661,10.783,10.883,10.971,11.073,11.137,11.207,11.284,11.344,11.395,11.439,11.481,11.519,11.559,11.61,11.657,11.7,11.75,11.798,11.823,11.86,11.91,11.94,11.981,12.019,12.06,12.101,12.135,12.181,12.214,12.25,12.283,12.315,12.348,12.387,12.423,12.452,12.477,12.513,12.538,12.563,12.6,12.629,12.659,12.684,12.715,12.743,12.775,12.808,12.832,12.869,12.903,12.935,12.967,12.998,13.021,13.049,13.08,13.126,13.159,13.193,13.236,13.27,13.305,13.342,13.384,13.42,13.461,13.501,13.541,13.579,13.622,13.655,13.705,13.764,13.809,13.85,13.889,13.947,13.987,14.045,14.095,14.152,14.214,14.284,14.343,14.424,14.485,14.577,14.667,14.774,14.892,15.035,15.209,15.645,16.466
853,GRN FP,8.83,9.961,10.271,10.418,10.549,10.661,10.783,10.883,10.971,11.073,11.137,11.207,11.284,11.344,11.395,11.439,11.481,11.519,11.559,11.61,11.657,11.7,11.75,11.798,11.823,11.86,11.91,11.94,11.981,12.019,12.06,12.101,12.135,12.181,12.214,12.25,12.283,12.315,12.348,12.387,12.423,12.452,12.477,12.513,12.538,12.563,12.6,12.629,12.659,12.684,12.715,12.743,12.775,12.808,12.832,12.869,12.903,12.935,12.967,12.998,13.021,13.049,13.08,13.126,13.159,13.193,13.236,13.27,13.305,13.342,13.384,13.42,13.461,13.501,13.541,13.579,13.622,13.655,13.705,13.764,13.809,13.85,13.889,13.947,13.987,14.045,14.095,14.152,14.214,14.284,14.343,14.424,14.485,14.577,14.667,14.774,14.892,15.035,15.209,15.645,16.466
854,GRN FP,8.919,9.939,10.27,10.48,10.618,10.725,10.811,10.91,10.981,11.052,11.131,11.196,11.252,11.327,11.383,11.455,11.495,11.531,11.575,11.621,11.668,11.71,11.751,11.789,11.825,11.859,11.905,11.938,11.981,12.029,12.061,12.094,12.129,12.176,12.206,12.24,12.267,12.299,12.33,12.359,12.393,12.421,12.461,12.488,12.513,12.537,12.57,12.608,12.644,12.675,12.711,12.736,12.767,12.808,12.843,12.872,12.902,12.943,12.977,13.009,13.03,13.065,13.09,13.118,13.149,13.195,13.222,13.262,13.301,13.336,13.371,13.413,13.443,13.479,13.51,13.55,13.59,13.623,13.658,13.704,13.743,13.793,13.848,13.9,13.959,14.002,14.049,14.101,14.158,14.216,14.295,14.362,14.445,14.542,14.631,14.743,14.85,15.017,15.248,15.604,16.386
855,GRN FP,8.919,9.939,10.27,10.48,10.618,10.725,10.811,10.91,10.981,11.052,11.131,11.196,11.252,11.327,11.383,11.455,11.495,11.531,11.575,11.621,11.668,11.71,11.751,11.789,11.825,11.859,11.905,11.938,11.981,12.029,12.061,12.094,12.129,12.176,12.206,12.24,12.267,12.299,12.33,12.359,12.393,12.421,12.461,12.488,12.513,12.537,12.57,12.608,12.644,12.675,12.711,12.736,12.767,12.808,12.843,12.872,12.902,12.943,12.977,13.009,13.03,13.065,13.09,13.118,13.149,13.195,13.222,13.262,13.301,13.336,13.371,13.413,13.443,13.479,13.51,13.55,13.59,13.623,13.658,13.704,13.743,13.793,13.848,13.9,13.959,14.002,14.049,14.101,14.158,14.216,14.295,14.362,14.445,14.542,14.631,14.743,14.85,15.017,15.248,15.604,16.386
856,GRN FP,9.094,9.938,10.288,10.444,10.606,10.728,10.827,10.928,10.993,11.071,11.15,11.221,11.276,11.341,11.403,11.452,11.496,11.544,11.59,11.641,11.685,11.722,11.761,11.804,11.843,11.882,11.924,11.958,11.987,12.018,12.062,12.102,12.134,12.159,12.193,12.229,12.26,12.291,12.319,12.357,12.389,12.412,12.454,12.489,12.526,12.556,12.589,12.621,12.644,12.681,12.711,12.749,12.775,12.804,12.837,12.868,12.896,12.93,12.963,12.99,13.018,13.06,13.093,13.117,13.135,13.178,13.208,13.247,13.277,13.309,13.35,13.381,13.41,13.443,13.481,13.515,13.557,13.588,13.631,13.676,13.728,13.79,13.834,13.877,13.91,13.96,14.009,14.068,14.117,14.184,14.249,14.316,14.396,14.481,14.575,14.68,14.799,14.964,15.139,15.462,16.302
857,GRN FP,9.094,9.938,10.288,10.444,10.606,10.728,10.827,10.928,10.993,11.071,11.15,11.221,11.276,11.341,11.403,11.452,11.496,11.544,11.59,11.641,11.685,11.722,11.761,11.804,11.843,11.882,11.924,11.958,11.987,12.018,12.062,12.102,12.134,12.159,12.193,12.229,12.26,12.291,12.319,12.357,12.389,12.412,12.454,12.489,12.526,12.556,12.589,12.621,12.644,12.681,12.711,12.749,12.775,12.804,12.837,12.868,12.896,12.93,12.963,12.99,13.018,13.06,13.093,13.117,13.135,13.178,13.208,13.247,13.277,13.309,13.35,13.381,13.41,13.443,13.481,13.515,13.557,13.588,13.631,13.676,13.728,13.79,13.834,13.877,13.91,13.96,14.009,14.068,14.117,14.184,14.249,14.316,14.396,14.481,14.575,14.68,14.799,14.964,15.139,15.462,16.302
858,GRN FP,8.736,10.01,10.3,10.472,10.605,10.737,10.843,10.929,11.043,11.11,11.191,11.251,11.308,11.369,11.419,11.467,11.509,11.555,11.589,11.639,11.688,11.722,11.753,11.793,11.844,11.883,11.92,11.96,12.005,12.041,12.082,12.11,12.145,12.185,12.215,12.255,12.283,12.326,12.346,12.377,12.409,12.431,12.463,12.504,12.531,12.561,12.59,12.625,12.651,12.681,12.713,12.737,12.766,12.802,12.84,12.862,12.891,12.923,12.949,12.973,13.0,13.025,13.054,13.086,13.113,13.152,13.181,13.211,13.249,13.276,13.308,13.348,13.377,13.417,13.451,13.487,13.518,13.562,13.604,13.645,13.69,13.727,13.762,13.813,13.868,13.914,13.992,14.044,14.117,14.167,14.238,14.291,14.369,14.459,14.547,14.604,14.731,14.906,15.114,15.408,16.346
859,GRN FP,8.736,10.01,10.3,10.472,10.605,10.737,10.843,10.929,11.043,11.11,11.191,11.251,11.308,11.369,11.419,11.467,11.509,11.555,11.589,11.639,11.688,11.722,11.753,11.793,11.844,11.883,11.92,11.96,12.005,12.041,12.082,12.11,12.145,12.185,12.215,12.255,12.283,12.326,12.346,12.377,12.409,12.431,12.463,12.504,12.531,12.561,12.59,12.625,12.651,12.681,12.713,12.737,12.766,12.802,12.84,12.862,12.891,12.923,12.949,12.973,13.0,13.025,13.054,13.086,13.113,13.152,13.181,13.211,13.249,13.276,13.308,13.348,13.377,13.417,13.451,13.487,13.518,13.562,13.604,13.645,13.69,13.727,13.762,13.813,13.868,13.914,13.992,14.044,14.117,14.167,14.238,14.291,14.369,14.459,14.547,14.604,14.731,14.906,15.114,15.408,16.346
860,GRN FP,9.019,10.051,10.332,10.567,10.668,10.773,10.878,10.971,11.048,11.142,11.203,11.26,11.335,11.38,11.425,11.472,11.521,11.568,11.617,11.666,11.71,11.747,11.792,11.818,11.86,11.899,11.933,11.965,12.012,12.046,12.087,12.118,12.156,12.196,12.225,12.258,12.278,12.307,12.342,12.368,12.393,12.427,12.462,12.488,12.518,12.547,12.578,12.596,12.625,12.652,12.678,12.716,12.758,12.786,12.814,12.85,12.878,12.904,12.936,12.965,12.992,13.029,13.062,13.092,13.12,13.155,13.175,13.204,13.237,13.27,13.304,13.332,13.377,13.403,13.438,13.487,13.52,13.556,13.598,13.635,13.672,13.726,13.772,13.812,13.857,13.903,13.953,14.007,14.05,14.109,14.165,14.247,14.314,14.421,14.5,14.586,14.703,14.821,14.966,15.402,16.028
861,GRN FP,9.019,10.051,10.332,10.567,10.668,10.773,10.878,10.971,11.048,11.142,11.203,11.26,11.335,11.38,11.425,11.472,11.521,11.568,11.617,11.666,11.71,11.747,11.792,11.818,11.86,11.899,11.933,11.965,12.012,12.046,12.087,12.118,12.156,12.196,12.225,12.258,12.278,12.307,12.342,12.368,12.393,12.427,12.462,12.488,12.518,12.547,12.578,12.596,12.625,12.652,12.678,12.716,12.758,12.786,12.814,12.85,12.878,12.904,12.936,12.965,12.992,13.029,13.062,13.092,13.12,13.155,13.175,13.204,13.237,13.27,13.304,13.332,13.377,13.403,13.438,13.487,13.52,13.556,13.598,13.635,13.672,13.726,13.772,13.812,13.857,13.903,13.953,14.007,14.05,14.109,14.165,14.247,14.314,14.421,14.5,14.586,14.703,14.821,14.966,15.402,16.028
862,GRN FP,9.299,10.124,10.387,10.569,10.72,10.809,10.919,11.023,11.097,11.164,11.238,11.315,11.361,11.432,11.48,11.529,11.583,11.618,11.657,11.704,11.746,11.787,11.813,11.85,11.886,11.917,11.953,11.999,12.03,12.06,12.091,12.119,12.155,12.185,12.223,12.258,12.286,12.322,12.352,12.378,12.406,12.439,12.464,12.493,12.516,12.538,12.57,12.593,12.623,12.655,12.677,12.707,12.733,12.759,12.789,12.812,12.841,12.873,12.908,12.933,12.963,12.997,13.029,13.061,13.092,13.117,13.143,13.173,13.198,13.233,13.261,13.291,13.327,13.356,13.384,13.419,13.456,13.493,13.546,13.582,13.624,13.67,13.715,13.761,13.804,13.854,13.897,13.961,14.033,14.101,14.151,14.205,14.281,14.362,14.455,14.537,14.653,14.808,15.018,15.249,15.982
863,GRN FP,9.299,10.124,10.387,10.569,10.72,10.809,10.919,11.023,11.097,11.164,11.238,11.315,11.361,11.432,11.48,11.529,11.583,11.618,11.657,11.704,11.746,11.787,11.813,11.85,11.886,11.917,11.953,11.999,12.03,12.06,12.091,12.119,12.155,12.185,12.223,12.258,12.286,12.322,12.352,12.378,12.406,12.439,12.464,12.493,12.516,12.538,12.57,12.593,12.623,12.655,12.677,12.707,12.733,12.759,12.789,12.812,12.841,12.873,12.908,12.933,12.963,12.997,13.029,13.061,13.092,13.117,13.143,13.173,13.198,13.233,13.261,13.291,13.327,13.356,13.384,13.419,13.456,13.493,13.546,13.582,13.624,13.67,13.715,13.761,13.804,13.854,13.897,13.961,14.033,14.101,14.151,14.205,14.281,14.362,14.455,14.537,14.653,14.808,15.018,15.249,15.982
864,GRN FP,9.395,10.218,10.444,10.625,10.75,10.882,10.973,11.054,11.151,11.217,11.292,11.351,11.418,11.474,11.526,11.572,11.614,11.654,11.69,11.734,11.757,11.788,11.826,11.854,11.893,11.923,11.957,11.996,12.031,12.066,12.095,12.128,12.156,12.184,12.213,12.243,12.271,12.3,12.328,12.359,12.385,12.412,12.44,12.471,12.495,12.521,12.544,12.566,12.59,12.614,12.641,12.674,12.703,12.73,12.76,12.799,12.829,12.857,12.882,12.922,12.951,12.974,12.997,13.034,13.061,13.094,13.13,13.166,13.201,13.232,13.258,13.285,13.32,13.354,13.388,13.42,13.455,13.489,13.525,13.559,13.593,13.636,13.677,13.726,13.766,13.812,13.866,13.909,13.989,14.047,14.102,14.175,14.227,14.301,14.375,14.456,14.555,14.71,14.883,15.154,15.866
865,GRN FP,9.395,10.218,10.444,10.625,10.75,10.882,10.973,11.054,11.151,11.217,11.292,11.351,11.418,11.474,11.526,11.572,11.614,11.654,11.69,11.734,11.757,11.788,11.826,11.854,11.893,11.923,11.957,11.996,12.031,12.066,12.095,12.128,12.156,12.184,12.213,12.243,12.271,12.3,12.328,12.359,12.385,12.412,12.44,12.471,12.495,12.521,12.544,12.566,12.59,12.614,12.641,12.674,12.703,12.73,12.76,12.799,12.829,12.857,12.882,12.922,12.951,12.974,12.997,13.034,13.061,13.094,13.13,13.166,13.201,13.232,13.258,13.285,13.32,13.354,13.388,13.42,13.455,13.489,13.525,13.559,13.593,13.636,13.677,13.726,13.766,13.812,13.866,13.909,13.989,14.047,14.102,14.175,14.227,14.301,14.375,14.456,14.555,14.71,14.883,15.154,15.866
866,GRN FP,9.533,10.212,10.482,10.654,10.81,10.926,11.037,11.113,11.189,11.255,11.321,11.385,11.433,11.483,11.534,11.576,11.611,11.647,11.686,11.725,11.764,11.806,11.842,11.883,11.912,11.948,11.983,12.007,12.044,12.07,12.099,12.132,12.165,12.192,12.215,12.236,12.27,12.293,12.317,12.341,12.374,12.399,12.433,12.457,12.49,12.515,12.553,12.575,12.608,12.631,12.66,12.681,12.704,12.725,12.746,12.773,12.803,12.838,12.858,12.884,12.916,12.939,12.963,12.998,13.032,13.06,13.085,13.117,13.148,13.185,13.214,13.24,13.28,13.306,13.338,13.371,13.407,13.433,13.467,13.503,13.533,13.571,13.621,13.666,13.702,13.738,13.784,13.83,13.892,13.958,14.027,14.093,14.166,14.239,14.324,14.403,14.481,14.596,14.778,15.122,15.738
867,GRN FP,9.533,10.212,10.482,10.654,10.81,10.926,11.037,11.113,11.189,11.255,11.321,11.385,11.433,11.483,11.534,11.576,11.611,11.647,11.686,11.725,11.764,11.806,11.842,11.883,11.912,11.948,11.983,12.007,12.044,12.07,12.099,12.132,12.165,12.192,12.215,12.236,12.27,12.293,12.317,12.341,12.374,12.399,12.433,12.457,12.49,12.515,12.553,12.575,12.608,12.631,12.66,12.681,12.704,12.725,12.746,12.773,12.803,12.838,12.858,12.884,12.916,12.939,12.963,12.998,13.032,13.06,13.085,13.117,13.148,13.185,13.214,13.24,13.28,13.306,13.338,13.371,13.407,13.433,13.467,13.503,13.533,13.571,13.621,13.666,13.702,13.738,13.784,13.83,13.892,13.958,14.027,14.093,14.166,14.239,14.324,14.403,14.481,14.596,14.778,15.122,15.738
868,GRN FP,9.613,10.247,10.566,10.758,10.849,10.987,11.065,11.148,11.235,11.289,11.352,11.406,11.463,11.507,11.555,11.59,11.631,11.682,11.715,11.744,11.794,11.828,11.859,11.891,11.925,11.958,11.985,12.013,12.045,12.08,12.108,12.142,12.169,12.199,12.225,12.254,12.289,12.31,12.331,12.359,12.387,12.407,12.432,12.453,12.474,12.504,12.533,12.559,12.584,12.609,12.629,12.652,12.677,12.698,12.723,12.753,12.786,12.808,12.834,12.861,12.893,12.919,12.944,12.971,12.995,13.02,13.04,13.069,13.096,13.127,13.155,13.181,13.218,13.246,13.276,13.309,13.342,13.372,13.409,13.443,13.492,13.528,13.568,13.597,13.641,13.688,13.736,13.788,13.833,13.881,13.934,13.995,14.054,14.14,14.235,14.321,14.405,14.534,14.686,14.919,15.642
869,GRN FP,9.613,10.247,10.566,10.758,10.849,10.987,11.065,11.148,11.235,11.289,11.352,11.406,11.463,11.507,11.555,11.59,11.631,11.682,11.715,11.744,11.794,11.828,11.859,11.891,11.925,11.958,11.985,12.013,12.045,12.08,12.108,12.142,12.169,12.199,12.225,12.254,12.289,12.31,12.331,12.359,12.387,12.407,12.432,12.453,12.474,12.504,12.533,12.559,12.584,12.609,12.629,12.652,12.677,12.698,12.723,12.753,12.786,12.808,12.834,12.861,12.893,12.919,12.944,12.971,12.995,13.02,13.04,13.069,13.096,13.127,13.155,13.181,13.218,13.246,13.276,13.309,13.342,13.372,13.409,13.443,13.492,13.528,13.568,13.597,13.641,13.688,13.736,13.788,13.833,13.881,13.934,13.995,14.054,14.14,14.235,14.321,14.405,14.534,14.686,14.919,15.642
870,GRN FP,9.695,10.372,10.6,10.839,10.931,11.025,11.135,11.215,11.286,11.348,11.402,11.449,11.498,11.536,11.583,11.625,11.669,11.699,11.745,11.773,11.802,11.832,11.883,11.918,11.941,11.971,12.001,12.029,12.053,12.085,12.113,12.136,12.168,12.197,12.221,12.253,12.274,12.301,12.333,12.362,12.39,12.414,12.442,12.465,12.488,12.512,12.537,12.569,12.59,12.623,12.65,12.672,12.697,12.72,12.742,12.761,12.781,12.803,12.823,12.849,12.876,12.902,12.927,12.953,12.979,13.007,13.033,13.057,13.081,13.106,13.129,13.16,13.19,13.22,13.244,13.271,13.305,13.335,13.366,13.39,13.424,13.451,13.485,13.544,13.587,13.621,13.674,13.714,13.773,13.826,13.889,13.953,14.008,14.066,14.131,14.221,14.354,14.449,14.615,14.879,15.557
871,GRN FP,9.695,10.372,10.6,10.839,10.931,11.025,11.135,11.215,11.286,11.348,11.402,11.449,11.498,11.536,11.583,11.625,11.669,11.699,11.745,11.773,11.802,11.832,11.883,11.918,11.941,11.971,12.001,12.029,12.053,12.085,12.113,12.136,12.168,12.197,12.221,12.253,12.274,12.301,12.333,12.362,12.39,12.414,12.442,12.465,12.488,12.512,12.537,12.569,12.59,12.623,12.65,12.672,12.697,12.72,12.742,12.761,12.781,12.803,12.823,12.849,12.876,12.902,12.927,12.953,12.979,13.007,13.033,13.057,13.081,13.106,13.129,13.16,13.19,13.22,13.244,13.271,13.305,13.335,13.366,13.39,13.424,13.451,13.485,13.544,13.587,13.621,13.674,13.714,13.773,13.826,13.889,13.953,14.008,14.066,14.131,14.221,14.354,14.449,14.615,14.879,15.557
872,GRN FP,9.754,10.428,10.71,10.873,11.009,11.095,11.2,11.258,11.327,11.386,11.443,11.489,11.529,11.562,11.623,11.661,11.694,11.739,11.769,11.804,11.835,11.877,11.906,11.931,11.953,11.974,12.004,12.032,12.058,12.076,12.114,12.138,12.169,12.197,12.226,12.252,12.277,12.301,12.322,12.345,12.372,12.4,12.427,12.454,12.477,12.504,12.544,12.568,12.585,12.604,12.625,12.65,12.672,12.691,12.712,12.733,12.759,12.79,12.814,12.843,12.864,12.885,12.907,12.934,12.954,12.976,13.003,13.026,13.044,13.067,13.103,13.13,13.157,13.183,13.203,13.231,13.266,13.296,13.321,13.348,13.379,13.41,13.444,13.483,13.52,13.56,13.619,13.664,13.703,13.747,13.799,13.861,13.907,13.983,14.071,14.142,14.217,14.327,14.448,14.716,15.354
873,GRN FP,9.754,10.428,10.71,10.873,11.009,11.095,11.2,11.258,11.327,11.386,11.443,11.489,11.529,11.562,11.623,11.661,11.694,11.739,11.769,11.804,11.835,11.877,11.906,11.931,11.953,11.974,12.004,12.032,12.058,12.076,12.114,12.138,12.169,12.197,12.226,12.252,12.277,12.301,12.322,12.345,12.372,12.4,12.427,12.454,12.477,12.504,12.544,12.568,12.585,12.604,12.625,12.65,12.672,12.691,12.712,12.733,12.759,12.79,12.814,12.843,12.864,12.885,12.907,12.934,12.954,12.976,13.003,13.026,13.044,13.067,13.103,13.13,13.157,13.183,13.203,13.231,13.266,13.296,13.321,13.348,13.379,13.41,13.444,13.483,13.52,13.56,13.619,13.664,13.703,13.747,13.799,13.861,13.907,13.983,14.071,14.142,14.217,14.327,14.448,14.716,15.354
874,GRN FP,9.94,10.53,10.801,11.005,11.138,11.216,11.3,11.35,11.405,11.442,11.492,11.542,11.579,11.624,11.666,11.707,11.742,11.777,11.813,11.84,11.873,11.91,11.941,11.972,11.993,12.023,12.056,12.079,12.108,12.127,12.157,12.182,12.207,12.231,12.252,12.277,12.308,12.336,12.358,12.378,12.395,12.417,12.435,12.455,12.482,12.506,12.521,12.54,12.563,12.581,12.598,12.62,12.64,12.662,12.683,12.713,12.737,12.757,12.78,12.8,12.82,12.841,12.872,12.894,12.917,12.938,12.961,12.983,13.01,13.037,13.066,13.09,13.117,13.145,13.183,13.207,13.234,13.262,13.29,13.313,13.341,13.371,13.403,13.431,13.465,13.503,13.549,13.58,13.62,13.666,13.718,13.76,13.827,13.898,13.963,14.05,14.157,14.267,14.404,14.616,15.278
875,GRN FP,9.94,10.53,10.801,11.005,11.138,11.216,11.3,11.35,11.405,11.442,11.492,11.542,11.579,11.624,11.666,11.707,11.742,11.777,11.813,11.84,11.873,11.91,11.941,11.972,11.993,12.023,12.056,12.079,12.108,12.127,12.157,12.182,12.207,12.231,12.252,12.277,12.308,12.336,12.358,12.378,12.395,12.417,12.435,12.455,12.482,12.506,12.521,12.54,12.563,12.581,12.598,12.62,12.64,12.662,12.683,12.713,12.737,12.757,12.78,12.8,12.82,12.841,12.872,12.894,12.917,12.938,12.961,12.983,13.01,13.037,13.066,13.09,13.117,13.145,13.183,13.207,13.234,13.262,13.29,13.313,13.341,13.371,13.403,13.431,13.465,13.503,13.549,13.58,13.62,13.666,13.718,13.76,13.827,13.898,13.963,14.05,14.157,14.267,14.404,14.616,15.278
876,GRN FP,9.983,10.522,10.75,10.946,11.058,11.162,11.239,11.282,11.347,11.411,11.45,11.509,11.554,11.592,11.64,11.669,11.698,11.725,11.751,11.777,11.806,11.837,11.865,11.892,11.916,11.947,11.979,12.003,12.026,12.05,12.079,12.099,12.121,12.153,12.177,12.198,12.223,12.245,12.27,12.291,12.307,12.33,12.355,12.374,12.396,12.425,12.448,12.47,12.493,12.517,12.538,12.557,12.578,12.598,12.616,12.643,12.667,12.691,12.715,12.739,12.762,12.785,12.809,12.828,12.845,12.861,12.888,12.913,12.94,12.958,12.98,13.004,13.037,13.062,13.088,13.11,13.134,13.168,13.199,13.229,13.26,13.295,13.329,13.361,13.382,13.417,13.445,13.491,13.541,13.588,13.633,13.67,13.718,13.778,13.859,13.945,14.039,14.169,14.264,14.476,15.234
877,GRN FP,9.983,10.522,10.75,10.946,11.058,11.162,11.239,11.282,11.347,11.411,11.45,11.509,11.554,11.592,11.64,11.669,11.698,11.725,11.751,11.777,11.806,11.837,11.865,11.892,11.916,11.947,11.979,12.003,12.026,12.05,12.079,12.099,12.121,12.153,12.177,12.198,12.223,12.245,12.27,12.291,12.307,12.33,12.355,12.374,12.396,12.425,12.448,12.47,12.493,12.517,12.538,12.557,12.578,12.598,12.616,12.643,12.667,12.691,12.715,12.739,12.762,12.785,12.809,12.828,12.845,12.861,12.888,12.913,12.94,12.958,12.98,13.004,13.037,13.062,13.088,13.11,13.134,13.168,13.199,13.229,13.26,13.295,13.329,13.361,13.382,13.417,13.445,13.491,13.541,13.588,13.633,13.67,13.718,13.778,13.859,13.945,14.039,14.169,14.264,14.476,15.234
878,GRN FP,9.902,10.459,10.71,10.834,10.97,11.036,11.105,11.188,11.259,11.325,11.382,11.426,11.458,11.51,11.553,11.593,11.621,11.671,11.709,11.742,11.772,11.816,11.841,11.868,11.893,11.923,11.948,11.975,12.004,12.03,12.064,12.087,12.107,12.129,12.152,12.175,12.198,12.22,12.242,12.266,12.289,12.311,12.331,12.353,12.373,12.396,12.422,12.445,12.467,12.489,12.509,12.529,12.55,12.571,12.6,12.617,12.641,12.667,12.694,12.724,12.75,12.772,12.802,12.817,12.839,12.865,12.886,12.917,12.937,12.962,12.983,13.008,13.04,13.068,13.097,13.124,13.155,13.184,13.209,13.241,13.272,13.3,13.34,13.378,13.405,13.447,13.481,13.529,13.561,13.612,13.66,13.713,13.772,13.845,13.914,13.98,14.061,14.169,14.335,14.534,15.146
879,GRN FP,9.902,10.459,10.71,10.834,10.97,11.036,11.105,11.188,11.259,11.325,11.382,11.426,11.458,11.51,11.553,11.593,11.621,11.671,11.709,11.742,11.772,11.816,11.841,11.868,11.893,11.923,11.948,11.975,12.004,12.03,12.064,12.087,12.107,12.129,12.152,12.175,12.198,12.22,12.242,12.266,12.289,12.311,12.331,12.353,12.373,12.396,12.422,12.445,12.467,12.489,12.509,12.529,12.55,12.571,12.6,12.617,12.641,12.667,12.694,12.724,12.75,12.772,12.802,12.817,12.839,12.865,12.886,12.917,12.937,12.962,12.983,13.008,13.04,13.068,13.097,13.124,13.155,13.184,13.209,13.241,13.272,13.3,13.34,13.378,13.405,13.447,13.481,13.529,13.561,13.612,13.66,13.713,13.772,13.845,13.914,13.98,14.061,14.169,14.335,14.534,15.146
880,GRN FP,9.886,10.35,10.594,10.772,10.887,10.998,11.066,11.147,11.21,11.258,11.317,11.361,11.399,11.458,11.496,11.534,11.572,11.615,11.652,11.677,11.713,11.751,11.775,11.807,11.851,11.886,11.911,11.939,11.969,12.0,12.025,12.051,12.078,12.106,12.126,12.158,12.175,12.197,12.215,12.245,12.266,12.289,12.312,12.335,12.352,12.367,12.397,12.418,12.44,12.465,12.487,12.51,12.529,12.555,12.575,12.599,12.622,12.653,12.675,12.702,12.73,12.752,12.777,12.801,12.821,12.851,12.876,12.901,12.93,12.956,12.986,13.016,13.04,13.073,13.099,13.125,13.161,13.183,13.212,13.247,13.28,13.316,13.357,13.395,13.439,13.466,13.514,13.557,13.604,13.657,13.702,13.765,13.83,13.869,13.923,13.988,14.102,14.243,14.374,14.628,15.298
881,GRN FP,9.886,10.35,10.594,10.772,10.887,10.998,11.066,11.147,11.21,11.258,11.317,11.361,11.399,11.458,11.496,11.534,11.572,11.615,11.652,11.677,11.713,11.751,11.775,11.807,11.851,11.886,11.911,11.939,11.969,12.0,12.025,12.051,12.078,12.106,12.126,12.158,12.175,12.197,12.215,12.245,12.266,12.289,12.312,12.335,12.352,12.367,12.397,12.418,12.44,12.465,12.487,12.51,12.529,12.555,12.575,12.599,12.622,12.653,12.675,12.702,12.73,12.752,12.777,12.801,12.821,12.851,12.876,12.901,12.93,12.956,12.986,13.016,13.04,13.073,13.099,13.125,13.161,13.183,13.212,13.247,13.28,13.316,13.357,13.395,13.439,13.466,13.514,13.557,13.604,13.657,13.702,13.765,13.83,13.869,13.923,13.988,14.102,14.243,14.374,14.628,15.298
882,GRN FP,9.61,10.307,10.56,10.695,10.787,10.906,10.99,11.082,11.16,11.23,11.287,11.34,11.38,11.414,11.446,11.486,11.527,11.57,11.604,11.642,11.67,11.698,11.747,11.782,11.818,11.845,11.875,11.899,11.929,11.959,11.98,12.006,12.037,12.063,12.087,12.113,12.142,12.168,12.189,12.212,12.242,12.269,12.296,12.324,12.352,12.375,12.403,12.425,12.452,12.467,12.486,12.505,12.532,12.554,12.578,12.603,12.624,12.654,12.673,12.697,12.718,12.742,12.762,12.786,12.816,12.839,12.86,12.888,12.915,12.944,12.975,13.007,13.042,13.07,13.105,13.135,13.172,13.208,13.242,13.273,13.302,13.332,13.376,13.403,13.452,13.492,13.535,13.576,13.619,13.668,13.721,13.777,13.843,13.9,13.979,14.051,14.168,14.255,14.397,14.693,15.429
883,GRN FP,9.61,10.307,10.56,10.695,10.787,10.906,10.99,11.082,11.16,11.23,11.287,11.34,11.38,11.414,11.446,11.486,11.527,11.57,11.604,11.642,11.67,11.698,11.747,11.782,11.818,11.845,11.875,11.899,11.929,11.959,11.98,12.006,12.037,12.063,12.087,12.113,12.142,12.168,12.189,12.212,12.242,12.269,12.296,12.324,12.352,12.375,12.403,12.425,12.452,12.467,12.486,12.505,12.532,12.554,12.578,12.603,12.624,12.654,12.673,12.697,12.718,12.742,12.762,12.786,12.816,12.839,12.86,12.888,12.915,12.944,12.975,13.007,13.042,13.07,13.105,13.135,13.172,13.208,13.242,13.273,13.302,13.332,13.376,13.403,13.452,13.492,13.535,13.576,13.619,13.668,13.721,13.777,13.843,13.9,13.979,14.051,14.168,14.255,14.397,14.693,15.429
884,GRN FP,9.6,10.265,10.518,10.679,10.792,10.874,10.99,11.079,11.131,11.182,11.232,11.292,11.341,11.383,11.426,11.464,11.508,11.544,11.582,11.628,11.662,11.709,11.741,11.774,11.805,11.84,11.864,11.886,11.914,11.94,11.957,11.985,12.016,12.046,12.066,12.096,12.118,12.152,12.179,12.198,12.227,12.255,12.282,12.314,12.337,12.365,12.389,12.41,12.433,12.46,12.482,12.508,12.531,12.555,12.576,12.599,12.629,12.655,12.68,12.699,12.723,12.746,12.763,12.787,12.821,12.846,12.864,12.884,12.914,12.941,12.974,13.007,13.041,13.066,13.096,13.128,13.172,13.198,13.231,13.266,13.296,13.319,13.361,13.399,13.43,13.475,13.515,13.557,13.604,13.65,13.702,13.75,13.824,13.894,13.963,14.074,14.172,14.293,14.446,14.751,15.34
885,GRN FP,9.6,10.265,10.518,10.679,10.792,10.874,10.99,11.079,11.131,11.182,11.232,11.292,11.341,11.383,11.426,11.464,11.508,11.544,11.582,11.628,11.662,11.709,11.741,11.774,11.805,11.84,11.864,11.886,11.914,11.94,11.957,11.985,12.016,12.046,12.066,12.096,12.118,12.152,12.179,12.198,12.227,12.255,12.282,12.314,12.337,12.365,12.389,12.41,12.433,12.46,12.482,12.508,12.531,12.555,12.576,12.599,12.629,12.655,12.68,12.699,12.723,12.746,12.763,12.787,12.821,12.846,12.864,12.884,12.914,12.941,12.974,13.007,13.041,13.066,13.096,13.128,13.172,13.198,13.231,13.266,13.296,13.319,13.361,13.399,13.43,13.475,13.515,13.557,13.604,13.65,13.702,13.75,13.824,13.894,13.963,14.074,14.172,14.293,14.446,14.751,15.34
886,GRN FP,9.391,10.093,10.449,10.606,10.741,10.833,10.895,10.985,11.058,11.131,11.168,11.235,11.293,11.333,11.394,11.437,11.468,11.494,11.531,11.582,11.625,11.658,11.692,11.721,11.752,11.783,11.812,11.849,11.884,11.915,11.949,11.982,12.007,12.032,12.067,12.094,12.123,12.146,12.173,12.203,12.232,12.255,12.281,12.297,12.319,12.351,12.376,12.405,12.425,12.444,12.473,12.492,12.528,12.553,12.57,12.594,12.632,12.658,12.677,12.705,12.73,12.749,12.775,12.802,12.829,12.851,12.883,12.923,12.948,12.975,13.002,13.027,13.049,13.076,13.101,13.127,13.168,13.205,13.236,13.255,13.29,13.329,13.368,13.404,13.432,13.478,13.526,13.576,13.625,13.66,13.716,13.778,13.86,13.917,13.983,14.077,14.205,14.315,14.498,14.763,15.384
887,GRN FP,9.391,10.093,10.449,10.606,10.741,10.833,10.895,10.985,11.058,11.131,11.168,11.235,11.293,11.333,11.394,11.437,11.468,11.494,11.531,11.582,11.625,11.658,11.692,11.721,11.752,11.783,11.812,11.849,11.884,11.915,11.949,11.982,12.007,12.032,12.067,12.094,12.123,12.146,12.173,12.203,12.232,12.255,12.281,12.297,12.319,12.351,12.376,12.405,12.425,12.444,12.473,12.492,12.528,12.553,12.57,12.594,12.632,12.658,12.677,12.705,12.73,12.749,12.775,12.802,12.829,12.851,12.883,12.923,12.948,12.975,13.002,13.027,13.049,13.076,13.101,13.127,13.168,13.205,13.236,13.255,13.29,13.329,13.368,13.404,13.432,13.478,13.526,13.576,13.625,13.66,13.716,13.778,13.86,13.917,13.983,14.077,14.205,14.315,14.498,14.763,15.384
888,GRN FP,9.237,10.17,10.426,10.583,10.697,10.775,10.874,10.954,11.0,11.061,11.123,11.187,11.249,11.309,11.353,11.393,11.445,11.485,11.526,11.572,11.609,11.643,11.685,11.718,11.747,11.783,11.811,11.841,11.874,11.911,11.942,11.975,12.002,12.029,12.062,12.087,12.111,12.147,12.171,12.194,12.223,12.245,12.276,12.296,12.323,12.346,12.366,12.388,12.409,12.442,12.462,12.488,12.513,12.534,12.556,12.579,12.599,12.631,12.662,12.689,12.717,12.738,12.762,12.786,12.814,12.843,12.869,12.893,12.921,12.946,12.977,13.003,13.032,13.06,13.085,13.116,13.154,13.194,13.223,13.251,13.278,13.327,13.371,13.417,13.458,13.495,13.528,13.579,13.619,13.668,13.719,13.773,13.849,13.915,13.993,14.073,14.194,14.323,14.501,14.782,15.429
889,GRN FP,9.237,10.17,10.426,10.583,10.697,10.775,10.874,10.954,11.0,11.061,11.123,11.187,11.249,11.309,11.353,11.393,11.445,11.485,11.526,11.572,11.609,11.643,11.685,11.718,11.747,11.783,11.811,11.841,11.874,11.911,11.942,11.975,12.002,12.029,12.062,12.087,12.111,12.147,12.171,12.194,12.223,12.245,12.276,12.296,12.323,12.346,12.366,12.388,12.409,12.442,12.462,12.488,12.513,12.534,12.556,12.579,12.599,12.631,12.662,12.689,12.717,12.738,12.762,12.786,12.814,12.843,12.869,12.893,12.921,12.946,12.977,13.003,13.032,13.06,13.085,13.116,13.154,13.194,13.223,13.251,13.278,13.327,13.371,13.417,13.458,13.495,13.528,13.579,13.619,13.668,13.719,13.773,13.849,13.915,13.993,14.073,14.194,14.323,14.501,14.782,15.429
890,GRN FP,9.452,10.062,10.37,10.506,10.627,10.731,10.831,10.91,10.976,11.054,11.114,11.168,11.225,11.283,11.345,11.387,11.428,11.476,11.52,11.55,11.59,11.627,11.662,11.699,11.733,11.768,11.802,11.839,11.875,11.903,11.933,11.971,11.996,12.024,12.048,12.079,12.099,12.125,12.151,12.175,12.197,12.223,12.249,12.273,12.304,12.33,12.357,12.384,12.409,12.438,12.463,12.487,12.509,12.535,12.564,12.589,12.615,12.646,12.672,12.688,12.712,12.741,12.767,12.793,12.825,12.856,12.884,12.908,12.938,12.961,12.983,13.011,13.04,13.07,13.101,13.13,13.163,13.201,13.24,13.263,13.293,13.339,13.382,13.419,13.458,13.497,13.537,13.583,13.649,13.696,13.749,13.786,13.849,13.92,13.994,14.084,14.176,14.25,14.446,14.671,15.334
891,GRN FP,9.452,10.062,10.37,10.506,10.627,10.731,10.831,10.91,10.976,11.054,11.114,11.168,11.225,11.283,11.345,11.387,11.428,11.476,11.52,11.55,11.59,11.627,11.662,11.699,11.733,11.768,11.802,11.839,11.875,11.903,11.933,11.971,11.996,12.024,12.048,12.079,12.099,12.125,12.151,12.175,12.197,12.223,12.249,12.273,12.304,12.33,12.357,12.384,12.409,12.438,12.463,12.487,12.509,12.535,12.564,12.589,12.615,12.646,12.672,12.688,12.712,12.741,12.767,12.793,12.825,12.856,12.884,12.908,12.938,12.961,12.983,13.011,13.04,13.07,13.101,13.13,13.163,13.201,13.24,13.263,13.293,13.339,13.382,13.419,13.458,13.497,13.537,13.583,13.649,13.696,13.749,13.786,13.849,13.92,13.994,14.084,14.176,14.25,14.446,14.671,15.334
892,GRN FP,9.558,10.098,10.33,10.475,10.628,10.735,10.837,10.913,10.982,11.037,11.104,11.165,11.227,11.271,11.333,11.386,11.426,11.458,11.512,11.55,11.579,11.615,11.648,11.683,11.717,11.765,11.791,11.821,11.855,11.896,11.92,11.951,11.984,12.009,12.041,12.071,12.101,12.121,12.148,12.176,12.203,12.227,12.252,12.282,12.31,12.332,12.354,12.38,12.408,12.434,12.464,12.492,12.516,12.537,12.556,12.584,12.609,12.636,12.655,12.683,12.705,12.726,12.754,12.781,12.814,12.837,12.867,12.891,12.919,12.947,12.972,13.0,13.023,13.053,13.084,13.116,13.147,13.18,13.218,13.251,13.282,13.314,13.354,13.39,13.428,13.469,13.526,13.565,13.618,13.665,13.73,13.787,13.85,13.91,13.97,14.05,14.147,14.256,14.481,14.7,15.2
893,GRN FP,9.558,10.098,10.33,10.475,10.628,10.735,10.837,10.913,10.982,11.037,11.104,11.165,11.227,11.271,11.333,11.386,11.426,11.458,11.512,11.55,11.579,11.615,11.648,11.683,11.717,11.765,11.791,11.821,11.855,11.896,11.92,11.951,11.984,12.009,12.041,12.071,12.101,12.121,12.148,12.176,12.203,12.227,12.252,12.282,12.31,12.332,12.354,12.38,12.408,12.434,12.464,12.492,12.516,12.537,12.556,12.584,12.609,12.636,12.655,12.683,12.705,12.726,12.754,12.781,12.814,12.837,12.867,12.891,12.919,12.947,12.972,13.0,13.023,13.053,13.084,13.116,13.147,13.18,13.218,13.251,13.282,13.314,13.354,13.39,13.428,13.469,13.526,13.565,13.618,13.665,13.73,13.787,13.85,13.91,13.97,14.05,14.147,14.256,14.481,14.7,15.2
894,GRN FP,9.369,10.085,10.315,10.475,10.604,10.726,10.81,10.879,10.952,11.011,11.073,11.138,11.181,11.246,11.317,11.374,11.416,11.449,11.492,11.53,11.573,11.614,11.653,11.693,11.725,11.763,11.794,11.819,11.853,11.885,11.906,11.935,11.963,11.994,12.014,12.039,12.058,12.091,12.124,12.151,12.183,12.215,12.249,12.276,12.304,12.323,12.349,12.374,12.399,12.43,12.444,12.476,12.499,12.522,12.547,12.565,12.594,12.617,12.641,12.666,12.694,12.724,12.754,12.776,12.803,12.831,12.858,12.891,12.925,12.951,12.971,12.998,13.041,13.063,13.097,13.132,13.155,13.19,13.213,13.242,13.277,13.326,13.372,13.402,13.436,13.492,13.535,13.584,13.629,13.678,13.723,13.793,13.868,13.955,14.028,14.123,14.202,14.311,14.467,14.746,15.312
895,GRN FP,9.369,10.085,10.315,10.475,10.604,10.726,10.81,10.879,10.952,11.011,11.073,11.138,11.181,11.246,11.317,11.374,11.416,11.449,11.492,11.53,11.573,11.614,11.653,11.693,11.725,11.763,11.794,11.819,11.853,11.885,11.906,11.935,11.963,11.994,12.014,12.039,12.058,12.091,12.124,12.151,12.183,12.215,12.249,12.276,12.304,12.323,12.349,12.374,12.399,12.43,12.444,12.476,12.499,12.522,12.547,12.565,12.594,12.617,12.641,12.666,12.694,12.724,12.754,12.776,12.803,12.831,12.858,12.891,12.925,12.951,12.971,12.998,13.041,13.063,13.097,13.132,13.155,13.19,13.213,13.242,13.277,13.326,13.372,13.402,13.436,13.492,13.535,13.584,13.629,13.678,13.723,13.793,13.868,13.955,14.028,14.123,14.202,14.311,14.467,14.746,15.312
896,GRN FP,9.293,10.106,10.361,10.522,10.65,10.735,10.818,10.89,10.967,11.01,11.074,11.143,11.205,11.243,11.302,11.369,11.423,11.466,11.504,11.545,11.576,11.604,11.629,11.66,11.701,11.738,11.767,11.8,11.825,11.857,11.883,11.919,11.951,11.987,12.01,12.037,12.056,12.082,12.105,12.135,12.166,12.192,12.216,12.239,12.266,12.288,12.313,12.337,12.361,12.389,12.418,12.451,12.477,12.504,12.526,12.55,12.574,12.603,12.621,12.647,12.67,12.699,12.718,12.744,12.768,12.796,12.831,12.855,12.88,12.906,12.933,12.968,12.992,13.02,13.049,13.083,13.113,13.143,13.176,13.224,13.252,13.297,13.339,13.379,13.415,13.477,13.53,13.574,13.636,13.672,13.732,13.806,13.853,13.926,14.012,14.099,14.205,14.32,14.469,14.764,15.286
897,GRN FP,9.293,10.106,10.361,10.522,10.65,10.735,10.818,10.89,10.967,11.01,11.074,11.143,11.205,11.243,11.302,11.369,11.423,11.466,11.504,11.545,11.576,11.604,11.629,11.66,11.701,11.738,11.767,11.8,11.825,11.857,11.883,11.919,11.951,11.987,12.01,12.037,12.056,12.082,12.105,12.135,12.166,12.192,12.216,12.239,12.266,12.288,12.313,12.337,12.361,12.389,12.418,12.451,12.477,12.504,12.526,12.55,12.574,12.603,12.621,12.647,12.67,12.699,12.718,12.744,12.768,12.796,12.831,12.855,12.88,12.906,12.933,12.968,12.992,13.02,13.049,13.083,13.113,13.143,13.176,13.224,13.252,13.297,13.339,13.379,13.415,13.477,13.53,13.574,13.636,13.672,13.732,13.806,13.853,13.926,14.012,14.099,14.205,14.32,14.469,14.764,15.286
898,GRN FP,9.334,10.147,10.38,10.532,10.669,10.74,10.82,10.908,10.968,11.031,11.096,11.15,11.198,11.252,11.301,11.352,11.393,11.431,11.473,11.504,11.546,11.587,11.622,11.649,11.681,11.721,11.751,11.783,11.811,11.847,11.875,11.905,11.936,11.965,12.0,12.024,12.05,12.079,12.103,12.122,12.147,12.181,12.213,12.241,12.264,12.288,12.307,12.338,12.358,12.383,12.403,12.426,12.449,12.472,12.489,12.511,12.536,12.565,12.594,12.626,12.652,12.679,12.712,12.738,12.765,12.781,12.806,12.831,12.861,12.887,12.915,12.946,12.98,13.019,13.051,13.095,13.119,13.149,13.174,13.202,13.236,13.281,13.318,13.358,13.394,13.432,13.476,13.519,13.576,13.645,13.726,13.779,13.863,13.928,13.999,14.078,14.184,14.284,14.452,14.723,15.499
899,GRN FP,9.334,10.147,10.38,10.532,10.669,10.74,10.82,10.908,10.968,11.031,11.096,11.15,11.198,11.252,11.301,11.352,11.393,11.431,11.473,11.504,11.546,11.587,11.622,11.649,11.681,11.721,11.751,11.783,11.811,11.847,11.875,11.905,11.936,11.965,12.0,12.024,12.05,12.079,12.103,12.122,12.147,12.181,12.213,12.241,12.264,12.288,12.307,12.338,12.358,12.383,12.403,12.426,12.449,12.472,12.489,12.511,12.536,12.565,12.594,12.626,12.652,12.679,12.712,12.738,12.765,12.781,12.806,12.831,12.861,12.887,12.915,12.946,12.98,13.019,13.051,13.095,13.119,13.149,13.174,13.202,13.236,13.281,13.318,13.358,13.394,13.432,13.476,13.519,13.576,13.645,13.726,13.779,13.863,13.928,13.999,14.078,14.184,14.284,14.452,14.723,15.499
900,GRN FP,9.363,10.158,10.399,10.525,10.654,10.746,10.839,10.919,10.987,11.049,11.122,11.17,11.217,11.266,11.309,11.348,11.384,11.435,11.477,11.515,11.553,11.596,11.623,11.655,11.688,11.719,11.744,11.788,11.813,11.837,11.863,11.887,11.914,11.938,11.964,12.001,12.029,12.06,12.084,12.102,12.129,12.155,12.182,12.205,12.23,12.261,12.292,12.316,12.339,12.362,12.389,12.409,12.432,12.454,12.476,12.502,12.523,12.546,12.569,12.596,12.617,12.64,12.665,12.69,12.722,12.748,12.767,12.795,12.828,12.866,12.905,12.938,12.962,12.992,13.024,13.058,13.093,13.127,13.162,13.202,13.233,13.261,13.299,13.35,13.395,13.427,13.482,13.537,13.588,13.633,13.683,13.745,13.796,13.875,13.979,14.052,14.123,14.246,14.407,14.722,15.349
901,GRN FP,9.363,10.158,10.399,10.525,10.654,10.746,10.839,10.919,10.987,11.049,11.122,11.17,11.217,11.266,11.309,11.348,11.384,11.435,11.477,11.515,11.553,11.596,11.623,11.655,11.688,11.719,11.744,11.788,11.813,11.837,11.863,11.887,11.914,11.938,11.964,12.001,12.029,12.06,12.084,12.102,12.129,12.155,12.182,12.205,12.23,12.261,12.292,12.316,12.339,12.362,12.389,12.409,12.432,12.454,12.476,12.502,12.523,12.546,12.569,12.596,12.617,12.64,12.665,12.69,12.722,12.748,12.767,12.795,12.828,12.866,12.905,12.938,12.962,12.992,13.024,13.058,13.093,13.127,13.162,13.202,13.233,13.261,13.299,13.35,13.395,13.427,13.482,13.537,13.588,13.633,13.683,13.745,13.796,13.875,13.979,14.052,14.123,14.246,14.407,14.722,15.349
902,GRN FP,9.34,10.14,10.365,10.532,10.682,10.775,10.851,10.938,10.999,11.057,11.146,11.191,11.243,11.289,11.334,11.379,11.429,11.475,11.499,11.529,11.563,11.594,11.63,11.66,11.69,11.72,11.747,11.779,11.813,11.838,11.863,11.886,11.916,11.943,11.965,11.988,12.017,12.043,12.063,12.081,12.107,12.135,12.159,12.183,12.207,12.231,12.255,12.292,12.324,12.349,12.374,12.403,12.427,12.455,12.474,12.504,12.539,12.562,12.578,12.604,12.623,12.644,12.67,12.695,12.728,12.752,12.779,12.808,12.831,12.858,12.89,12.924,12.955,12.983,13.015,13.047,13.074,13.107,13.142,13.171,13.207,13.238,13.271,13.312,13.352,13.4,13.453,13.505,13.538,13.581,13.634,13.688,13.745,13.813,13.901,13.992,14.085,14.253,14.39,14.665,15.441
903,GRN FP,9.34,10.14,10.365,10.532,10.682,10.775,10.851,10.938,10.999,11.057,11.146,11.191,11.243,11.289,11.334,11.379,11.429,11.475,11.499,11.529,11.563,11.594,11.63,11.66,11.69,11.72,11.747,11.779,11.813,11.838,11.863,11.886,11.916,11.943,11.965,11.988,12.017,12.043,12.063,12.081,12.107,12.135,12.159,12.183,12.207,12.231,12.255,12.292,12.324,12.349,12.374,12.403,12.427,12.455,12.474,12.504,12.539,12.562,12.578,12.604,12.623,12.644,12.67,12.695,12.728,12.752,12.779,12.808,12.831,12.858,12.89,12.924,12.955,12.983,13.015,13.047,13.074,13.107,13.142,13.171,13.207,13.238,13.271,13.312,13.352,13.4,13.453,13.505,13.538,13.581,13.634,13.688,13.745,13.813,13.901,13.992,14.085,14.253,14.39,14.665,15.441
904,GRN FP,9.361,10.126,10.407,10.569,10.669,10.779,10.865,10.938,10.999,11.083,11.144,11.204,11.24,11.282,11.337,11.38,11.424,11.453,11.49,11.531,11.561,11.589,11.616,11.643,11.673,11.708,11.735,11.771,11.802,11.831,11.856,11.882,11.902,11.928,11.951,11.98,12.014,12.039,12.06,12.087,12.112,12.133,12.157,12.182,12.21,12.236,12.254,12.282,12.309,12.335,12.361,12.379,12.406,12.432,12.465,12.491,12.514,12.54,12.568,12.594,12.615,12.633,12.662,12.685,12.713,12.745,12.771,12.798,12.829,12.86,12.884,12.913,12.946,12.97,12.996,13.033,13.074,13.102,13.138,13.166,13.197,13.232,13.264,13.302,13.343,13.386,13.414,13.457,13.51,13.567,13.631,13.679,13.728,13.793,13.865,13.966,14.08,14.208,14.355,14.613,15.424
905,GRN FP,9.361,10.126,10.407,10.569,10.669,10.779,10.865,10.938,10.999,11.083,11.144,11.204,11.24,11.282,11.337,11.38,11.424,11.453,11.49,11.531,11.561,11.589,11.616,11.643,11.673,11.708,11.735,11.771,11.802,11.831,11.856,11.882,11.902,11.928,11.951,11.98,12.014,12.039,12.06,12.087,12.112,12.133,12.157,12.182,12.21,12.236,12.254,12.282,12.309,12.335,12.361,12.379,12.406,12.432,12.465,12.491,12.514,12.54,12.568,12.594,12.615,12.633,12.662,12.685,12.713,12.745,12.771,12.798,12.829,12.86,12.884,12.913,12.946,12.97,12.996,13.033,13.074,13.102,13.138,13.166,13.197,13.232,13.264,13.302,13.343,13.386,13.414,13.457,13.51,13.567,13.631,13.679,13.728,13.793,13.865,13.966,14.08,14.208,14.355,14.613,15.424
906,GRN FP,9.437,10.175,10.415,10.563,10.694,10.805,10.884,10.947,11.014,11.077,11.147,11.198,11.247,11.3,11.346,11.388,11.424,11.453,11.496,11.541,11.565,11.615,11.656,11.687,11.718,11.748,11.768,11.794,11.818,11.85,11.874,11.908,11.937,11.962,11.983,12.007,12.028,12.047,12.07,12.089,12.113,12.134,12.156,12.186,12.212,12.233,12.258,12.278,12.306,12.329,12.358,12.377,12.396,12.42,12.445,12.469,12.496,12.524,12.554,12.583,12.609,12.632,12.658,12.692,12.711,12.737,12.762,12.787,12.824,12.846,12.873,12.9,12.923,12.953,12.977,13.001,13.03,13.064,13.096,13.136,13.169,13.213,13.258,13.295,13.34,13.373,13.413,13.459,13.496,13.539,13.587,13.633,13.694,13.783,13.848,13.935,13.997,14.144,14.308,14.609,15.195
907,GRN FP,9.437,10.175,10.415,10.563,10.694,10.805,10.884,10.947,11.014,11.077,11.147,11.198,11.247,11.3,11.346,11.388,11.424,11.453,11.496,11.541,11.565,11.615,11.656,11.687,11.718,11.748,11.768,11.794,11.818,11.85,11.874,11.908,11.937,11.962,11.983,12.007,12.028,12.047,12.07,12.089,12.113,12.134,12.156,12.186,12.212,12.233,12.258,12.278,12.306,12.329,12.358,12.377,12.396,12.42,12.445,12.469,12.496,12.524,12.554,12.583,12.609,12.632,12.658,12.692,12.711,12.737,12.762,12.787,12.824,12.846,12.873,12.9,12.923,12.953,12.977,13.001,13.03,13.064,13.096,13.136,13.169,13.213,13.258,13.295,13.34,13.373,13.413,13.459,13.496,13.539,13.587,13.633,13.694,13.783,13.848,13.935,13.997,14.144,14.308,14.609,15.195
908,GRN FP,9.402,10.243,10.438,10.593,10.72,10.811,10.895,10.957,11.022,11.09,11.164,11.209,11.278,11.336,11.38,11.414,11.455,11.49,11.526,11.559,11.598,11.626,11.65,11.68,11.705,11.738,11.761,11.788,11.814,11.842,11.865,11.885,11.917,11.945,11.97,11.989,12.026,12.055,12.082,12.108,12.132,12.151,12.176,12.199,12.216,12.239,12.266,12.284,12.308,12.33,12.348,12.365,12.391,12.417,12.442,12.471,12.504,12.527,12.552,12.575,12.591,12.618,12.642,12.666,12.694,12.725,12.756,12.789,12.816,12.849,12.886,12.907,12.937,12.967,12.992,13.026,13.053,13.086,13.104,13.13,13.167,13.2,13.238,13.276,13.318,13.346,13.39,13.428,13.477,13.531,13.576,13.629,13.679,13.735,13.814,13.895,13.981,14.092,14.231,14.459,15.118
909,GRN FP,9.402,10.243,10.438,10.593,10.72,10.811,10.895,10.957,11.022,11.09,11.164,11.209,11.278,11.336,11.38,11.414,11.455,11.49,11.526,11.559,11.598,11.626,11.65,11.68,11.705,11.738,11.761,11.788,11.814,11.842,11.865,11.885,11.917,11.945,11.97,11.989,12.026,12.055,12.082,12.108,12.132,12.151,12.176,12.199,12.216,12.239,12.266,12.284,12.308,12.33,12.348,12.365,12.391,12.417,12.442,12.471,12.504,12.527,12.552,12.575,12.591,12.618,12.642,12.666,12.694,12.725,12.756,12.789,12.816,12.849,12.886,12.907,12.937,12.967,12.992,13.026,13.053,13.086,13.104,13.13,13.167,13.2,13.238,13.276,13.318,13.346,13.39,13.428,13.477,13.531,13.576,13.629,13.679,13.735,13.814,13.895,13.981,14.092,14.231,14.459,15.118
910,GRN FP,9.602,10.256,10.484,10.628,10.71,10.806,10.908,10.986,11.052,11.104,11.167,11.218,11.267,11.32,11.367,11.417,11.457,11.492,11.534,11.57,11.597,11.628,11.659,11.685,11.707,11.739,11.766,11.795,11.82,11.849,11.867,11.883,11.906,11.933,11.959,11.979,12.0,12.024,12.053,12.084,12.114,12.132,12.157,12.181,12.203,12.229,12.255,12.281,12.301,12.32,12.346,12.37,12.386,12.417,12.435,12.461,12.486,12.509,12.535,12.563,12.602,12.629,12.646,12.669,12.694,12.72,12.752,12.779,12.8,12.824,12.848,12.869,12.891,12.918,12.95,12.973,13.003,13.03,13.057,13.09,13.128,13.157,13.196,13.229,13.27,13.317,13.355,13.402,13.444,13.483,13.535,13.589,13.629,13.687,13.753,13.839,13.939,14.057,14.236,14.426,15.025
911,GRN FP,9.602,10.256,10.484,10.628,10.71,10.806,10.908,10.986,11.052,11.104,11.167,11.218,11.267,11.32,11.367,11.417,11.457,11.492,11.534,11.57,11.597,11.628,11.659,11.685,11.707,11.739,11.766,11.795,11.82,11.849,11.867,11.883,11.906,11.933,11.959,11.979,12.0,12.024,12.053,12.084,12.114,12.132,12.157,12.181,12.203,12.229,12.255,12.281,12.301,12.32,12.346,12.37,12.386,12.417,12.435,12.461,12.486,12.509,12.535,12.563,12.602,12.629,12.646,12.669,12.694,12.72,12.752,12.779,12.8,12.824,12.848,12.869,12.891,12.918,12.95,12.973,13.003,13.03,13.057,13.09,13.128,13.157,13.196,13.229,13.27,13.317,13.355,13.402,13.444,13.483,13.535,13.589,13.629,13.687,13.753,13.839,13.939,14.057,14.236,14.426,15.025
912,GRN FP,9.73,10.273,10.481,10.628,10.762,10.862,10.944,11.006,11.065,11.143,11.185,11.239,11.292,11.342,11.385,11.417,11.458,11.491,11.539,11.573,11.612,11.64,11.669,11.693,11.719,11.746,11.771,11.797,11.82,11.844,11.873,11.9,11.925,11.948,11.972,11.998,12.023,12.046,12.07,12.088,12.109,12.128,12.148,12.17,12.191,12.216,12.246,12.265,12.29,12.314,12.337,12.355,12.375,12.394,12.422,12.444,12.467,12.492,12.51,12.534,12.562,12.587,12.613,12.637,12.669,12.696,12.724,12.748,12.769,12.794,12.819,12.843,12.871,12.9,12.931,12.956,12.983,13.014,13.046,13.078,13.112,13.149,13.185,13.216,13.254,13.293,13.336,13.378,13.412,13.454,13.516,13.553,13.586,13.643,13.726,13.796,13.873,13.976,14.136,14.386,15.076
913,GRN FP,9.73,10.273,10.481,10.628,10.762,10.862,10.944,11.006,11.065,11.143,11.185,11.239,11.292,11.342,11.385,11.417,11.458,11.491,11.539,11.573,11.612,11.64,11.669,11.693,11.719,11.746,11.771,11.797,11.82,11.844,11.873,11.9,11.925,11.948,11.972,11.998,12.023,12.046,12.07,12.088,12.109,12.128,12.148,12.17,12.191,12.216,12.246,12.265,12.29,12.314,12.337,12.355,12.375,12.394,12.422,12.444,12.467,12.492,12.51,12.534,12.562,12.587,12.613,12.637,12.669,12.696,12.724,12.748,12.769,12.794,12.819,12.843,12.871,12.9,12.931,12.956,12.983,13.014,13.046,13.078,13.112,13.149,13.185,13.216,13.254,13.293,13.336,13.378,13.412,13.454,13.516,13.553,13.586,13.643,13.726,13.796,13.873,13.976,14.136,14.386,15.076
914,GRN FP,9.614,10.222,10.478,10.64,10.747,10.835,10.919,10.988,11.035,11.123,11.177,11.227,11.27,11.315,11.352,11.402,11.448,11.48,11.521,11.562,11.599,11.634,11.664,11.696,11.72,11.751,11.788,11.817,11.848,11.876,11.9,11.921,11.946,11.965,11.984,12.008,12.038,12.069,12.092,12.122,12.143,12.163,12.19,12.211,12.231,12.251,12.27,12.291,12.312,12.334,12.358,12.376,12.395,12.418,12.436,12.463,12.488,12.517,12.542,12.572,12.593,12.621,12.64,12.663,12.693,12.721,12.749,12.775,12.806,12.828,12.848,12.871,12.895,12.923,12.955,12.98,13.012,13.043,13.074,13.101,13.132,13.163,13.2,13.234,13.277,13.32,13.361,13.408,13.444,13.489,13.524,13.568,13.631,13.685,13.776,13.869,13.937,14.052,14.24,14.471,15.273
915,GRN FP,9.614,10.222,10.478,10.64,10.747,10.835,10.919,10.988,11.035,11.123,11.177,11.227,11.27,11.315,11.352,11.402,11.448,11.48,11.521,11.562,11.599,11.634,11.664,11.696,11.72,11.751,11.788,11.817,11.848,11.876,11.9,11.921,11.946,11.965,11.984,12.008,12.038,12.069,12.092,12.122,12.143,12.163,12.19,12.211,12.231,12.251,12.27,12.291,12.312,12.334,12.358,12.376,12.395,12.418,12.436,12.463,12.488,12.517,12.542,12.572,12.593,12.621,12.64,12.663,12.693,12.721,12.749,12.775,12.806,12.828,12.848,12.871,12.895,12.923,12.955,12.98,13.012,13.043,13.074,13.101,13.132,13.163,13.2,13.234,13.277,13.32,13.361,13.408,13.444,13.489,13.524,13.568,13.631,13.685,13.776,13.869,13.937,14.052,14.24,14.471,15.273
916,GRN FP,9.518,10.146,10.406,10.583,10.703,10.823,10.901,10.985,11.051,11.106,11.158,11.199,11.255,11.307,11.36,11.394,11.426,11.462,11.497,11.547,11.577,11.609,11.646,11.678,11.711,11.745,11.777,11.81,11.836,11.863,11.887,11.912,11.933,11.962,12.002,12.03,12.056,12.077,12.102,12.126,12.149,12.173,12.195,12.211,12.234,12.255,12.272,12.307,12.331,12.353,12.382,12.404,12.425,12.447,12.469,12.487,12.515,12.535,12.557,12.579,12.599,12.626,12.648,12.667,12.691,12.72,12.745,12.769,12.795,12.815,12.842,12.873,12.902,12.931,12.96,12.985,13.018,13.054,13.084,13.114,13.145,13.181,13.218,13.251,13.288,13.331,13.378,13.425,13.463,13.499,13.553,13.62,13.674,13.744,13.819,13.903,13.983,14.094,14.248,14.532,15.221
917,GRN FP,9.518,10.146,10.406,10.583,10.703,10.823,10.901,10.985,11.051,11.106,11.158,11.199,11.255,11.307,11.36,11.394,11.426,11.462,11.497,11.547,11.577,11.609,11.646,11.678,11.711,11.745,11.777,11.81,11.836,11.863,11.887,11.912,11.933,11.962,12.002,12.03,12.056,12.077,12.102,12.126,12.149,12.173,12.195,12.211,12.234,12.255,12.272,12.307,12.331,12.353,12.382,12.404,12.425,12.447,12.469,12.487,12.515,12.535,12.557,12.579,12.599,12.626,12.648,12.667,12.691,12.72,12.745,12.769,12.795,12.815,12.842,12.873,12.902,12.931,12.96,12.985,13.018,13.054,13.084,13.114,13.145,13.181,13.218,13.251,13.288,13.331,13.378,13.425,13.463,13.499,13.553,13.62,13.674,13.744,13.819,13.903,13.983,14.094,14.248,14.532,15.221
918,GRN FP,9.469,10.139,10.382,10.547,10.669,10.772,10.888,10.966,11.028,11.098,11.15,11.197,11.243,11.293,11.35,11.391,11.43,11.466,11.501,11.546,11.579,11.618,11.647,11.676,11.705,11.736,11.77,11.801,11.83,11.865,11.893,11.924,11.952,11.982,12.006,12.03,12.058,12.084,12.113,12.14,12.162,12.187,12.209,12.235,12.252,12.271,12.296,12.325,12.348,12.367,12.383,12.402,12.426,12.452,12.48,12.499,12.526,12.547,12.573,12.598,12.62,12.639,12.66,12.68,12.709,12.735,12.763,12.79,12.819,12.847,12.872,12.9,12.931,12.952,12.973,13.0,13.032,13.07,13.105,13.142,13.169,13.204,13.236,13.28,13.317,13.362,13.408,13.441,13.498,13.54,13.595,13.667,13.73,13.811,13.897,13.98,14.092,14.204,14.351,14.643,15.29
919,GRN FP,9.469,10.139,10.382,10.547,10.669,10.772,10.888,10.966,11.028,11.098,11.15,11.197,11.243,11.293,11.35,11.391,11.43,11.466,11.501,11.546,11.579,11.618,11.647,11.676,11.705,11.736,11.77,11.801,11.83,11.865,11.893,11.924,11.952,11.982,12.006,12.03,12.058,12.084,12.113,12.14,12.162,12.187,12.209,12.235,12.252,12.271,12.296,12.325,12.348,12.367,12.383,12.402,12.426,12.452,12.48,12.499,12.526,12.547,12.573,12.598,12.62,12.639,12.66,12.68,12.709,12.735,12.763,12.79,12.819,12.847,12.872,12.9,12.931,12.952,12.973,13.0,13.032,13.07,13.105,13.142,13.169,13.204,13.236,13.28,13.317,13.362,13.408,13.441,13.498,13.54,13.595,13.667,13.73,13.811,13.897,13.98,14.092,14.204,14.351,14.643,15.29
920,GRN FP,9.438,10.129,10.381,10.592,10.703,10.78,10.88,10.97,11.046,11.101,11.165,11.22,11.262,11.309,11.352,11.409,11.456,11.492,11.518,11.557,11.587,11.623,11.651,11.687,11.714,11.748,11.771,11.801,11.834,11.86,11.888,11.914,11.946,11.973,11.999,12.019,12.048,12.075,12.103,12.127,12.158,12.192,12.224,12.252,12.278,12.305,12.327,12.344,12.368,12.397,12.415,12.441,12.464,12.482,12.503,12.525,12.543,12.566,12.598,12.621,12.638,12.659,12.693,12.726,12.754,12.778,12.8,12.821,12.848,12.869,12.894,12.918,12.944,12.968,12.994,13.026,13.056,13.078,13.104,13.137,13.167,13.206,13.243,13.275,13.307,13.349,13.402,13.457,13.5,13.552,13.606,13.665,13.742,13.81,13.897,13.992,14.128,14.217,14.377,14.674,15.367
921,GRN FP,9.438,10.129,10.381,10.592,10.703,10.78,10.88,10.97,11.046,11.101,11.165,11.22,11.262,11.309,11.352,11.409,11.456,11.492,11.518,11.557,11.587,11.623,11.651,11.687,11.714,11.748,11.771,11.801,11.834,11.86,11.888,11.914,11.946,11.973,11.999,12.019,12.048,12.075,12.103,12.127,12.158,12.192,12.224,12.252,12.278,12.305,12.327,12.344,12.368,12.397,12.415,12.441,12.464,12.482,12.503,12.525,12.543,12.566,12.598,12.621,12.638,12.659,12.693,12.726,12.754,12.778,12.8,12.821,12.848,12.869,12.894,12.918,12.944,12.968,12.994,13.026,13.056,13.078,13.104,13.137,13.167,13.206,13.243,13.275,13.307,13.349,13.402,13.457,13.5,13.552,13.606,13.665,13.742,13.81,13.897,13.992,14.128,14.217,14.377,14.674,15.367
922,GRN FP,9.369,10.1,10.379,10.598,10.721,10.824,10.919,10.979,11.047,11.109,11.157,11.218,11.27,11.329,11.375,11.424,11.466,11.511,11.541,11.573,11.6,11.63,11.667,11.69,11.721,11.757,11.792,11.826,11.863,11.899,11.924,11.958,11.991,12.016,12.035,12.064,12.091,12.115,12.139,12.164,12.187,12.213,12.235,12.256,12.279,12.305,12.336,12.362,12.384,12.406,12.428,12.45,12.474,12.491,12.515,12.538,12.559,12.583,12.607,12.632,12.66,12.684,12.708,12.74,12.769,12.789,12.808,12.829,12.853,12.878,12.905,12.941,12.963,12.982,13.012,13.041,13.07,13.098,13.128,13.161,13.194,13.23,13.273,13.319,13.372,13.405,13.44,13.492,13.541,13.608,13.683,13.743,13.819,13.896,13.963,14.039,14.142,14.258,14.427,14.66,15.308
923,GRN FP,9.369,10.1,10.379,10.598,10.721,10.824,10.919,10.979,11.047,11.109,11.157,11.218,11.27,11.329,11.375,11.424,11.466,11.511,11.541,11.573,11.6,11.63,11.667,11.69,11.721,11.757,11.792,11.826,11.863,11.899,11.924,11.958,11.991,12.016,12.035,12.064,12.091,12.115,12.139,12.164,12.187,12.213,12.235,12.256,12.279,12.305,12.336,12.362,12.384,12.406,12.428,12.45,12.474,12.491,12.515,12.538,12.559,12.583,12.607,12.632,12.66,12.684,12.708,12.74,12.769,12.789,12.808,12.829,12.853,12.878,12.905,12.941,12.963,12.982,13.012,13.041,13.07,13.098,13.128,13.161,13.194,13.23,13.273,13.319,13.372,13.405,13.44,13.492,13.541,13.608,13.683,13.743,13.819,13.896,13.963,14.039,14.142,14.258,14.427,14.66,15.308
924,GRN FP,9.469,10.147,10.426,10.628,10.756,10.838,10.933,11.005,11.066,11.114,11.166,11.223,11.268,11.327,11.364,11.395,11.451,11.492,11.528,11.569,11.599,11.64,11.673,11.703,11.729,11.759,11.79,11.823,11.856,11.884,11.915,11.942,11.973,12.0,12.024,12.05,12.073,12.104,12.133,12.156,12.182,12.209,12.231,12.257,12.286,12.313,12.336,12.366,12.394,12.418,12.436,12.454,12.477,12.508,12.531,12.555,12.583,12.607,12.625,12.65,12.67,12.694,12.716,12.742,12.775,12.805,12.825,12.856,12.883,12.912,12.933,12.954,12.98,13.001,13.033,13.057,13.082,13.116,13.143,13.175,13.204,13.246,13.287,13.331,13.385,13.428,13.473,13.511,13.562,13.613,13.671,13.725,13.79,13.868,13.931,14.008,14.127,14.246,14.47,14.697,15.35
925,GRN FP,9.469,10.147,10.426,10.628,10.756,10.838,10.933,11.005,11.066,11.114,11.166,11.223,11.268,11.327,11.364,11.395,11.451,11.492,11.528,11.569,11.599,11.64,11.673,11.703,11.729,11.759,11.79,11.823,11.856,11.884,11.915,11.942,11.973,12.0,12.024,12.05,12.073,12.104,12.133,12.156,12.182,12.209,12.231,12.257,12.286,12.313,12.336,12.366,12.394,12.418,12.436,12.454,12.477,12.508,12.531,12.555,12.583,12.607,12.625,12.65,12.67,12.694,12.716,12.742,12.775,12.805,12.825,12.856,12.883,12.912,12.933,12.954,12.98,13.001,13.033,13.057,13.082,13.116,13.143,13.175,13.204,13.246,13.287,13.331,13.385,13.428,13.473,13.511,13.562,13.613,13.671,13.725,13.79,13.868,13.931,14.008,14.127,14.246,14.47,14.697,15.35
926,GRN FP,9.604,10.1,10.436,10.649,10.778,10.871,10.936,11.005,11.061,11.118,11.171,11.229,11.268,11.331,11.382,11.446,11.491,11.526,11.569,11.606,11.646,11.679,11.717,11.756,11.782,11.816,11.843,11.864,11.886,11.913,11.931,11.958,11.986,12.012,12.033,12.054,12.08,12.106,12.137,12.166,12.196,12.223,12.254,12.285,12.307,12.332,12.356,12.38,12.404,12.435,12.459,12.476,12.496,12.525,12.554,12.578,12.601,12.623,12.654,12.675,12.696,12.72,12.748,12.775,12.799,12.816,12.84,12.864,12.895,12.922,12.953,12.978,13.018,13.04,13.07,13.093,13.124,13.157,13.193,13.22,13.263,13.294,13.332,13.37,13.411,13.443,13.494,13.531,13.582,13.629,13.685,13.759,13.839,13.903,13.995,14.094,14.191,14.296,14.468,14.771,15.346
927,GRN FP,9.604,10.1,10.436,10.649,10.778,10.871,10.936,11.005,11.061,11.118,11.171,11.229,11.268,11.331,11.382,11.446,11.491,11.526,11.569,11.606,11.646,11.679,11.717,11.756,11.782,11.816,11.843,11.864,11.886,11.913,11.931,11.958,11.986,12.012,12.033,12.054,12.08,12.106,12.137,12.166,12.196,12.223,12.254,12.285,12.307,12.332,12.356,12.38,12.404,12.435,12.459,12.476,12.496,12.525,12.554,12.578,12.601,12.623,12.654,12.675,12.696,12.72,12.748,12.775,12.799,12.816,12.84,12.864,12.895,12.922,12.953,12.978,13.018,13.04,13.07,13.093,13.124,13.157,13.193,13.22,13.263,13.294,13.332,13.37,13.411,13.443,13.494,13.531,13.582,13.629,13.685,13.759,13.839,13.903,13.995,14.094,14.191,14.296,14.468,14.771,15.346
928,GRN FP,9.397,10.14,10.446,10.646,10.752,10.878,10.99,11.084,11.16,11.226,11.277,11.317,11.355,11.394,11.432,11.482,11.516,11.559,11.596,11.62,11.657,11.689,11.714,11.742,11.765,11.789,11.824,11.855,11.889,11.912,11.943,11.966,11.992,12.024,12.056,12.082,12.112,12.129,12.154,12.184,12.214,12.237,12.262,12.29,12.315,12.346,12.369,12.398,12.428,12.454,12.477,12.5,12.52,12.546,12.569,12.595,12.618,12.642,12.669,12.692,12.715,12.739,12.762,12.786,12.813,12.835,12.859,12.889,12.914,12.944,12.98,13.009,13.044,13.072,13.099,13.121,13.155,13.187,13.213,13.241,13.281,13.321,13.356,13.386,13.428,13.483,13.537,13.57,13.611,13.672,13.73,13.821,13.87,13.948,14.016,14.088,14.192,14.308,14.498,14.752,15.426
929,GRN FP,9.397,10.14,10.446,10.646,10.752,10.878,10.99,11.084,11.16,11.226,11.277,11.317,11.355,11.394,11.432,11.482,11.516,11.559,11.596,11.62,11.657,11.689,11.714,11.742,11.765,11.789,11.824,11.855,11.889,11.912,11.943,11.966,11.992,12.024,12.056,12.082,12.112,12.129,12.154,12.184,12.214,12.237,12.262,12.29,12.315,12.346,12.369,12.398,12.428,12.454,12.477,12.5,12.52,12.546,12.569,12.595,12.618,12.642,12.669,12.692,12.715,12.739,12.762,12.786,12.813,12.835,12.859,12.889,12.914,12.944,12.98,13.009,13.044,13.072,13.099,13.121,13.155,13.187,13.213,13.241,13.281,13.321,13.356,13.386,13.428,13.483,13.537,13.57,13.611,13.672,13.73,13.821,13.87,13.948,14.016,14.088,14.192,14.308,14.498,14.752,15.426
930,GRN FP,9.42,10.171,10.459,10.677,10.834,10.93,11.024,11.09,11.151,11.215,11.274,11.326,11.375,11.433,11.48,11.519,11.555,11.597,11.631,11.658,11.693,11.717,11.743,11.777,11.803,11.837,11.867,11.895,11.923,11.949,11.974,12.003,12.027,12.056,12.089,12.112,12.137,12.162,12.201,12.228,12.251,12.282,12.308,12.333,12.353,12.372,12.393,12.415,12.436,12.462,12.481,12.499,12.523,12.545,12.578,12.602,12.621,12.646,12.67,12.699,12.716,12.741,12.767,12.793,12.814,12.843,12.868,12.905,12.928,12.958,12.982,13.018,13.047,13.067,13.105,13.134,13.162,13.195,13.234,13.262,13.295,13.334,13.369,13.409,13.446,13.49,13.535,13.58,13.637,13.691,13.729,13.796,13.848,13.91,13.995,14.082,14.188,14.32,14.516,14.781,15.363
931,GRN FP,9.42,10.171,10.459,10.677,10.834,10.93,11.024,11.09,11.151,11.215,11.274,11.326,11.375,11.433,11.48,11.519,11.555,11.597,11.631,11.658,11.693,11.717,11.743,11.777,11.803,11.837,11.867,11.895,11.923,11.949,11.974,12.003,12.027,12.056,12.089,12.112,12.137,12.162,12.201,12.228,12.251,12.282,12.308,12.333,12.353,12.372,12.393,12.415,12.436,12.462,12.481,12.499,12.523,12.545,12.578,12.602,12.621,12.646,12.67,12.699,12.716,12.741,12.767,12.793,12.814,12.843,12.868,12.905,12.928,12.958,12.982,13.018,13.047,13.067,13.105,13.134,13.162,13.195,13.234,13.262,13.295,13.334,13.369,13.409,13.446,13.49,13.535,13.58,13.637,13.691,13.729,13.796,13.848,13.91,13.995,14.082,14.188,14.32,14.516,14.781,15.363
932,GRN FP,9.452,10.227,10.496,10.687,10.844,10.939,11.03,11.096,11.176,11.247,11.296,11.346,11.403,11.448,11.494,11.541,11.586,11.628,11.673,11.7,11.735,11.758,11.798,11.823,11.846,11.879,11.902,11.935,11.956,11.981,12.01,12.039,12.068,12.095,12.116,12.153,12.177,12.197,12.219,12.245,12.272,12.29,12.316,12.339,12.366,12.39,12.413,12.433,12.455,12.477,12.502,12.526,12.549,12.573,12.597,12.617,12.642,12.663,12.692,12.722,12.746,12.769,12.79,12.815,12.844,12.87,12.895,12.917,12.949,12.978,13.001,13.03,13.058,13.088,13.126,13.162,13.192,13.234,13.259,13.293,13.331,13.372,13.412,13.444,13.482,13.519,13.547,13.593,13.637,13.684,13.731,13.781,13.829,13.889,13.977,14.05,14.118,14.308,14.503,14.715,15.312
933,GRN FP,9.452,10.227,10.496,10.687,10.844,10.939,11.03,11.096,11.176,11.247,11.296,11.346,11.403,11.448,11.494,11.541,11.586,11.628,11.673,11.7,11.735,11.758,11.798,11.823,11.846,11.879,11.902,11.935,11.956,11.981,12.01,12.039,12.068,12.095,12.116,12.153,12.177,12.197,12.219,12.245,12.272,12.29,12.316,12.339,12.366,12.39,12.413,12.433,12.455,12.477,12.502,12.526,12.549,12.573,12.597,12.617,12.642,12.663,12.692,12.722,12.746,12.769,12.79,12.815,12.844,12.87,12.895,12.917,12.949,12.978,13.001,13.03,13.058,13.088,13.126,13.162,13.192,13.234,13.259,13.293,13.331,13.372,13.412,13.444,13.482,13.519,13.547,13.593,13.637,13.684,13.731,13.781,13.829,13.889,13.977,14.05,14.118,14.308,14.503,14.715,15.312
934,GRN FP,9.502,10.3,10.615,10.763,10.896,10.994,11.094,11.173,11.246,11.296,11.361,11.409,11.453,11.496,11.537,11.57,11.615,11.645,11.686,11.729,11.764,11.798,11.826,11.853,11.876,11.903,11.928,11.958,11.984,12.01,12.032,12.053,12.092,12.118,12.144,12.174,12.202,12.225,12.248,12.274,12.302,12.326,12.352,12.371,12.389,12.41,12.438,12.462,12.482,12.504,12.531,12.554,12.58,12.598,12.62,12.652,12.678,12.705,12.724,12.747,12.776,12.801,12.823,12.843,12.864,12.881,12.907,12.924,12.946,12.965,12.99,13.021,13.048,13.076,13.115,13.157,13.19,13.218,13.255,13.285,13.32,13.353,13.386,13.422,13.451,13.49,13.536,13.585,13.626,13.669,13.717,13.776,13.845,13.901,13.968,14.079,14.149,14.263,14.414,14.735,15.432
935,GRN FP,9.502,10.3,10.615,10.763,10.896,10.994,11.094,11.173,11.246,11.296,11.361,11.409,11.453,11.496,11.537,11.57,11.615,11.645,11.686,11.729,11.764,11.798,11.826,11.853,11.876,11.903,11.928,11.958,11.984,12.01,12.032,12.053,12.092,12.118,12.144,12.174,12.202,12.225,12.248,12.274,12.302,12.326,12.352,12.371,12.389,12.41,12.438,12.462,12.482,12.504,12.531,12.554,12.58,12.598,12.62,12.652,12.678,12.705,12.724,12.747,12.776,12.801,12.823,12.843,12.864,12.881,12.907,12.924,12.946,12.965,12.99,13.021,13.048,13.076,13.115,13.157,13.19,13.218,13.255,13.285,13.32,13.353,13.386,13.422,13.451,13.49,13.536,13.585,13.626,13.669,13.717,13.776,13.845,13.901,13.968,14.079,14.149,14.263,14.414,14.735,15.432
936,GRN FP,9.512,10.378,10.622,10.82,10.943,11.04,11.113,11.193,11.26,11.32,11.37,11.436,11.465,11.501,11.543,11.591,11.633,11.671,11.713,11.748,11.781,11.81,11.838,11.88,11.909,11.936,11.965,11.993,12.016,12.045,12.075,12.101,12.13,12.149,12.18,12.207,12.232,12.256,12.278,12.299,12.32,12.343,12.369,12.393,12.412,12.433,12.456,12.479,12.496,12.519,12.537,12.561,12.579,12.6,12.62,12.642,12.659,12.683,12.705,12.726,12.746,12.773,12.807,12.837,12.866,12.889,12.92,12.951,12.975,13.005,13.039,13.062,13.086,13.112,13.146,13.173,13.196,13.23,13.262,13.303,13.344,13.373,13.412,13.445,13.479,13.52,13.552,13.582,13.628,13.674,13.729,13.786,13.837,13.899,13.952,14.022,14.119,14.242,14.42,14.707,15.432
937,GRN FP,9.512,10.378,10.622,10.82,10.943,11.04,11.113,11.193,11.26,11.32,11.37,11.436,11.465,11.501,11.543,11.591,11.633,11.671,11.713,11.748,11.781,11.81,11.838,11.88,11.909,11.936,11.965,11.993,12.016,12.045,12.075,12.101,12.13,12.149,12.18,12.207,12.232,12.256,12.278,12.299,12.32,12.343,12.369,12.393,12.412,12.433,12.456,12.479,12.496,12.519,12.537,12.561,12.579,12.6,12.62,12.642,12.659,12.683,12.705,12.726,12.746,12.773,12.807,12.837,12.866,12.889,12.92,12.951,12.975,13.005,13.039,13.062,13.086,13.112,13.146,13.173,13.196,13.23,13.262,13.303,13.344,13.373,13.412,13.445,13.479,13.52,13.552,13.582,13.628,13.674,13.729,13.786,13.837,13.899,13.952,14.022,14.119,14.242,14.42,14.707,15.432
938,GRN FP,9.697,10.41,10.705,10.887,10.994,11.083,11.165,11.24,11.285,11.342,11.401,11.455,11.511,11.546,11.592,11.636,11.675,11.709,11.747,11.778,11.815,11.846,11.888,11.92,11.945,11.971,11.999,12.03,12.057,12.092,12.122,12.144,12.162,12.188,12.21,12.227,12.247,12.272,12.294,12.324,12.347,12.366,12.39,12.417,12.438,12.464,12.494,12.511,12.532,12.55,12.571,12.592,12.616,12.639,12.665,12.688,12.707,12.732,12.756,12.777,12.803,12.828,12.847,12.865,12.885,12.912,12.937,12.967,12.997,13.016,13.041,13.072,13.1,13.128,13.156,13.189,13.221,13.249,13.284,13.313,13.341,13.374,13.415,13.442,13.47,13.504,13.536,13.576,13.626,13.682,13.718,13.773,13.833,13.907,13.976,14.036,14.118,14.22,14.38,14.71,15.571
939,GRN FP,9.697,10.41,10.705,10.887,10.994,11.083,11.165,11.24,11.285,11.342,11.401,11.455,11.511,11.546,11.592,11.636,11.675,11.709,11.747,11.778,11.815,11.846,11.888,11.92,11.945,11.971,11.999,12.03,12.057,12.092,12.122,12.144,12.162,12.188,12.21,12.227,12.247,12.272,12.294,12.324,12.347,12.366,12.39,12.417,12.438,12.464,12.494,12.511,12.532,12.55,12.571,12.592,12.616,12.639,12.665,12.688,12.707,12.732,12.756,12.777,12.803,12.828,12.847,12.865,12.885,12.912,12.937,12.967,12.997,13.016,13.041,13.072,13.1,13.128,13.156,13.189,13.221,13.249,13.284,13.313,13.341,13.374,13.415,13.442,13.47,13.504,13.536,13.576,13.626,13.682,13.718,13.773,13.833,13.907,13.976,14.036,14.118,14.22,14.38,14.71,15.571
940,GRN FP,9.898,10.551,10.779,10.946,11.051,11.142,11.227,11.292,11.371,11.438,11.476,11.528,11.567,11.622,11.659,11.698,11.733,11.777,11.812,11.857,11.888,11.913,11.941,11.969,11.994,12.017,12.049,12.078,12.1,12.128,12.153,12.174,12.194,12.217,12.243,12.268,12.297,12.327,12.349,12.368,12.388,12.409,12.43,12.452,12.472,12.495,12.516,12.536,12.556,12.573,12.593,12.613,12.638,12.659,12.681,12.706,12.727,12.749,12.765,12.785,12.808,12.83,12.854,12.875,12.908,12.934,12.961,12.985,13.008,13.029,13.052,13.077,13.096,13.121,13.135,13.166,13.195,13.222,13.248,13.28,13.304,13.333,13.374,13.413,13.45,13.487,13.52,13.558,13.601,13.641,13.694,13.74,13.793,13.84,13.916,13.994,14.087,14.219,14.335,14.603,15.522
941,GRN FP,9.898,10.551,10.779,10.946,11.051,11.142,11.227,11.292,11.371,11.438,11.476,11.528,11.567,11.622,11.659,11.698,11.733,11.777,11.812,11.857,11.888,11.913,11.941,11.969,11.994,12.017,12.049,12.078,12.1,12.128,12.153,12.174,12.194,12.217,12.243,12.268,12.297,12.327,12.349,12.368,12.388,12.409,12.43,12.452,12.472,12.495,12.516,12.536,12.556,12.573,12.593,12.613,12.638,12.659,12.681,12.706,12.727,12.749,12.765,12.785,12.808,12.83,12.854,12.875,12.908,12.934,12.961,12.985,13.008,13.029,13.052,13.077,13.096,13.121,13.135,13.166,13.195,13.222,13.248,13.28,13.304,13.333,13.374,13.413,13.45,13.487,13.52,13.558,13.601,13.641,13.694,13.74,13.793,13.84,13.916,13.994,14.087,14.219,14.335,14.603,15.522
942,GRN FP,9.879,10.669,10.898,11.038,11.157,11.259,11.333,11.397,11.454,11.505,11.56,11.6,11.644,11.689,11.731,11.766,11.804,11.842,11.871,11.903,11.935,11.959,11.994,12.021,12.05,12.079,12.1,12.121,12.143,12.168,12.19,12.216,12.234,12.258,12.293,12.317,12.339,12.358,12.394,12.412,12.434,12.45,12.467,12.489,12.508,12.528,12.547,12.563,12.579,12.602,12.617,12.635,12.657,12.683,12.709,12.728,12.747,12.766,12.784,12.809,12.833,12.848,12.871,12.891,12.917,12.937,12.958,12.983,13.003,13.026,13.053,13.08,13.103,13.124,13.146,13.176,13.2,13.23,13.263,13.287,13.305,13.335,13.368,13.39,13.42,13.459,13.495,13.518,13.548,13.596,13.641,13.701,13.759,13.812,13.876,13.972,14.061,14.142,14.31,14.566,15.422
943,GRN FP,9.879,10.669,10.898,11.038,11.157,11.259,11.333,11.397,11.454,11.505,11.56,11.6,11.644,11.689,11.731,11.766,11.804,11.842,11.871,11.903,11.935,11.959,11.994,12.021,12.05,12.079,12.1,12.121,12.143,12.168,12.19,12.216,12.234,12.258,12.293,12.317,12.339,12.358,12.394,12.412,12.434,12.45,12.467,12.489,12.508,12.528,12.547,12.563,12.579,12.602,12.617,12.635,12.657,12.683,12.709,12.728,12.747,12.766,12.784,12.809,12.833,12.848,12.871,12.891,12.917,12.937,12.958,12.983,13.003,13.026,13.053,13.08,13.103,13.124,13.146,13.176,13.2,13.23,13.263,13.287,13.305,13.335,13.368,13.39,13.42,13.459,13.495,13.518,13.548,13.596,13.641,13.701,13.759,13.812,13.876,13.972,14.061,14.142,14.31,14.566,15.422
944,GRN FP,10.31,10.692,10.886,11.043,11.149,11.264,11.345,11.407,11.458,11.525,11.581,11.643,11.688,11.735,11.768,11.812,11.849,11.876,11.907,11.937,11.97,11.997,12.026,12.057,12.089,12.115,12.136,12.171,12.197,12.216,12.24,12.271,12.29,12.313,12.338,12.36,12.382,12.404,12.427,12.442,12.464,12.478,12.501,12.519,12.541,12.561,12.584,12.612,12.634,12.653,12.674,12.7,12.725,12.74,12.759,12.78,12.801,12.824,12.846,12.869,12.886,12.903,12.925,12.95,12.977,12.998,13.016,13.041,13.069,13.091,13.12,13.142,13.166,13.191,13.214,13.234,13.258,13.296,13.321,13.353,13.372,13.405,13.435,13.464,13.491,13.527,13.567,13.6,13.638,13.675,13.724,13.766,13.815,13.864,13.918,13.993,14.092,14.214,14.369,14.629,15.698
945,GRN FP,10.31,10.692,10.886,11.043,11.149,11.264,11.345,11.407,11.458,11.525,11.581,11.643,11.688,11.735,11.768,11.812,11.849,11.876,11.907,11.937,11.97,11.997,12.026,12.057,12.089,12.115,12.136,12.171,12.197,12.216,12.24,12.271,12.29,12.313,12.338,12.36,12.382,12.404,12.427,12.442,12.464,12.478,12.501,12.519,12.541,12.561,12.584,12.612,12.634,12.653,12.674,12.7,12.725,12.74,12.759,12.78,12.801,12.824,12.846,12.869,12.886,12.903,12.925,12.95,12.977,12.998,13.016,13.041,13.069,13.091,13.12,13.142,13.166,13.191,13.214,13.234,13.258,13.296,13.321,13.353,13.372,13.405,13.435,13.464,13.491,13.527,13.567,13.6,13.638,13.675,13.724,13.766,13.815,13.864,13.918,13.993,14.092,14.214,14.369,14.629,15.698
946,GRN FP,10.393,10.868,11.062,11.218,11.324,11.378,11.443,11.519,11.576,11.619,11.661,11.712,11.761,11.808,11.847,11.883,11.914,11.943,11.983,12.012,12.043,12.077,12.104,12.145,12.174,12.193,12.214,12.231,12.261,12.287,12.315,12.336,12.356,12.378,12.397,12.42,12.44,12.463,12.481,12.507,12.527,12.545,12.564,12.591,12.61,12.625,12.642,12.662,12.682,12.7,12.725,12.747,12.764,12.784,12.805,12.829,12.849,12.875,12.893,12.91,12.929,12.951,12.969,12.99,13.012,13.033,13.055,13.076,13.096,13.121,13.14,13.166,13.19,13.221,13.242,13.278,13.311,13.332,13.362,13.396,13.429,13.457,13.496,13.526,13.559,13.594,13.636,13.675,13.709,13.744,13.792,13.843,13.892,13.946,13.998,14.09,14.169,14.261,14.415,14.714,15.288
947,GRN FP,10.393,10.868,11.062,11.218,11.324,11.378,11.443,11.519,11.576,11.619,11.661,11.712,11.761,11.808,11.847,11.883,11.914,11.943,11.983,12.012,12.043,12.077,12.104,12.145,12.174,12.193,12.214,12.231,12.261,12.287,12.315,12.336,12.356,12.378,12.397,12.42,12.44,12.463,12.481,12.507,12.527,12.545,12.564,12.591,12.61,12.625,12.642,12.662,12.682,12.7,12.725,12.747,12.764,12.784,12.805,12.829,12.849,12.875,12.893,12.91,12.929,12.951,12.969,12.99,13.012,13.033,13.055,13.076,13.096,13.121,13.14,13.166,13.19,13.221,13.242,13.278,13.311,13.332,13.362,13.396,13.429,13.457,13.496,13.526,13.559,13.594,13.636,13.675,13.709,13.744,13.792,13.843,13.892,13.946,13.998,14.09,14.169,14.261,14.415,14.714,15.288
948,GRN FP,10.306,10.905,11.128,11.283,11.386,11.458,11.539,11.605,11.646,11.689,11.737,11.781,11.813,11.842,11.889,11.922,11.964,11.994,12.023,12.062,12.096,12.127,12.161,12.198,12.222,12.252,12.272,12.299,12.322,12.344,12.364,12.39,12.411,12.43,12.449,12.468,12.496,12.516,12.536,12.552,12.569,12.594,12.612,12.636,12.659,12.682,12.7,12.726,12.751,12.769,12.786,12.809,12.834,12.854,12.876,12.897,12.92,12.937,12.959,12.979,12.998,13.021,13.039,13.055,13.077,13.101,13.117,13.139,13.166,13.188,13.215,13.234,13.258,13.283,13.302,13.324,13.355,13.383,13.408,13.443,13.474,13.493,13.522,13.564,13.603,13.632,13.664,13.702,13.745,13.785,13.832,13.883,13.938,14.018,14.078,14.16,14.243,14.367,14.474,14.779,15.386
949,GRN FP,10.306,10.905,11.128,11.283,11.386,11.458,11.539,11.605,11.646,11.689,11.737,11.781,11.813,11.842,11.889,11.922,11.964,11.994,12.023,12.062,12.096,12.127,12.161,12.198,12.222,12.252,12.272,12.299,12.322,12.344,12.364,12.39,12.411,12.43,12.449,12.468,12.496,12.516,12.536,12.552,12.569,12.594,12.612,12.636,12.659,12.682,12.7,12.726,12.751,12.769,12.786,12.809,12.834,12.854,12.876,12.897,12.92,12.937,12.959,12.979,12.998,13.021,13.039,13.055,13.077,13.101,13.117,13.139,13.166,13.188,13.215,13.234,13.258,13.283,13.302,13.324,13.355,13.383,13.408,13.443,13.474,13.493,13.522,13.564,13.603,13.632,13.664,13.702,13.745,13.785,13.832,13.883,13.938,14.018,14.078,14.16,14.243,14.367,14.474,14.779,15.386
950,GRN FP,10.192,10.959,11.15,11.226,11.341,11.436,11.516,11.583,11.637,11.683,11.721,11.769,11.811,11.857,11.894,11.936,11.968,12.009,12.036,12.064,12.092,12.114,12.141,12.17,12.2,12.228,12.257,12.281,12.303,12.329,12.354,12.376,12.408,12.43,12.46,12.479,12.502,12.525,12.55,12.572,12.588,12.608,12.632,12.656,12.682,12.705,12.72,12.742,12.762,12.779,12.805,12.829,12.853,12.872,12.9,12.914,12.936,12.955,12.972,12.991,13.013,13.037,13.054,13.08,13.095,13.12,13.142,13.163,13.187,13.21,13.237,13.262,13.29,13.31,13.338,13.366,13.385,13.411,13.444,13.475,13.504,13.535,13.565,13.602,13.634,13.674,13.705,13.75,13.789,13.823,13.872,13.922,13.977,14.047,14.116,14.214,14.305,14.389,14.553,14.756,15.349
951,GRN FP,10.192,10.959,11.15,11.226,11.341,11.436,11.516,11.583,11.637,11.683,11.721,11.769,11.811,11.857,11.894,11.936,11.968,12.009,12.036,12.064,12.092,12.114,12.141,12.17,12.2,12.228,12.257,12.281,12.303,12.329,12.354,12.376,12.408,12.43,12.46,12.479,12.502,12.525,12.55,12.572,12.588,12.608,12.632,12.656,12.682,12.705,12.72,12.742,12.762,12.779,12.805,12.829,12.853,12.872,12.9,12.914,12.936,12.955,12.972,12.991,13.013,13.037,13.054,13.08,13.095,13.12,13.142,13.163,13.187,13.21,13.237,13.262,13.29,13.31,13.338,13.366,13.385,13.411,13.444,13.475,13.504,13.535,13.565,13.602,13.634,13.674,13.705,13.75,13.789,13.823,13.872,13.922,13.977,14.047,14.116,14.214,14.305,14.389,14.553,14.756,15.349
952,GRN FP,10.326,10.835,11.081,11.216,11.293,11.389,11.472,11.558,11.64,11.692,11.749,11.801,11.846,11.882,11.923,11.958,11.991,12.012,12.041,12.073,12.105,12.135,12.161,12.189,12.218,12.249,12.278,12.305,12.328,12.349,12.37,12.395,12.416,12.437,12.469,12.488,12.506,12.533,12.559,12.579,12.604,12.624,12.645,12.671,12.691,12.716,12.736,12.755,12.784,12.802,12.819,12.837,12.856,12.877,12.898,12.918,12.942,12.967,12.995,13.016,13.039,13.067,13.084,13.109,13.128,13.151,13.168,13.192,13.215,13.232,13.257,13.278,13.311,13.332,13.36,13.391,13.424,13.452,13.483,13.514,13.546,13.576,13.614,13.648,13.685,13.72,13.755,13.788,13.832,13.874,13.929,13.974,14.046,14.09,14.148,14.216,14.311,14.414,14.625,14.837,15.505
953,GRN FP,10.326,10.835,11.081,11.216,11.293,11.389,11.472,11.558,11.64,11.692,11.749,11.801,11.846,11.882,11.923,11.958,11.991,12.012,12.041,12.073,12.105,12.135,12.161,12.189,12.218,12.249,12.278,12.305,12.328,12.349,12.37,12.395,12.416,12.437,12.469,12.488,12.506,12.533,12.559,12.579,12.604,12.624,12.645,12.671,12.691,12.716,12.736,12.755,12.784,12.802,12.819,12.837,12.856,12.877,12.898,12.918,12.942,12.967,12.995,13.016,13.039,13.067,13.084,13.109,13.128,13.151,13.168,13.192,13.215,13.232,13.257,13.278,13.311,13.332,13.36,13.391,13.424,13.452,13.483,13.514,13.546,13.576,13.614,13.648,13.685,13.72,13.755,13.788,13.832,13.874,13.929,13.974,14.046,14.09,14.148,14.216,14.311,14.414,14.625,14.837,15.505
954,GRN FP,10.107,10.614,10.915,11.122,11.23,11.347,11.452,11.509,11.57,11.638,11.7,11.742,11.791,11.844,11.882,11.923,11.958,11.992,12.028,12.059,12.085,12.119,12.144,12.17,12.206,12.233,12.255,12.289,12.313,12.335,12.361,12.387,12.415,12.434,12.462,12.488,12.515,12.544,12.561,12.586,12.617,12.638,12.658,12.685,12.706,12.73,12.749,12.768,12.791,12.814,12.836,12.859,12.877,12.9,12.923,12.946,12.965,12.987,13.013,13.047,13.067,13.082,13.106,13.128,13.152,13.174,13.2,13.22,13.245,13.27,13.291,13.309,13.332,13.36,13.39,13.428,13.462,13.481,13.507,13.528,13.561,13.604,13.633,13.671,13.704,13.74,13.781,13.825,13.877,13.922,13.964,14.01,14.063,14.125,14.208,14.313,14.398,14.544,14.692,14.914,15.602
955,GRN FP,10.107,10.614,10.915,11.122,11.23,11.347,11.452,11.509,11.57,11.638,11.7,11.742,11.791,11.844,11.882,11.923,11.958,11.992,12.028,12.059,12.085,12.119,12.144,12.17,12.206,12.233,12.255,12.289,12.313,12.335,12.361,12.387,12.415,12.434,12.462,12.488,12.515,12.544,12.561,12.586,12.617,12.638,12.658,12.685,12.706,12.73,12.749,12.768,12.791,12.814,12.836,12.859,12.877,12.9,12.923,12.946,12.965,12.987,13.013,13.047,13.067,13.082,13.106,13.128,13.152,13.174,13.2,13.22,13.245,13.27,13.291,13.309,13.332,13.36,13.39,13.428,13.462,13.481,13.507,13.528,13.561,13.604,13.633,13.671,13.704,13.74,13.781,13.825,13.877,13.922,13.964,14.01,14.063,14.125,14.208,14.313,14.398,14.544,14.692,14.914,15.602
956,GRN FP,10.022,10.638,10.87,11.059,11.207,11.304,11.381,11.445,11.532,11.578,11.654,11.725,11.765,11.804,11.843,11.89,11.932,11.972,11.997,12.036,12.069,12.096,12.122,12.15,12.177,12.206,12.24,12.277,12.303,12.329,12.358,12.379,12.395,12.426,12.454,12.476,12.504,12.533,12.557,12.584,12.608,12.627,12.651,12.675,12.701,12.728,12.745,12.762,12.784,12.82,12.842,12.87,12.889,12.909,12.935,12.956,12.977,13.001,13.021,13.04,13.057,13.085,13.111,13.137,13.167,13.203,13.223,13.246,13.274,13.302,13.331,13.352,13.374,13.398,13.43,13.458,13.482,13.509,13.542,13.572,13.606,13.641,13.67,13.701,13.742,13.779,13.822,13.861,13.897,13.946,13.992,14.053,14.108,14.183,14.275,14.358,14.477,14.598,14.757,15.03,15.641
957,GRN FP,10.022,10.638,10.87,11.059,11.207,11.304,11.381,11.445,11.532,11.578,11.654,11.725,11.765,11.804,11.843,11.89,11.932,11.972,11.997,12.036,12.069,12.096,12.122,12.15,12.177,12.206,12.24,12.277,12.303,12.329,12.358,12.379,12.395,12.426,12.454,12.476,12.504,12.533,12.557,12.584,12.608,12.627,12.651,12.675,12.701,12.728,12.745,12.762,12.784,12.82,12.842,12.87,12.889,12.909,12.935,12.956,12.977,13.001,13.021,13.04,13.057,13.085,13.111,13.137,13.167,13.203,13.223,13.246,13.274,13.302,13.331,13.352,13.374,13.398,13.43,13.458,13.482,13.509,13.542,13.572,13.606,13.641,13.67,13.701,13.742,13.779,13.822,13.861,13.897,13.946,13.992,14.053,14.108,14.183,14.275,14.358,14.477,14.598,14.757,15.03,15.641
958,GRN FP,9.853,10.573,10.846,11.049,11.183,11.304,11.389,11.447,11.509,11.571,11.642,11.684,11.733,11.776,11.807,11.859,11.897,11.93,11.964,12.005,12.043,12.073,12.107,12.14,12.169,12.197,12.222,12.247,12.276,12.308,12.338,12.363,12.39,12.415,12.443,12.47,12.496,12.521,12.543,12.57,12.594,12.619,12.642,12.664,12.687,12.708,12.732,12.764,12.785,12.805,12.835,12.864,12.889,12.909,12.936,12.962,12.991,13.011,13.032,13.058,13.084,13.104,13.125,13.147,13.173,13.196,13.222,13.243,13.273,13.297,13.32,13.346,13.369,13.405,13.433,13.463,13.496,13.53,13.563,13.595,13.627,13.659,13.69,13.721,13.754,13.791,13.847,13.894,13.941,13.994,14.056,14.115,14.184,14.258,14.334,14.434,14.549,14.641,14.816,15.01,15.746
959,GRN FP,9.853,10.573,10.846,11.049,11.183,11.304,11.389,11.447,11.509,11.571,11.642,11.684,11.733,11.776,11.807,11.859,11.897,11.93,11.964,12.005,12.043,12.073,12.107,12.14,12.169,12.197,12.222,12.247,12.276,12.308,12.338,12.363,12.39,12.415,12.443,12.47,12.496,12.521,12.543,12.57,12.594,12.619,12.642,12.664,12.687,12.708,12.732,12.764,12.785,12.805,12.835,12.864,12.889,12.909,12.936,12.962,12.991,13.011,13.032,13.058,13.084,13.104,13.125,13.147,13.173,13.196,13.222,13.243,13.273,13.297,13.32,13.346,13.369,13.405,13.433,13.463,13.496,13.53,13.563,13.595,13.627,13.659,13.69,13.721,13.754,13.791,13.847,13.894,13.941,13.994,14.056,14.115,14.184,14.258,14.334,14.434,14.549,14.641,14.816,15.01,15.746
960,GRN FP,9.786,10.531,10.842,11.014,11.162,11.297,11.389,11.438,11.494,11.562,11.627,11.674,11.72,11.763,11.82,11.86,11.893,11.942,11.983,12.014,12.048,12.077,12.107,12.137,12.164,12.196,12.228,12.259,12.289,12.307,12.329,12.357,12.395,12.429,12.453,12.475,12.496,12.518,12.542,12.564,12.589,12.611,12.641,12.663,12.689,12.717,12.742,12.766,12.787,12.813,12.836,12.864,12.89,12.911,12.93,12.956,12.978,13.0,13.025,13.047,13.069,13.091,13.117,13.141,13.166,13.191,13.211,13.237,13.265,13.291,13.318,13.336,13.369,13.419,13.447,13.477,13.508,13.537,13.562,13.597,13.635,13.677,13.714,13.753,13.801,13.838,13.885,13.924,13.976,14.028,14.077,14.132,14.189,14.259,14.347,14.423,14.53,14.677,14.809,15.08,15.921
961,GRN FP,9.786,10.531,10.842,11.014,11.162,11.297,11.389,11.438,11.494,11.562,11.627,11.674,11.72,11.763,11.82,11.86,11.893,11.942,11.983,12.014,12.048,12.077,12.107,12.137,12.164,12.196,12.228,12.259,12.289,12.307,12.329,12.357,12.395,12.429,12.453,12.475,12.496,12.518,12.542,12.564,12.589,12.611,12.641,12.663,12.689,12.717,12.742,12.766,12.787,12.813,12.836,12.864,12.89,12.911,12.93,12.956,12.978,13.0,13.025,13.047,13.069,13.091,13.117,13.141,13.166,13.191,13.211,13.237,13.265,13.291,13.318,13.336,13.369,13.419,13.447,13.477,13.508,13.537,13.562,13.597,13.635,13.677,13.714,13.753,13.801,13.838,13.885,13.924,13.976,14.028,14.077,14.132,14.189,14.259,14.347,14.423,14.53,14.677,14.809,15.08,15.921
962,GRN FP,9.752,10.493,10.799,10.99,11.103,11.234,11.322,11.388,11.472,11.535,11.573,11.619,11.681,11.727,11.77,11.809,11.849,11.906,11.937,11.987,12.028,12.067,12.092,12.135,12.165,12.189,12.232,12.26,12.287,12.319,12.349,12.372,12.4,12.424,12.45,12.478,12.508,12.531,12.557,12.584,12.607,12.632,12.655,12.677,12.701,12.723,12.746,12.771,12.798,12.829,12.853,12.879,12.907,12.93,12.949,12.972,12.997,13.023,13.046,13.076,13.096,13.118,13.137,13.161,13.189,13.21,13.237,13.261,13.289,13.315,13.347,13.382,13.411,13.441,13.471,13.505,13.539,13.572,13.606,13.641,13.669,13.706,13.745,13.777,13.813,13.859,13.899,13.945,14.003,14.053,14.104,14.149,14.22,14.307,14.402,14.475,14.587,14.686,14.856,15.145,16.023
963,GRN FP,9.752,10.493,10.799,10.99,11.103,11.234,11.322,11.388,11.472,11.535,11.573,11.619,11.681,11.727,11.77,11.809,11.849,11.906,11.937,11.987,12.028,12.067,12.092,12.135,12.165,12.189,12.232,12.26,12.287,12.319,12.349,12.372,12.4,12.424,12.45,12.478,12.508,12.531,12.557,12.584,12.607,12.632,12.655,12.677,12.701,12.723,12.746,12.771,12.798,12.829,12.853,12.879,12.907,12.93,12.949,12.972,12.997,13.023,13.046,13.076,13.096,13.118,13.137,13.161,13.189,13.21,13.237,13.261,13.289,13.315,13.347,13.382,13.411,13.441,13.471,13.505,13.539,13.572,13.606,13.641,13.669,13.706,13.745,13.777,13.813,13.859,13.899,13.945,14.003,14.053,14.104,14.149,14.22,14.307,14.402,14.475,14.587,14.686,14.856,15.145,16.023
964,GRN FP,9.822,10.474,10.743,10.932,11.078,11.196,11.282,11.383,11.447,11.523,11.569,11.627,11.68,11.736,11.766,11.809,11.851,11.882,11.923,11.974,12.017,12.059,12.086,12.122,12.151,12.193,12.221,12.246,12.28,12.305,12.337,12.363,12.391,12.421,12.447,12.473,12.498,12.524,12.546,12.577,12.6,12.625,12.645,12.672,12.698,12.724,12.75,12.777,12.803,12.832,12.853,12.879,12.909,12.942,12.961,12.982,13.007,13.031,13.049,13.073,13.098,13.129,13.156,13.186,13.208,13.237,13.269,13.296,13.326,13.364,13.392,13.415,13.445,13.467,13.496,13.526,13.552,13.583,13.62,13.652,13.686,13.716,13.752,13.789,13.835,13.863,13.915,13.972,14.018,14.07,14.144,14.21,14.29,14.359,14.422,14.495,14.586,14.713,14.856,15.111,16.152
965,GRN FP,9.822,10.474,10.743,10.932,11.078,11.196,11.282,11.383,11.447,11.523,11.569,11.627,11.68,11.736,11.766,11.809,11.851,11.882,11.923,11.974,12.017,12.059,12.086,12.122,12.151,12.193,12.221,12.246,12.28,12.305,12.337,12.363,12.391,12.421,12.447,12.473,12.498,12.524,12.546,12.577,12.6,12.625,12.645,12.672,12.698,12.724,12.75,12.777,12.803,12.832,12.853,12.879,12.909,12.942,12.961,12.982,13.007,13.031,13.049,13.073,13.098,13.129,13.156,13.186,13.208,13.237,13.269,13.296,13.326,13.364,13.392,13.415,13.445,13.467,13.496,13.526,13.552,13.583,13.62,13.652,13.686,13.716,13.752,13.789,13.835,13.863,13.915,13.972,14.018,14.07,14.144,14.21,14.29,14.359,14.422,14.495,14.586,14.713,14.856,15.111,16.152
966,GRN FP,9.826,10.503,10.772,10.918,11.024,11.131,11.22,11.31,11.386,11.478,11.541,11.588,11.651,11.7,11.766,11.809,11.86,11.897,11.939,11.983,12.014,12.046,12.087,12.122,12.16,12.203,12.232,12.259,12.29,12.316,12.348,12.375,12.401,12.431,12.461,12.487,12.517,12.553,12.583,12.621,12.637,12.657,12.678,12.702,12.727,12.753,12.781,12.801,12.822,12.852,12.872,12.898,12.917,12.942,12.962,12.992,13.016,13.043,13.069,13.096,13.121,13.142,13.174,13.199,13.221,13.247,13.275,13.309,13.34,13.366,13.395,13.422,13.451,13.484,13.515,13.548,13.577,13.603,13.631,13.663,13.703,13.735,13.778,13.818,13.857,13.9,13.939,13.99,14.05,14.115,14.177,14.244,14.324,14.385,14.457,14.55,14.651,14.755,14.89,15.171,16.418
967,GRN FP,9.826,10.503,10.772,10.918,11.024,11.131,11.22,11.31,11.386,11.478,11.541,11.588,11.651,11.7,11.766,11.809,11.86,11.897,11.939,11.983,12.014,12.046,12.087,12.122,12.16,12.203,12.232,12.259,12.29,12.316,12.348,12.375,12.401,12.431,12.461,12.487,12.517,12.553,12.583,12.621,12.637,12.657,12.678,12.702,12.727,12.753,12.781,12.801,12.822,12.852,12.872,12.898,12.917,12.942,12.962,12.992,13.016,13.043,13.069,13.096,13.121,13.142,13.174,13.199,13.221,13.247,13.275,13.309,13.34,13.366,13.395,13.422,13.451,13.484,13.515,13.548,13.577,13.603,13.631,13.663,13.703,13.735,13.778,13.818,13.857,13.9,13.939,13.99,14.05,14.115,14.177,14.244,14.324,14.385,14.457,14.55,14.651,14.755,14.89,15.171,16.418
968,GRN FP,9.914,10.579,10.797,10.956,11.07,11.175,11.244,11.317,11.397,11.469,11.531,11.583,11.636,11.677,11.731,11.794,11.84,11.885,11.93,11.97,12.007,12.048,12.088,12.128,12.158,12.187,12.221,12.251,12.285,12.317,12.35,12.372,12.401,12.428,12.453,12.477,12.497,12.53,12.56,12.588,12.611,12.64,12.662,12.687,12.714,12.743,12.77,12.802,12.834,12.852,12.878,12.903,12.924,12.948,12.973,12.995,13.016,13.039,13.068,13.088,13.119,13.142,13.165,13.192,13.219,13.244,13.27,13.301,13.329,13.359,13.384,13.419,13.457,13.483,13.511,13.544,13.569,13.608,13.641,13.674,13.708,13.749,13.785,13.834,13.879,13.921,13.963,14.017,14.07,14.125,14.181,14.219,14.297,14.379,14.481,14.593,14.694,14.784,14.911,15.286,16.325
969,GRN FP,9.914,10.579,10.797,10.956,11.07,11.175,11.244,11.317,11.397,11.469,11.531,11.583,11.636,11.677,11.731,11.794,11.84,11.885,11.93,11.97,12.007,12.048,12.088,12.128,12.158,12.187,12.221,12.251,12.285,12.317,12.35,12.372,12.401,12.428,12.453,12.477,12.497,12.53,12.56,12.588,12.611,12.64,12.662,12.687,12.714,12.743,12.77,12.802,12.834,12.852,12.878,12.903,12.924,12.948,12.973,12.995,13.016,13.039,13.068,13.088,13.119,13.142,13.165,13.192,13.219,13.244,13.27,13.301,13.329,13.359,13.384,13.419,13.457,13.483,13.511,13.544,13.569,13.608,13.641,13.674,13.708,13.749,13.785,13.834,13.879,13.921,13.963,14.017,14.07,14.125,14.181,14.219,14.297,14.379,14.481,14.593,14.694,14.784,14.911,15.286,16.325
970,GRN FP,9.835,10.502,10.784,10.914,11.033,11.152,11.247,11.326,11.394,11.448,11.533,11.596,11.661,11.715,11.777,11.814,11.865,11.91,11.953,11.982,12.021,12.061,12.094,12.127,12.155,12.182,12.209,12.242,12.267,12.304,12.339,12.367,12.396,12.425,12.448,12.478,12.514,12.539,12.565,12.594,12.628,12.653,12.681,12.701,12.722,12.755,12.778,12.803,12.829,12.852,12.872,12.904,12.923,12.953,12.989,13.009,13.038,13.061,13.095,13.116,13.136,13.161,13.192,13.211,13.241,13.265,13.292,13.325,13.349,13.381,13.408,13.444,13.469,13.5,13.532,13.561,13.589,13.621,13.654,13.685,13.722,13.769,13.804,13.846,13.878,13.916,13.959,14.011,14.056,14.124,14.185,14.263,14.315,14.411,14.52,14.607,14.699,14.819,14.964,15.326,16.41
971,GRN FP,9.835,10.502,10.784,10.914,11.033,11.152,11.247,11.326,11.394,11.448,11.533,11.596,11.661,11.715,11.777,11.814,11.865,11.91,11.953,11.982,12.021,12.061,12.094,12.127,12.155,12.182,12.209,12.242,12.267,12.304,12.339,12.367,12.396,12.425,12.448,12.478,12.514,12.539,12.565,12.594,12.628,12.653,12.681,12.701,12.722,12.755,12.778,12.803,12.829,12.852,12.872,12.904,12.923,12.953,12.989,13.009,13.038,13.061,13.095,13.116,13.136,13.161,13.192,13.211,13.241,13.265,13.292,13.325,13.349,13.381,13.408,13.444,13.469,13.5,13.532,13.561,13.589,13.621,13.654,13.685,13.722,13.769,13.804,13.846,13.878,13.916,13.959,14.011,14.056,14.124,14.185,14.263,14.315,14.411,14.52,14.607,14.699,14.819,14.964,15.326,16.41
972,GRN FP,9.642,10.535,10.793,10.98,11.083,11.19,11.292,11.373,11.436,11.498,11.544,11.601,11.65,11.704,11.743,11.794,11.836,11.871,11.912,11.949,11.981,12.022,12.062,12.097,12.131,12.178,12.207,12.244,12.277,12.314,12.347,12.374,12.413,12.443,12.469,12.498,12.527,12.552,12.58,12.6,12.629,12.652,12.681,12.714,12.748,12.773,12.8,12.83,12.859,12.881,12.902,12.927,12.958,12.984,13.008,13.027,13.05,13.08,13.106,13.139,13.173,13.201,13.221,13.248,13.27,13.292,13.325,13.352,13.382,13.405,13.432,13.468,13.492,13.512,13.539,13.571,13.603,13.639,13.676,13.714,13.753,13.785,13.826,13.862,13.905,13.947,13.991,14.044,14.093,14.155,14.203,14.259,14.342,14.433,14.517,14.63,14.736,14.877,15.041,15.399,16.621
973,GRN FP,9.642,10.535,10.793,10.98,11.083,11.19,11.292,11.373,11.436,11.498,11.544,11.601,11.65,11.704,11.743,11.794,11.836,11.871,11.912,11.949,11.981,12.022,12.062,12.097,12.131,12.178,12.207,12.244,12.277,12.314,12.347,12.374,12.413,12.443,12.469,12.498,12.527,12.552,12.58,12.6,12.629,12.652,12.681,12.714,12.748,12.773,12.8,12.83,12.859,12.881,12.902,12.927,12.958,12.984,13.008,13.027,13.05,13.08,13.106,13.139,13.173,13.201,13.221,13.248,13.27,13.292,13.325,13.352,13.382,13.405,13.432,13.468,13.492,13.512,13.539,13.571,13.603,13.639,13.676,13.714,13.753,13.785,13.826,13.862,13.905,13.947,13.991,14.044,14.093,14.155,14.203,14.259,14.342,14.433,14.517,14.63,14.736,14.877,15.041,15.399,16.621
974,GRN FP,9.558,10.453,10.816,10.981,11.084,11.191,11.296,11.378,11.451,11.511,11.576,11.627,11.697,11.743,11.791,11.837,11.876,11.925,11.967,12.01,12.038,12.073,12.121,12.162,12.183,12.206,12.226,12.257,12.29,12.311,12.34,12.366,12.389,12.422,12.46,12.484,12.514,12.544,12.578,12.609,12.635,12.663,12.693,12.718,12.746,12.764,12.79,12.816,12.842,12.869,12.895,12.926,12.957,12.989,13.008,13.044,13.07,13.097,13.126,13.157,13.184,13.214,13.244,13.268,13.292,13.322,13.349,13.372,13.401,13.431,13.464,13.487,13.518,13.547,13.572,13.603,13.635,13.665,13.693,13.727,13.761,13.793,13.831,13.879,13.922,13.962,13.997,14.054,14.118,14.178,14.244,14.304,14.382,14.458,14.536,14.67,14.792,14.912,15.142,15.412,16.321
975,GRN FP,9.558,10.453,10.816,10.981,11.084,11.191,11.296,11.378,11.451,11.511,11.576,11.627,11.697,11.743,11.791,11.837,11.876,11.925,11.967,12.01,12.038,12.073,12.121,12.162,12.183,12.206,12.226,12.257,12.29,12.311,12.34,12.366,12.389,12.422,12.46,12.484,12.514,12.544,12.578,12.609,12.635,12.663,12.693,12.718,12.746,12.764,12.79,12.816,12.842,12.869,12.895,12.926,12.957,12.989,13.008,13.044,13.07,13.097,13.126,13.157,13.184,13.214,13.244,13.268,13.292,13.322,13.349,13.372,13.401,13.431,13.464,13.487,13.518,13.547,13.572,13.603,13.635,13.665,13.693,13.727,13.761,13.793,13.831,13.879,13.922,13.962,13.997,14.054,14.118,14.178,14.244,14.304,14.382,14.458,14.536,14.67,14.792,14.912,15.142,15.412,16.321
976,GRN FP,9.571,10.454,10.797,10.987,11.119,11.21,11.312,11.39,11.47,11.529,11.58,11.643,11.694,11.751,11.793,11.834,11.87,11.906,11.947,12.0,12.04,12.076,12.107,12.139,12.173,12.2,12.232,12.27,12.302,12.324,12.364,12.388,12.417,12.456,12.483,12.508,12.539,12.565,12.594,12.615,12.64,12.666,12.704,12.732,12.757,12.788,12.816,12.842,12.873,12.898,12.918,12.944,12.977,13.007,13.029,13.06,13.09,13.122,13.148,13.168,13.194,13.213,13.241,13.268,13.296,13.324,13.351,13.374,13.405,13.432,13.467,13.504,13.534,13.568,13.595,13.623,13.65,13.68,13.716,13.748,13.783,13.822,13.856,13.894,13.935,13.978,14.023,14.061,14.101,14.158,14.218,14.27,14.356,14.445,14.558,14.653,14.808,14.979,15.161,15.483,16.43
977,GRN FP,9.571,10.454,10.797,10.987,11.119,11.21,11.312,11.39,11.47,11.529,11.58,11.643,11.694,11.751,11.793,11.834,11.87,11.906,11.947,12.0,12.04,12.076,12.107,12.139,12.173,12.2,12.232,12.27,12.302,12.324,12.364,12.388,12.417,12.456,12.483,12.508,12.539,12.565,12.594,12.615,12.64,12.666,12.704,12.732,12.757,12.788,12.816,12.842,12.873,12.898,12.918,12.944,12.977,13.007,13.029,13.06,13.09,13.122,13.148,13.168,13.194,13.213,13.241,13.268,13.296,13.324,13.351,13.374,13.405,13.432,13.467,13.504,13.534,13.568,13.595,13.623,13.65,13.68,13.716,13.748,13.783,13.822,13.856,13.894,13.935,13.978,14.023,14.061,14.101,14.158,14.218,14.27,14.356,14.445,14.558,14.653,14.808,14.979,15.161,15.483,16.43
978,GRN FP,9.808,10.479,10.748,10.952,11.08,11.216,11.34,11.417,11.48,11.551,11.605,11.658,11.714,11.761,11.812,11.85,11.893,11.936,11.98,12.022,12.056,12.094,12.134,12.178,12.206,12.235,12.259,12.286,12.312,12.336,12.37,12.396,12.429,12.462,12.489,12.512,12.551,12.584,12.606,12.634,12.662,12.69,12.718,12.746,12.78,12.801,12.827,12.852,12.877,12.901,12.92,12.947,12.972,13.0,13.025,13.054,13.084,13.109,13.137,13.165,13.2,13.222,13.246,13.283,13.314,13.343,13.37,13.406,13.437,13.463,13.487,13.517,13.536,13.566,13.608,13.634,13.666,13.696,13.728,13.76,13.796,13.832,13.866,13.902,13.935,13.981,14.022,14.067,14.122,14.182,14.229,14.293,14.353,14.436,14.528,14.636,14.81,14.938,15.113,15.448,16.497
979,GRN FP,9.808,10.479,10.748,10.952,11.08,11.216,11.34,11.417,11.48,11.551,11.605,11.658,11.714,11.761,11.812,11.85,11.893,11.936,11.98,12.022,12.056,12.094,12.134,12.178,12.206,12.235,12.259,12.286,12.312,12.336,12.37,12.396,12.429,12.462,12.489,12.512,12.551,12.584,12.606,12.634,12.662,12.69,12.718,12.746,12.78,12.801,12.827,12.852,12.877,12.901,12.92,12.947,12.972,13.0,13.025,13.054,13.084,13.109,13.137,13.165,13.2,13.222,13.246,13.283,13.314,13.343,13.37,13.406,13.437,13.463,13.487,13.517,13.536,13.566,13.608,13.634,13.666,13.696,13.728,13.76,13.796,13.832,13.866,13.902,13.935,13.981,14.022,14.067,14.122,14.182,14.229,14.293,14.353,14.436,14.528,14.636,14.81,14.938,15.113,15.448,16.497
980,GRN FP,9.797,10.603,10.825,10.957,11.107,11.237,11.334,11.421,11.506,11.569,11.636,11.686,11.734,11.783,11.816,11.854,11.897,11.944,11.981,12.027,12.065,12.107,12.137,12.171,12.2,12.242,12.27,12.307,12.334,12.369,12.395,12.423,12.452,12.482,12.512,12.544,12.574,12.597,12.632,12.655,12.687,12.719,12.741,12.764,12.789,12.826,12.853,12.878,12.898,12.919,12.942,12.963,12.987,13.02,13.048,13.08,13.105,13.131,13.159,13.185,13.208,13.233,13.261,13.284,13.309,13.331,13.363,13.385,13.414,13.436,13.468,13.509,13.539,13.575,13.616,13.658,13.683,13.718,13.752,13.782,13.82,13.854,13.888,13.923,13.96,14.003,14.04,14.08,14.14,14.188,14.241,14.3,14.399,14.467,14.566,14.68,14.779,14.918,15.141,15.459,16.519
981,GRN FP,9.797,10.603,10.825,10.957,11.107,11.237,11.334,11.421,11.506,11.569,11.636,11.686,11.734,11.783,11.816,11.854,11.897,11.944,11.981,12.027,12.065,12.107,12.137,12.171,12.2,12.242,12.27,12.307,12.334,12.369,12.395,12.423,12.452,12.482,12.512,12.544,12.574,12.597,12.632,12.655,12.687,12.719,12.741,12.764,12.789,12.826,12.853,12.878,12.898,12.919,12.942,12.963,12.987,13.02,13.048,13.08,13.105,13.131,13.159,13.185,13.208,13.233,13.261,13.284,13.309,13.331,13.363,13.385,13.414,13.436,13.468,13.509,13.539,13.575,13.616,13.658,13.683,13.718,13.752,13.782,13.82,13.854,13.888,13.923,13.96,14.003,14.04,14.08,14.14,14.188,14.241,14.3,14.399,14.467,14.566,14.68,14.779,14.918,15.141,15.459,16.519
982,GRN FP,9.811,10.553,10.865,11.018,11.151,11.259,11.359,11.428,11.504,11.563,11.621,11.692,11.74,11.794,11.84,11.89,11.927,11.973,12.006,12.046,12.083,12.118,12.155,12.195,12.223,12.255,12.287,12.312,12.341,12.376,12.404,12.435,12.458,12.491,12.52,12.551,12.579,12.6,12.632,12.66,12.69,12.712,12.74,12.767,12.796,12.82,12.85,12.871,12.898,12.922,12.951,12.974,13.0,13.018,13.049,13.079,13.099,13.132,13.154,13.175,13.206,13.234,13.266,13.303,13.33,13.356,13.375,13.406,13.447,13.474,13.5,13.53,13.562,13.599,13.631,13.652,13.691,13.719,13.757,13.796,13.824,13.854,13.889,13.931,13.977,14.02,14.056,14.1,14.155,14.211,14.252,14.322,14.388,14.441,14.529,14.633,14.75,14.883,15.068,15.354,16.482
983,GRN FP,9.811,10.553,10.865,11.018,11.151,11.259,11.359,11.428,11.504,11.563,11.621,11.692,11.74,11.794,11.84,11.89,11.927,11.973,12.006,12.046,12.083,12.118,12.155,12.195,12.223,12.255,12.287,12.312,12.341,12.376,12.404,12.435,12.458,12.491,12.52,12.551,12.579,12.6,12.632,12.66,12.69,12.712,12.74,12.767,12.796,12.82,12.85,12.871,12.898,12.922,12.951,12.974,13.0,13.018,13.049,13.079,13.099,13.132,13.154,13.175,13.206,13.234,13.266,13.303,13.33,13.356,13.375,13.406,13.447,13.474,13.5,13.53,13.562,13.599,13.631,13.652,13.691,13.719,13.757,13.796,13.824,13.854,13.889,13.931,13.977,14.02,14.056,14.1,14.155,14.211,14.252,14.322,14.388,14.441,14.529,14.633,14.75,14.883,15.068,15.354,16.482
984,GRN FP,9.952,10.613,10.93,11.12,11.23,11.327,11.401,11.49,11.563,11.628,11.695,11.742,11.778,11.822,11.876,11.921,11.959,11.996,12.039,12.076,12.117,12.154,12.186,12.221,12.25,12.286,12.314,12.337,12.367,12.403,12.434,12.46,12.485,12.514,12.54,12.566,12.595,12.631,12.66,12.684,12.713,12.743,12.764,12.786,12.809,12.835,12.858,12.879,12.907,12.933,12.96,12.976,13.006,13.025,13.054,13.082,13.11,13.136,13.164,13.187,13.216,13.248,13.271,13.296,13.322,13.353,13.386,13.41,13.431,13.463,13.492,13.519,13.545,13.58,13.604,13.641,13.675,13.706,13.742,13.781,13.819,13.853,13.906,13.947,13.984,14.028,14.057,14.103,14.138,14.19,14.257,14.314,14.375,14.438,14.509,14.606,14.715,14.865,15.015,15.231,16.232
985,GRN FP,9.952,10.613,10.93,11.12,11.23,11.327,11.401,11.49,11.563,11.628,11.695,11.742,11.778,11.822,11.876,11.921,11.959,11.996,12.039,12.076,12.117,12.154,12.186,12.221,12.25,12.286,12.314,12.337,12.367,12.403,12.434,12.46,12.485,12.514,12.54,12.566,12.595,12.631,12.66,12.684,12.713,12.743,12.764,12.786,12.809,12.835,12.858,12.879,12.907,12.933,12.96,12.976,13.006,13.025,13.054,13.082,13.11,13.136,13.164,13.187,13.216,13.248,13.271,13.296,13.322,13.353,13.386,13.41,13.431,13.463,13.492,13.519,13.545,13.58,13.604,13.641,13.675,13.706,13.742,13.781,13.819,13.853,13.906,13.947,13.984,14.028,14.057,14.103,14.138,14.19,14.257,14.314,14.375,14.438,14.509,14.606,14.715,14.865,15.015,15.231,16.232
986,GRN FP,9.733,10.7,10.993,11.151,11.273,11.366,11.454,11.543,11.605,11.66,11.72,11.776,11.818,11.858,11.907,11.955,11.983,12.016,12.066,12.089,12.132,12.16,12.202,12.238,12.273,12.302,12.326,12.368,12.392,12.422,12.462,12.491,12.518,12.541,12.566,12.592,12.612,12.641,12.661,12.688,12.712,12.743,12.77,12.796,12.823,12.855,12.875,12.902,12.917,12.947,12.971,12.998,13.031,13.05,13.074,13.098,13.123,13.147,13.165,13.188,13.208,13.239,13.271,13.301,13.332,13.361,13.388,13.412,13.445,13.476,13.509,13.544,13.565,13.602,13.632,13.665,13.697,13.727,13.762,13.789,13.813,13.85,13.893,13.92,13.958,14.015,14.058,14.097,14.154,14.201,14.235,14.284,14.363,14.443,14.503,14.593,14.682,14.806,14.995,15.324,15.814
987,GRN FP,9.733,10.7,10.993,11.151,11.273,11.366,11.454,11.543,11.605,11.66,11.72,11.776,11.818,11.858,11.907,11.955,11.983,12.016,12.066,12.089,12.132,12.16,12.202,12.238,12.273,12.302,12.326,12.368,12.392,12.422,12.462,12.491,12.518,12.541,12.566,12.592,12.612,12.641,12.661,12.688,12.712,12.743,12.77,12.796,12.823,12.855,12.875,12.902,12.917,12.947,12.971,12.998,13.031,13.05,13.074,13.098,13.123,13.147,13.165,13.188,13.208,13.239,13.271,13.301,13.332,13.361,13.388,13.412,13.445,13.476,13.509,13.544,13.565,13.602,13.632,13.665,13.697,13.727,13.762,13.789,13.813,13.85,13.893,13.92,13.958,14.015,14.058,14.097,14.154,14.201,14.235,14.284,14.363,14.443,14.503,14.593,14.682,14.806,14.995,15.324,15.814
988,GRN FP,10.01,10.794,11.065,11.231,11.351,11.421,11.49,11.567,11.621,11.683,11.738,11.792,11.842,11.882,11.933,11.982,12.023,12.057,12.095,12.138,12.166,12.202,12.232,12.267,12.3,12.33,12.362,12.395,12.425,12.455,12.484,12.51,12.54,12.567,12.596,12.621,12.652,12.682,12.718,12.743,12.762,12.778,12.802,12.825,12.846,12.875,12.899,12.92,12.94,12.969,12.992,13.018,13.042,13.066,13.091,13.112,13.144,13.175,13.199,13.228,13.251,13.273,13.299,13.329,13.364,13.387,13.415,13.437,13.467,13.491,13.529,13.549,13.574,13.6,13.621,13.655,13.689,13.726,13.749,13.78,13.82,13.855,13.891,13.925,13.96,13.992,14.041,14.085,14.135,14.178,14.231,14.294,14.357,14.431,14.5,14.608,14.699,14.809,14.981,15.235,15.939
989,GRN FP,10.01,10.794,11.065,11.231,11.351,11.421,11.49,11.567,11.621,11.683,11.738,11.792,11.842,11.882,11.933,11.982,12.023,12.057,12.095,12.138,12.166,12.202,12.232,12.267,12.3,12.33,12.362,12.395,12.425,12.455,12.484,12.51,12.54,12.567,12.596,12.621,12.652,12.682,12.718,12.743,12.762,12.778,12.802,12.825,12.846,12.875,12.899,12.92,12.94,12.969,12.992,13.018,13.042,13.066,13.091,13.112,13.144,13.175,13.199,13.228,13.251,13.273,13.299,13.329,13.364,13.387,13.415,13.437,13.467,13.491,13.529,13.549,13.574,13.6,13.621,13.655,13.689,13.726,13.749,13.78,13.82,13.855,13.891,13.925,13.96,13.992,14.041,14.085,14.135,14.178,14.231,14.294,14.357,14.431,14.5,14.608,14.699,14.809,14.981,15.235,15.939
990,GRN FP,10.146,10.818,11.134,11.261,11.376,11.484,11.549,11.608,11.659,11.722,11.777,11.809,11.851,11.9,11.954,12.009,12.048,12.072,12.109,12.144,12.177,12.206,12.236,12.267,12.303,12.331,12.354,12.379,12.415,12.439,12.472,12.507,12.533,12.561,12.588,12.621,12.649,12.68,12.705,12.731,12.748,12.775,12.8,12.836,12.866,12.885,12.912,12.933,12.953,12.982,13.007,13.041,13.059,13.076,13.099,13.119,13.148,13.182,13.204,13.235,13.258,13.277,13.298,13.324,13.349,13.381,13.411,13.441,13.464,13.488,13.514,13.545,13.574,13.605,13.63,13.655,13.686,13.711,13.742,13.782,13.815,13.851,13.879,13.921,13.954,13.992,14.031,14.066,14.113,14.16,14.211,14.265,14.328,14.395,14.476,14.565,14.675,14.806,14.981,15.243,15.859
991,GRN FP,10.146,10.818,11.134,11.261,11.376,11.484,11.549,11.608,11.659,11.722,11.777,11.809,11.851,11.9,11.954,12.009,12.048,12.072,12.109,12.144,12.177,12.206,12.236,12.267,12.303,12.331,12.354,12.379,12.415,12.439,12.472,12.507,12.533,12.561,12.588,12.621,12.649,12.68,12.705,12.731,12.748,12.775,12.8,12.836,12.866,12.885,12.912,12.933,12.953,12.982,13.007,13.041,13.059,13.076,13.099,13.119,13.148,13.182,13.204,13.235,13.258,13.277,13.298,13.324,13.349,13.381,13.411,13.441,13.464,13.488,13.514,13.545,13.574,13.605,13.63,13.655,13.686,13.711,13.742,13.782,13.815,13.851,13.879,13.921,13.954,13.992,14.031,14.066,14.113,14.16,14.211,14.265,14.328,14.395,14.476,14.565,14.675,14.806,14.981,15.243,15.859
992,GRN FP,10.387,10.987,11.208,11.349,11.426,11.503,11.582,11.662,11.723,11.775,11.829,11.869,11.904,11.954,11.986,12.029,12.063,12.098,12.132,12.163,12.189,12.222,12.254,12.283,12.319,12.35,12.391,12.421,12.453,12.485,12.517,12.538,12.565,12.601,12.62,12.646,12.667,12.689,12.714,12.741,12.769,12.793,12.815,12.846,12.868,12.889,12.911,12.939,12.966,12.983,13.004,13.026,13.046,13.072,13.099,13.124,13.15,13.169,13.193,13.218,13.241,13.265,13.295,13.315,13.34,13.373,13.408,13.424,13.455,13.478,13.505,13.542,13.582,13.601,13.63,13.657,13.682,13.705,13.749,13.782,13.814,13.843,13.874,13.906,13.947,13.991,14.044,14.079,14.119,14.181,14.229,14.267,14.322,14.373,14.435,14.541,14.607,14.718,14.911,15.157,15.839
993,GRN FP,10.387,10.987,11.208,11.349,11.426,11.503,11.582,11.662,11.723,11.775,11.829,11.869,11.904,11.954,11.986,12.029,12.063,12.098,12.132,12.163,12.189,12.222,12.254,12.283,12.319,12.35,12.391,12.421,12.453,12.485,12.517,12.538,12.565,12.601,12.62,12.646,12.667,12.689,12.714,12.741,12.769,12.793,12.815,12.846,12.868,12.889,12.911,12.939,12.966,12.983,13.004,13.026,13.046,13.072,13.099,13.124,13.15,13.169,13.193,13.218,13.241,13.265,13.295,13.315,13.34,13.373,13.408,13.424,13.455,13.478,13.505,13.542,13.582,13.601,13.63,13.657,13.682,13.705,13.749,13.782,13.814,13.843,13.874,13.906,13.947,13.991,14.044,14.079,14.119,14.181,14.229,14.267,14.322,14.373,14.435,14.541,14.607,14.718,14.911,15.157,15.839
994,GRN FP,10.54,11.041,11.23,11.372,11.48,11.584,11.661,11.706,11.779,11.823,11.87,11.911,11.948,11.993,12.031,12.071,12.106,12.141,12.177,12.203,12.234,12.257,12.292,12.325,12.351,12.393,12.417,12.439,12.464,12.499,12.531,12.558,12.584,12.611,12.637,12.66,12.692,12.712,12.737,12.765,12.786,12.812,12.834,12.862,12.882,12.905,12.928,12.95,12.978,12.996,13.022,13.046,13.068,13.086,13.108,13.136,13.161,13.19,13.215,13.235,13.258,13.285,13.307,13.336,13.362,13.401,13.427,13.45,13.474,13.505,13.527,13.55,13.573,13.606,13.635,13.662,13.687,13.723,13.745,13.781,13.806,13.834,13.872,13.901,13.949,13.983,14.02,14.054,14.095,14.146,14.19,14.229,14.286,14.343,14.402,14.494,14.613,14.734,14.85,15.06,15.805
995,GRN FP,10.54,11.041,11.23,11.372,11.48,11.584,11.661,11.706,11.779,11.823,11.87,11.911,11.948,11.993,12.031,12.071,12.106,12.141,12.177,12.203,12.234,12.257,12.292,12.325,12.351,12.393,12.417,12.439,12.464,12.499,12.531,12.558,12.584,12.611,12.637,12.66,12.692,12.712,12.737,12.765,12.786,12.812,12.834,12.862,12.882,12.905,12.928,12.95,12.978,12.996,13.022,13.046,13.068,13.086,13.108,13.136,13.161,13.19,13.215,13.235,13.258,13.285,13.307,13.336,13.362,13.401,13.427,13.45,13.474,13.505,13.527,13.55,13.573,13.606,13.635,13.662,13.687,13.723,13.745,13.781,13.806,13.834,13.872,13.901,13.949,13.983,14.02,14.054,14.095,14.146,14.19,14.229,14.286,14.343,14.402,14.494,14.613,14.734,14.85,15.06,15.805
996,GRN FP,10.648,11.144,11.354,11.482,11.582,11.658,11.706,11.761,11.823,11.883,11.923,11.972,12.03,12.077,12.111,12.148,12.184,12.219,12.256,12.285,12.313,12.339,12.369,12.405,12.437,12.458,12.482,12.508,12.529,12.554,12.575,12.596,12.631,12.662,12.683,12.704,12.729,12.752,12.778,12.797,12.822,12.84,12.867,12.886,12.905,12.925,12.944,12.973,13.001,13.022,13.048,13.072,13.093,13.112,13.129,13.152,13.173,13.198,13.224,13.249,13.273,13.298,13.317,13.344,13.362,13.384,13.411,13.432,13.46,13.488,13.509,13.534,13.56,13.582,13.606,13.638,13.666,13.689,13.721,13.75,13.779,13.823,13.851,13.879,13.908,13.941,13.972,14.02,14.06,14.1,14.142,14.187,14.242,14.284,14.348,14.433,14.516,14.633,14.822,15.027,15.729
997,GRN FP,10.648,11.144,11.354,11.482,11.582,11.658,11.706,11.761,11.823,11.883,11.923,11.972,12.03,12.077,12.111,12.148,12.184,12.219,12.256,12.285,12.313,12.339,12.369,12.405,12.437,12.458,12.482,12.508,12.529,12.554,12.575,12.596,12.631,12.662,12.683,12.704,12.729,12.752,12.778,12.797,12.822,12.84,12.867,12.886,12.905,12.925,12.944,12.973,13.001,13.022,13.048,13.072,13.093,13.112,13.129,13.152,13.173,13.198,13.224,13.249,13.273,13.298,13.317,13.344,13.362,13.384,13.411,13.432,13.46,13.488,13.509,13.534,13.56,13.582,13.606,13.638,13.666,13.689,13.721,13.75,13.779,13.823,13.851,13.879,13.908,13.941,13.972,14.02,14.06,14.1,14.142,14.187,14.242,14.284,14.348,14.433,14.516,14.633,14.822,15.027,15.729
998,GRN FP,10.55,11.047,11.311,11.41,11.559,11.626,11.731,11.795,11.849,11.912,11.953,11.997,12.047,12.079,12.117,12.148,12.182,12.204,12.237,12.269,12.3,12.321,12.349,12.385,12.415,12.443,12.467,12.489,12.514,12.54,12.561,12.585,12.61,12.638,12.659,12.681,12.707,12.733,12.753,12.781,12.801,12.825,12.849,12.867,12.891,12.909,12.928,12.95,12.977,13.0,13.019,13.048,13.065,13.089,13.111,13.134,13.156,13.179,13.204,13.224,13.24,13.261,13.285,13.307,13.329,13.349,13.376,13.398,13.422,13.449,13.477,13.508,13.54,13.568,13.596,13.622,13.65,13.667,13.697,13.731,13.753,13.79,13.82,13.861,13.88,13.928,13.968,14.005,14.037,14.067,14.11,14.157,14.208,14.274,14.35,14.416,14.505,14.615,14.746,14.944,15.439
999,GRN FP,10.55,11.047,11.311,11.41,11.559,11.626,11.731,11.795,11.849,11.912,11.953,11.997,12.047,12.079,12.117,12.148,12.182,12.204,12.237,12.269,12.3,12.321,12.349,12.385,12.415,12.443,12.467,12.489,12.514,12.54,12.561,12.585,12.61,12.638,12.659,12.681,12.707,12.733,12.753,12.781,12.801,12.825,12.849,12.867,12.891,12.909,12.928,12.95,12.977,13.0,13.019,13.048,13.065,13.089,13.111,13.134,13.156,13.179,13.204,13.224,13.24,13.261,13.285,13.307,13.329,13.349,13.376,13.398,13.422,13.449,13.477,13.508,13.54,13.568,13.596,13.622,13.65,13.667,13.697,13.731,13.753,13.79,13.82,13.861,13.88,13.928,13.968,14.005,14.037,14.067,14.11,14.157,14.208,14.274,14.35,14.416,14.505,14.615,14.746,14.944,15.439
1000,GRN FP,10.429,11.126,11.343,11.458,11.565,11.66,11.731,11.795,11.865,11.909,11.958,12.022,12.06,12.1,12.131,12.167,12.191,12.227,12.26,12.288,12.309,12.334,12.353,12.376,12.405,12.436,12.46,12.483,12.51,12.538,12.564,12.588,12.608,12.63,12.649,12.672,12.699,12.723,12.75,12.769,12.787,12.808,12.83,12.852,12.872,12.9,12.921,12.939,12.961,12.984,13.007,13.032,13.051,13.07,13.09,13.11,13.125,13.149,13.171,13.192,13.21,13.238,13.261,13.293,13.313,13.331,13.354,13.375,13.4,13.423,13.448,13.469,13.496,13.514,13.542,13.564,13.586,13.617,13.645,13.681,13.716,13.744,13.775,13.816,13.846,13.876,13.911,13.95,13.986,14.035,14.074,14.115,14.159,14.202,14.263,14.335,14.417,14.506,14.678,14.959,15.39
1001,GRN FP,10.429,11.126,11.343,11.458,11.565,11.66,11.731,11.795,11.865,11.909,11.958,12.022,12.06,12.1,12.131,12.167,12.191,12.227,12.26,12.288,12.309,12.334,12.353,12.376,12.405,12.436,12.46,12.483,12.51,12.538,12.564,12.588,12.608,12.63,12.649,12.672,12.699,12.723,12.75,12.769,12.787,12.808,12.83,12.852,12.872,12.9,12.921,12.939,12.961,12.984,13.007,13.032,13.051,13.07,13.09,13.11,13.125,13.149,13.171,13.192,13.21,13.238,13.261,13.293,13.313,13.331,13.354,13.375,13.4,13.423,13.448,13.469,13.496,13.514,13.542,13.564,13.586,13.617,13.645,13.681,13.716,13.744,13.775,13.816,13.846,13.876,13.911,13.95,13.986,14.035,14.074,14.115,14.159,14.202,14.263,14.335,14.417,14.506,14.678,14.959,15.39
1002,GRN FP,10.449,11.17,11.357,11.486,11.583,11.654,11.738,11.792,11.856,11.925,11.963,11.999,12.037,12.071,12.106,12.142,12.175,12.208,12.245,12.286,12.317,12.343,12.371,12.399,12.428,12.449,12.468,12.491,12.516,12.537,12.562,12.588,12.608,12.631,12.651,12.67,12.695,12.716,12.735,12.757,12.773,12.791,12.812,12.83,12.854,12.865,12.884,12.912,12.928,12.945,12.97,12.985,13.009,13.032,13.057,13.076,13.094,13.116,13.138,13.155,13.181,13.203,13.229,13.246,13.265,13.286,13.309,13.334,13.35,13.376,13.4,13.425,13.452,13.481,13.506,13.528,13.554,13.58,13.614,13.64,13.665,13.694,13.725,13.762,13.789,13.825,13.857,13.905,13.942,13.975,14.009,14.06,14.111,14.171,14.238,14.309,14.392,14.497,14.641,14.8,15.347
1003,GRN FP,10.449,11.17,11.357,11.486,11.583,11.654,11.738,11.792,11.856,11.925,11.963,11.999,12.037,12.071,12.106,12.142,12.175,12.208,12.245,12.286,12.317,12.343,12.371,12.399,12.428,12.449,12.468,12.491,12.516,12.537,12.562,12.588,12.608,12.631,12.651,12.67,12.695,12.716,12.735,12.757,12.773,12.791,12.812,12.83,12.854,12.865,12.884,12.912,12.928,12.945,12.97,12.985,13.009,13.032,13.057,13.076,13.094,13.116,13.138,13.155,13.181,13.203,13.229,13.246,13.265,13.286,13.309,13.334,13.35,13.376,13.4,13.425,13.452,13.481,13.506,13.528,13.554,13.58,13.614,13.64,13.665,13.694,13.725,13.762,13.789,13.825,13.857,13.905,13.942,13.975,14.009,14.06,14.111,14.171,14.238,14.309,14.392,14.497,14.641,14.8,15.347
1004,GRN FP,10.628,11.179,11.405,11.519,11.601,11.687,11.76,11.833,11.879,11.92,11.978,12.017,12.054,12.092,12.127,12.15,12.18,12.219,12.252,12.279,12.306,12.337,12.362,12.385,12.403,12.433,12.453,12.474,12.494,12.515,12.54,12.562,12.585,12.616,12.637,12.665,12.685,12.706,12.725,12.744,12.759,12.783,12.803,12.824,12.841,12.863,12.882,12.905,12.923,12.945,12.968,12.993,13.007,13.023,13.038,13.056,13.076,13.092,13.111,13.131,13.154,13.171,13.196,13.223,13.245,13.27,13.294,13.317,13.341,13.359,13.381,13.397,13.42,13.44,13.459,13.489,13.511,13.534,13.558,13.582,13.613,13.636,13.667,13.695,13.726,13.754,13.793,13.825,13.876,13.92,13.96,14.011,14.057,14.109,14.164,14.235,14.31,14.411,14.536,14.73,15.412
1005,GRN FP,10.628,11.179,11.405,11.519,11.601,11.687,11.76,11.833,11.879,11.92,11.978,12.017,12.054,12.092,12.127,12.15,12.18,12.219,12.252,12.279,12.306,12.337,12.362,12.385,12.403,12.433,12.453,12.474,12.494,12.515,12.54,12.562,12.585,12.616,12.637,12.665,12.685,12.706,12.725,12.744,12.759,12.783,12.803,12.824,12.841,12.863,12.882,12.905,12.923,12.945,12.968,12.993,13.007,13.023,13.038,13.056,13.076,13.092,13.111,13.131,13.154,13.171,13.196,13.223,13.245,13.27,13.294,13.317,13.341,13.359,13.381,13.397,13.42,13.44,13.459,13.489,13.511,13.534,13.558,13.582,13.613,13.636,13.667,13.695,13.726,13.754,13.793,13.825,13.876,13.92,13.96,14.011,14.057,14.109,14.164,14.235,14.31,14.411,14.536,14.73,15.412
1006,GRN FP,10.549,11.278,11.407,11.533,11.611,11.682,11.755,11.803,11.858,11.908,11.957,12.014,12.053,12.089,12.126,12.169,12.213,12.245,12.276,12.307,12.338,12.368,12.391,12.421,12.447,12.48,12.508,12.532,12.547,12.565,12.59,12.61,12.631,12.65,12.672,12.69,12.712,12.736,12.759,12.772,12.791,12.815,12.841,12.859,12.877,12.897,12.912,12.932,12.956,12.973,12.993,13.016,13.039,13.058,13.076,13.1,13.12,13.142,13.165,13.189,13.209,13.229,13.251,13.27,13.288,13.309,13.336,13.366,13.39,13.414,13.429,13.463,13.484,13.502,13.529,13.549,13.579,13.604,13.629,13.644,13.676,13.696,13.717,13.755,13.788,13.824,13.861,13.893,13.926,13.965,14.007,14.045,14.104,14.187,14.256,14.344,14.418,14.515,14.622,14.833,15.449
1007,GRN FP,10.549,11.278,11.407,11.533,11.611,11.682,11.755,11.803,11.858,11.908,11.957,12.014,12.053,12.089,12.126,12.169,12.213,12.245,12.276,12.307,12.338,12.368,12.391,12.421,12.447,12.48,12.508,12.532,12.547,12.565,12.59,12.61,12.631,12.65,12.672,12.69,12.712,12.736,12.759,12.772,12.791,12.815,12.841,12.859,12.877,12.897,12.912,12.932,12.956,12.973,12.993,13.016,13.039,13.058,13.076,13.1,13.12,13.142,13.165,13.189,13.209,13.229,13.251,13.27,13.288,13.309,13.336,13.366,13.39,13.414,13.429,13.463,13.484,13.502,13.529,13.549,13.579,13.604,13.629,13.644,13.676,13.696,13.717,13.755,13.788,13.824,13.861,13.893,13.926,13.965,14.007,14.045,14.104,14.187,14.256,14.344,14.418,14.515,14.622,14.833,15.449
1008,GRN FP,10.709,11.206,11.396,11.521,11.622,11.735,11.808,11.863,11.924,11.961,12.009,12.05,12.097,12.142,12.17,12.216,12.252,12.282,12.311,12.339,12.377,12.407,12.431,12.454,12.477,12.499,12.534,12.559,12.578,12.612,12.633,12.653,12.677,12.706,12.729,12.748,12.774,12.803,12.82,12.845,12.865,12.895,12.916,12.939,12.954,12.971,12.99,13.011,13.029,13.051,13.071,13.091,13.109,13.133,13.152,13.172,13.187,13.2,13.224,13.244,13.269,13.291,13.309,13.329,13.349,13.366,13.389,13.408,13.431,13.455,13.475,13.501,13.532,13.556,13.581,13.606,13.632,13.659,13.688,13.708,13.737,13.765,13.796,13.839,13.874,13.906,13.93,13.964,14.011,14.065,14.108,14.151,14.198,14.248,14.295,14.358,14.475,14.624,14.761,14.973,15.463
1009,GRN FP,10.709,11.206,11.396,11.521,11.622,11.735,11.808,11.863,11.924,11.961,12.009,12.05,12.097,12.142,12.17,12.216,12.252,12.282,12.311,12.339,12.377,12.407,12.431,12.454,12.477,12.499,12.534,12.559,12.578,12.612,12.633,12.653,12.677,12.706,12.729,12.748,12.774,12.803,12.82,12.845,12.865,12.895,12.916,12.939,12.954,12.971,12.99,13.011,13.029,13.051,13.071,13.091,13.109,13.133,13.152,13.172,13.187,13.2,13.224,13.244,13.269,13.291,13.309,13.329,13.349,13.366,13.389,13.408,13.431,13.455,13.475,13.501,13.532,13.556,13.581,13.606,13.632,13.659,13.688,13.708,13.737,13.765,13.796,13.839,13.874,13.906,13.93,13.964,14.011,14.065,14.108,14.151,14.198,14.248,14.295,14.358,14.475,14.624,14.761,14.973,15.463
1010,GRN FP,10.57,11.208,11.423,11.565,11.651,11.712,11.812,11.896,11.958,12.025,12.065,12.114,12.163,12.195,12.223,12.249,12.287,12.318,12.363,12.396,12.427,12.449,12.483,12.509,12.538,12.566,12.593,12.62,12.643,12.662,12.683,12.709,12.731,12.748,12.765,12.79,12.812,12.838,12.863,12.886,12.906,12.929,12.952,12.97,12.988,13.011,13.032,13.045,13.062,13.083,13.102,13.124,13.142,13.164,13.188,13.2,13.221,13.243,13.268,13.288,13.307,13.327,13.349,13.373,13.393,13.413,13.436,13.458,13.478,13.5,13.518,13.536,13.558,13.589,13.618,13.641,13.669,13.703,13.725,13.755,13.789,13.817,13.846,13.874,13.907,13.936,13.968,14.015,14.046,14.091,14.144,14.177,14.237,14.299,14.349,14.409,14.501,14.616,14.806,15.048,15.552
1011,GRN FP,10.57,11.208,11.423,11.565,11.651,11.712,11.812,11.896,11.958,12.025,12.065,12.114,12.163,12.195,12.223,12.249,12.287,12.318,12.363,12.396,12.427,12.449,12.483,12.509,12.538,12.566,12.593,12.62,12.643,12.662,12.683,12.709,12.731,12.748,12.765,12.79,12.812,12.838,12.863,12.886,12.906,12.929,12.952,12.97,12.988,13.011,13.032,13.045,13.062,13.083,13.102,13.124,13.142,13.164,13.188,13.2,13.221,13.243,13.268,13.288,13.307,13.327,13.349,13.373,13.393,13.413,13.436,13.458,13.478,13.5,13.518,13.536,13.558,13.589,13.618,13.641,13.669,13.703,13.725,13.755,13.789,13.817,13.846,13.874,13.907,13.936,13.968,14.015,14.046,14.091,14.144,14.177,14.237,14.299,14.349,14.409,14.501,14.616,14.806,15.048,15.552
1012,GRN FP,10.601,11.231,11.429,11.57,11.71,11.811,11.877,11.939,11.993,12.033,12.09,12.137,12.173,12.217,12.263,12.296,12.336,12.364,12.396,12.431,12.465,12.491,12.521,12.552,12.576,12.596,12.627,12.65,12.674,12.7,12.722,12.75,12.777,12.8,12.825,12.845,12.869,12.895,12.91,12.932,12.955,12.982,13.001,13.018,13.037,13.056,13.082,13.1,13.127,13.145,13.163,13.187,13.206,13.224,13.245,13.266,13.29,13.307,13.329,13.347,13.368,13.39,13.409,13.431,13.452,13.468,13.488,13.512,13.535,13.562,13.587,13.61,13.635,13.653,13.675,13.699,13.722,13.745,13.774,13.799,13.83,13.856,13.887,13.913,13.953,13.982,14.009,14.048,14.091,14.134,14.189,14.24,14.291,14.358,14.42,14.489,14.583,14.726,14.896,15.071,15.68
1013,GRN FP,10.601,11.231,11.429,11.57,11.71,11.811,11.877,11.939,11.993,12.033,12.09,12.137,12.173,12.217,12.263,12.296,12.336,12.364,12.396,12.431,12.465,12.491,12.521,12.552,12.576,12.596,12.627,12.65,12.674,12.7,12.722,12.75,12.777,12.8,12.825,12.845,12.869,12.895,12.91,12.932,12.955,12.982,13.001,13.018,13.037,13.056,13.082,13.1,13.127,13.145,13.163,13.187,13.206,13.224,13.245,13.266,13.29,13.307,13.329,13.347,13.368,13.39,13.409,13.431,13.452,13.468,13.488,13.512,13.535,13.562,13.587,13.61,13.635,13.653,13.675,13.699,13.722,13.745,13.774,13.799,13.83,13.856,13.887,13.913,13.953,13.982,14.009,14.048,14.091,14.134,14.189,14.24,14.291,14.358,14.42,14.489,14.583,14.726,14.896,15.071,15.68
1014,GRN FP,10.751,11.251,11.464,11.617,11.724,11.819,11.887,11.976,12.039,12.095,12.171,12.214,12.251,12.292,12.334,12.369,12.401,12.428,12.459,12.491,12.525,12.553,12.579,12.607,12.632,12.657,12.69,12.712,12.733,12.75,12.777,12.81,12.835,12.863,12.885,12.906,12.931,12.95,12.969,12.996,13.019,13.043,13.057,13.078,13.102,13.12,13.14,13.159,13.18,13.2,13.219,13.24,13.262,13.277,13.303,13.326,13.344,13.363,13.38,13.399,13.416,13.432,13.455,13.47,13.497,13.521,13.541,13.564,13.587,13.604,13.625,13.644,13.669,13.691,13.718,13.739,13.765,13.788,13.809,13.832,13.858,13.886,13.911,13.946,13.982,14.012,14.048,14.081,14.12,14.167,14.214,14.269,14.325,14.396,14.467,14.552,14.626,14.761,14.871,15.09,15.794
1015,GRN FP,10.751,11.251,11.464,11.617,11.724,11.819,11.887,11.976,12.039,12.095,12.171,12.214,12.251,12.292,12.334,12.369,12.401,12.428,12.459,12.491,12.525,12.553,12.579,12.607,12.632,12.657,12.69,12.712,12.733,12.75,12.777,12.81,12.835,12.863,12.885,12.906,12.931,12.95,12.969,12.996,13.019,13.043,13.057,13.078,13.102,13.12,13.14,13.159,13.18,13.2,13.219,13.24,13.262,13.277,13.303,13.326,13.344,13.363,13.38,13.399,13.416,13.432,13.455,13.47,13.497,13.521,13.541,13.564,13.587,13.604,13.625,13.644,13.669,13.691,13.718,13.739,13.765,13.788,13.809,13.832,13.858,13.886,13.911,13.946,13.982,14.012,14.048,14.081,14.12,14.167,14.214,14.269,14.325,14.396,14.467,14.552,14.626,14.761,14.871,15.09,15.794
1016,GRN FP,10.755,11.348,11.561,11.68,11.795,11.905,12.019,12.085,12.141,12.186,12.226,12.264,12.3,12.344,12.39,12.425,12.464,12.499,12.535,12.57,12.598,12.621,12.644,12.673,12.693,12.715,12.745,12.769,12.794,12.817,12.843,12.869,12.892,12.92,12.938,12.965,12.983,13.002,13.026,13.047,13.069,13.094,13.119,13.14,13.159,13.183,13.202,13.223,13.239,13.257,13.274,13.289,13.314,13.337,13.356,13.372,13.393,13.415,13.426,13.439,13.457,13.483,13.509,13.533,13.551,13.574,13.593,13.608,13.636,13.654,13.681,13.7,13.72,13.747,13.771,13.802,13.826,13.854,13.877,13.907,13.94,13.965,13.991,14.021,14.052,14.085,14.123,14.155,14.198,14.242,14.282,14.325,14.371,14.404,14.463,14.533,14.678,14.796,14.911,15.117,15.845
1017,GRN FP,10.755,11.348,11.561,11.68,11.795,11.905,12.019,12.085,12.141,12.186,12.226,12.264,12.3,12.344,12.39,12.425,12.464,12.499,12.535,12.57,12.598,12.621,12.644,12.673,12.693,12.715,12.745,12.769,12.794,12.817,12.843,12.869,12.892,12.92,12.938,12.965,12.983,13.002,13.026,13.047,13.069,13.094,13.119,13.14,13.159,13.183,13.202,13.223,13.239,13.257,13.274,13.289,13.314,13.337,13.356,13.372,13.393,13.415,13.426,13.439,13.457,13.483,13.509,13.533,13.551,13.574,13.593,13.608,13.636,13.654,13.681,13.7,13.72,13.747,13.771,13.802,13.826,13.854,13.877,13.907,13.94,13.965,13.991,14.021,14.052,14.085,14.123,14.155,14.198,14.242,14.282,14.325,14.371,14.404,14.463,14.533,14.678,14.796,14.911,15.117,15.845
1018,GRN FP,10.916,11.455,11.676,11.806,11.916,12.005,12.095,12.158,12.221,12.272,12.323,12.361,12.4,12.427,12.458,12.491,12.526,12.561,12.591,12.62,12.643,12.674,12.704,12.731,12.752,12.777,12.808,12.831,12.857,12.88,12.9,12.924,12.948,12.967,12.994,13.01,13.03,13.053,13.075,13.096,13.121,13.142,13.161,13.181,13.199,13.221,13.241,13.261,13.28,13.295,13.316,13.333,13.35,13.367,13.392,13.408,13.429,13.454,13.47,13.488,13.504,13.526,13.55,13.57,13.588,13.61,13.631,13.652,13.67,13.691,13.708,13.73,13.75,13.772,13.791,13.814,13.836,13.865,13.899,13.928,13.95,13.982,14.014,14.047,14.078,14.112,14.146,14.178,14.21,14.249,14.294,14.349,14.387,14.444,14.498,14.573,14.675,14.794,14.929,15.129,15.739
1019,GRN FP,10.916,11.455,11.676,11.806,11.916,12.005,12.095,12.158,12.221,12.272,12.323,12.361,12.4,12.427,12.458,12.491,12.526,12.561,12.591,12.62,12.643,12.674,12.704,12.731,12.752,12.777,12.808,12.831,12.857,12.88,12.9,12.924,12.948,12.967,12.994,13.01,13.03,13.053,13.075,13.096,13.121,13.142,13.161,13.181,13.199,13.221,13.241,13.261,13.28,13.295,13.316,13.333,13.35,13.367,13.392,13.408,13.429,13.454,13.47,13.488,13.504,13.526,13.55,13.57,13.588,13.61,13.631,13.652,13.67,13.691,13.708,13.73,13.75,13.772,13.791,13.814,13.836,13.865,13.899,13.928,13.95,13.982,14.014,14.047,14.078,14.112,14.146,14.178,14.21,14.249,14.294,14.349,14.387,14.444,14.498,14.573,14.675,14.794,14.929,15.129,15.739
1020,GRN FP,10.989,11.585,11.798,11.939,12.042,12.112,12.181,12.241,12.288,12.338,12.377,12.411,12.445,12.495,12.541,12.572,12.598,12.629,12.662,12.693,12.72,12.742,12.769,12.797,12.824,12.853,12.875,12.896,12.924,12.945,12.968,12.987,13.011,13.028,13.049,13.063,13.082,13.102,13.127,13.146,13.164,13.184,13.198,13.219,13.242,13.266,13.284,13.3,13.325,13.341,13.361,13.377,13.393,13.407,13.421,13.442,13.468,13.486,13.504,13.521,13.534,13.551,13.574,13.591,13.608,13.628,13.658,13.679,13.696,13.713,13.733,13.761,13.779,13.797,13.819,13.841,13.867,13.889,13.921,13.949,13.975,14.005,14.034,14.064,14.091,14.121,14.154,14.187,14.233,14.271,14.317,14.36,14.408,14.457,14.519,14.565,14.658,14.743,14.885,15.054,15.73
1021,GRN FP,10.989,11.585,11.798,11.939,12.042,12.112,12.181,12.241,12.288,12.338,12.377,12.411,12.445,12.495,12.541,12.572,12.598,12.629,12.662,12.693,12.72,12.742,12.769,12.797,12.824,12.853,12.875,12.896,12.924,12.945,12.968,12.987,13.011,13.028,13.049,13.063,13.082,13.102,13.127,13.146,13.164,13.184,13.198,13.219,13.242,13.266,13.284,13.3,13.325,13.341,13.361,13.377,13.393,13.407,13.421,13.442,13.468,13.486,13.504,13.521,13.534,13.551,13.574,13.591,13.608,13.628,13.658,13.679,13.696,13.713,13.733,13.761,13.779,13.797,13.819,13.841,13.867,13.889,13.921,13.949,13.975,14.005,14.034,14.064,14.091,14.121,14.154,14.187,14.233,14.271,14.317,14.36,14.408,14.457,14.519,14.565,14.658,14.743,14.885,15.054,15.73
1022,GRN FP,11.219,11.817,11.971,12.085,12.174,12.245,12.315,12.358,12.407,12.459,12.503,12.53,12.567,12.6,12.63,12.669,12.697,12.722,12.751,12.782,12.809,12.833,12.857,12.878,12.898,12.92,12.944,12.966,12.987,13.011,13.029,13.052,13.073,13.093,13.118,13.135,13.148,13.163,13.186,13.204,13.226,13.247,13.264,13.283,13.298,13.323,13.338,13.357,13.374,13.398,13.415,13.437,13.452,13.476,13.497,13.514,13.532,13.552,13.567,13.583,13.598,13.616,13.638,13.657,13.672,13.691,13.71,13.728,13.748,13.761,13.78,13.799,13.822,13.847,13.87,13.889,13.91,13.931,13.959,13.979,14.007,14.032,14.06,14.086,14.107,14.137,14.17,14.203,14.242,14.28,14.31,14.364,14.404,14.462,14.513,14.583,14.672,14.752,14.865,15.01,15.647
1023,GRN FP,11.219,11.817,11.971,12.085,12.174,12.245,12.315,12.358,12.407,12.459,12.503,12.53,12.567,12.6,12.63,12.669,12.697,12.722,12.751,12.782,12.809,12.833,12.857,12.878,12.898,12.92,12.944,12.966,12.987,13.011,13.029,13.052,13.073,13.093,13.118,13.135,13.148,13.163,13.186,13.204,13.226,13.247,13.264,13.283,13.298,13.323,13.338,13.357,13.374,13.398,13.415,13.437,13.452,13.476,13.497,13.514,13.532,13.552,13.567,13.583,13.598,13.616,13.638,13.657,13.672,13.691,13.71,13.728,13.748,13.761,13.78,13.799,13.822,13.847,13.87,13.889,13.91,13.931,13.959,13.979,14.007,14.032,14.06,14.086,14.107,14.137,14.17,14.203,14.242,14.28,14.31,14.364,14.404,14.462,14.513,14.583,14.672,14.752,14.865,15.01,15.647
1024,GRN FP,11.175,11.739,11.965,12.113,12.194,12.251,12.303,12.354,12.401,12.447,12.485,12.52,12.551,12.581,12.617,12.651,12.672,12.709,12.735,12.758,12.783,12.804,12.833,12.858,12.883,12.904,12.927,12.953,12.978,12.998,13.019,13.044,13.068,13.083,13.099,13.117,13.148,13.172,13.195,13.214,13.238,13.259,13.281,13.3,13.32,13.34,13.358,13.375,13.394,13.409,13.425,13.442,13.457,13.478,13.495,13.513,13.533,13.547,13.568,13.589,13.602,13.62,13.642,13.659,13.675,13.694,13.714,13.737,13.753,13.775,13.794,13.813,13.831,13.859,13.875,13.896,13.92,13.942,13.965,13.987,14.004,14.033,14.06,14.092,14.124,14.152,14.188,14.222,14.255,14.299,14.339,14.378,14.437,14.483,14.542,14.583,14.64,14.734,14.862,15.04,15.491
1025,GRN FP,11.175,11.739,11.965,12.113,12.194,12.251,12.303,12.354,12.401,12.447,12.485,12.52,12.551,12.581,12.617,12.651,12.672,12.709,12.735,12.758,12.783,12.804,12.833,12.858,12.883,12.904,12.927,12.953,12.978,12.998,13.019,13.044,13.068,13.083,13.099,13.117,13.148,13.172,13.195,13.214,13.238,13.259,13.281,13.3,13.32,13.34,13.358,13.375,13.394,13.409,13.425,13.442,13.457,13.478,13.495,13.513,13.533,13.547,13.568,13.589,13.602,13.62,13.642,13.659,13.675,13.694,13.714,13.737,13.753,13.775,13.794,13.813,13.831,13.859,13.875,13.896,13.92,13.942,13.965,13.987,14.004,14.033,14.06,14.092,14.124,14.152,14.188,14.222,14.255,14.299,14.339,14.378,14.437,14.483,14.542,14.583,14.64,14.734,14.862,15.04,15.491
1026,GRN FP,11.221,11.73,11.95,12.059,12.158,12.216,12.288,12.353,12.391,12.447,12.487,12.518,12.555,12.593,12.626,12.655,12.689,12.722,12.755,12.785,12.808,12.833,12.859,12.883,12.9,12.92,12.949,12.979,12.997,13.02,13.044,13.065,13.091,13.112,13.131,13.146,13.166,13.187,13.207,13.226,13.25,13.27,13.289,13.306,13.335,13.351,13.368,13.388,13.409,13.426,13.444,13.46,13.479,13.498,13.517,13.537,13.556,13.572,13.59,13.606,13.619,13.639,13.657,13.676,13.694,13.714,13.729,13.742,13.765,13.785,13.801,13.822,13.842,13.863,13.885,13.906,13.927,13.944,13.968,14.0,14.03,14.053,14.073,14.094,14.121,14.151,14.182,14.224,14.264,14.304,14.353,14.384,14.422,14.487,14.543,14.592,14.656,14.721,14.846,15.016,15.701
1027,GRN FP,11.221,11.73,11.95,12.059,12.158,12.216,12.288,12.353,12.391,12.447,12.487,12.518,12.555,12.593,12.626,12.655,12.689,12.722,12.755,12.785,12.808,12.833,12.859,12.883,12.9,12.92,12.949,12.979,12.997,13.02,13.044,13.065,13.091,13.112,13.131,13.146,13.166,13.187,13.207,13.226,13.25,13.27,13.289,13.306,13.335,13.351,13.368,13.388,13.409,13.426,13.444,13.46,13.479,13.498,13.517,13.537,13.556,13.572,13.59,13.606,13.619,13.639,13.657,13.676,13.694,13.714,13.729,13.742,13.765,13.785,13.801,13.822,13.842,13.863,13.885,13.906,13.927,13.944,13.968,14.0,14.03,14.053,14.073,14.094,14.121,14.151,14.182,14.224,14.264,14.304,14.353,14.384,14.422,14.487,14.543,14.592,14.656,14.721,14.846,15.016,15.701
1028,GRN FP,11.153,11.626,11.817,11.965,12.046,12.108,12.172,12.222,12.278,12.323,12.363,12.412,12.452,12.481,12.528,12.557,12.595,12.631,12.661,12.691,12.723,12.747,12.771,12.799,12.826,12.853,12.873,12.897,12.919,12.937,12.959,12.984,13.001,13.024,13.048,13.065,13.082,13.099,13.12,13.138,13.155,13.175,13.2,13.221,13.24,13.261,13.273,13.294,13.315,13.337,13.35,13.366,13.387,13.405,13.423,13.441,13.461,13.484,13.5,13.522,13.547,13.568,13.585,13.605,13.624,13.643,13.668,13.692,13.708,13.723,13.741,13.759,13.779,13.799,13.823,13.85,13.878,13.895,13.918,13.943,13.963,13.994,14.022,14.048,14.077,14.108,14.155,14.192,14.237,14.273,14.322,14.37,14.423,14.481,14.544,14.603,14.702,14.781,14.93,15.125,15.91
1029,GRN FP,11.153,11.626,11.817,11.965,12.046,12.108,12.172,12.222,12.278,12.323,12.363,12.412,12.452,12.481,12.528,12.557,12.595,12.631,12.661,12.691,12.723,12.747,12.771,12.799,12.826,12.853,12.873,12.897,12.919,12.937,12.959,12.984,13.001,13.024,13.048,13.065,13.082,13.099,13.12,13.138,13.155,13.175,13.2,13.221,13.24,13.261,13.273,13.294,13.315,13.337,13.35,13.366,13.387,13.405,13.423,13.441,13.461,13.484,13.5,13.522,13.547,13.568,13.585,13.605,13.624,13.643,13.668,13.692,13.708,13.723,13.741,13.759,13.779,13.799,13.823,13.85,13.878,13.895,13.918,13.943,13.963,13.994,14.022,14.048,14.077,14.108,14.155,14.192,14.237,14.273,14.322,14.37,14.423,14.481,14.544,14.603,14.702,14.781,14.93,15.125,15.91
1030,GRN FP,10.871,11.524,11.704,11.833,11.942,12.015,12.067,12.137,12.198,12.256,12.301,12.333,12.371,12.424,12.454,12.495,12.529,12.561,12.589,12.619,12.646,12.677,12.707,12.735,12.753,12.773,12.791,12.815,12.837,12.857,12.876,12.893,12.914,12.934,12.957,12.98,13.0,13.021,13.042,13.062,13.083,13.105,13.125,13.138,13.159,13.176,13.197,13.215,13.234,13.252,13.276,13.295,13.316,13.331,13.35,13.373,13.392,13.411,13.437,13.457,13.473,13.489,13.505,13.519,13.539,13.56,13.581,13.6,13.624,13.655,13.683,13.705,13.729,13.758,13.78,13.808,13.839,13.868,13.889,13.916,13.942,13.971,13.998,14.032,14.056,14.079,14.106,14.143,14.186,14.237,14.277,14.336,14.392,14.458,14.531,14.579,14.659,14.76,14.888,15.122,15.871
1031,GRN FP,10.871,11.524,11.704,11.833,11.942,12.015,12.067,12.137,12.198,12.256,12.301,12.333,12.371,12.424,12.454,12.495,12.529,12.561,12.589,12.619,12.646,12.677,12.707,12.735,12.753,12.773,12.791,12.815,12.837,12.857,12.876,12.893,12.914,12.934,12.957,12.98,13.0,13.021,13.042,13.062,13.083,13.105,13.125,13.138,13.159,13.176,13.197,13.215,13.234,13.252,13.276,13.295,13.316,13.331,13.35,13.373,13.392,13.411,13.437,13.457,13.473,13.489,13.505,13.519,13.539,13.56,13.581,13.6,13.624,13.655,13.683,13.705,13.729,13.758,13.78,13.808,13.839,13.868,13.889,13.916,13.942,13.971,13.998,14.032,14.056,14.079,14.106,14.143,14.186,14.237,14.277,14.336,14.392,14.458,14.531,14.579,14.659,14.76,14.888,15.122,15.871
1032,GRN FP,10.783,11.285,11.525,11.676,11.776,11.872,11.961,12.036,12.101,12.155,12.208,12.244,12.293,12.323,12.359,12.391,12.427,12.458,12.483,12.511,12.54,12.565,12.592,12.618,12.644,12.664,12.684,12.715,12.741,12.765,12.788,12.812,12.831,12.855,12.886,12.903,12.922,12.942,12.961,12.985,13.009,13.031,13.046,13.077,13.099,13.12,13.141,13.159,13.177,13.197,13.213,13.234,13.255,13.27,13.293,13.311,13.329,13.348,13.365,13.386,13.404,13.427,13.448,13.474,13.496,13.516,13.536,13.561,13.582,13.602,13.632,13.661,13.681,13.704,13.72,13.753,13.772,13.793,13.818,13.838,13.874,13.903,13.937,13.964,13.992,14.033,14.058,14.106,14.144,14.191,14.228,14.276,14.34,14.405,14.484,14.554,14.645,14.731,14.894,15.066,15.734
1033,GRN FP,10.783,11.285,11.525,11.676,11.776,11.872,11.961,12.036,12.101,12.155,12.208,12.244,12.293,12.323,12.359,12.391,12.427,12.458,12.483,12.511,12.54,12.565,12.592,12.618,12.644,12.664,12.684,12.715,12.741,12.765,12.788,12.812,12.831,12.855,12.886,12.903,12.922,12.942,12.961,12.985,13.009,13.031,13.046,13.077,13.099,13.12,13.141,13.159,13.177,13.197,13.213,13.234,13.255,13.27,13.293,13.311,13.329,13.348,13.365,13.386,13.404,13.427,13.448,13.474,13.496,13.516,13.536,13.561,13.582,13.602,13.632,13.661,13.681,13.704,13.72,13.753,13.772,13.793,13.818,13.838,13.874,13.903,13.937,13.964,13.992,14.033,14.058,14.106,14.144,14.191,14.228,14.276,14.34,14.405,14.484,14.554,14.645,14.731,14.894,15.066,15.734
1034,GRN FP,10.656,11.227,11.429,11.574,11.705,11.794,11.878,11.948,11.998,12.044,12.099,12.145,12.193,12.227,12.275,12.303,12.333,12.373,12.403,12.443,12.465,12.493,12.522,12.55,12.575,12.598,12.637,12.664,12.686,12.712,12.739,12.761,12.791,12.814,12.827,12.85,12.873,12.891,12.912,12.932,12.956,12.977,12.99,13.009,13.033,13.052,13.069,13.088,13.105,13.119,13.136,13.159,13.181,13.205,13.225,13.248,13.263,13.287,13.305,13.33,13.355,13.374,13.394,13.415,13.445,13.464,13.484,13.499,13.519,13.54,13.565,13.586,13.61,13.637,13.662,13.684,13.714,13.749,13.774,13.8,13.837,13.867,13.894,13.938,13.963,13.996,14.032,14.076,14.111,14.145,14.191,14.233,14.286,14.337,14.405,14.487,14.578,14.685,14.825,15.046,15.72
1035,GRN FP,10.656,11.227,11.429,11.574,11.705,11.794,11.878,11.948,11.998,12.044,12.099,12.145,12.193,12.227,12.275,12.303,12.333,12.373,12.403,12.443,12.465,12.493,12.522,12.55,12.575,12.598,12.637,12.664,12.686,12.712,12.739,12.761,12.791,12.814,12.827,12.85,12.873,12.891,12.912,12.932,12.956,12.977,12.99,13.009,13.033,13.052,13.069,13.088,13.105,13.119,13.136,13.159,13.181,13.205,13.225,13.248,13.263,13.287,13.305,13.33,13.355,13.374,13.394,13.415,13.445,13.464,13.484,13.499,13.519,13.54,13.565,13.586,13.61,13.637,13.662,13.684,13.714,13.749,13.774,13.8,13.837,13.867,13.894,13.938,13.963,13.996,14.032,14.076,14.111,14.145,14.191,14.233,14.286,14.337,14.405,14.487,14.578,14.685,14.825,15.046,15.72
1036,GRN FP,10.466,11.154,11.314,11.482,11.6,11.669,11.768,11.838,11.907,11.96,12.012,12.062,12.096,12.132,12.171,12.204,12.248,12.283,12.311,12.337,12.374,12.403,12.436,12.463,12.5,12.529,12.556,12.586,12.609,12.635,12.659,12.695,12.721,12.751,12.77,12.79,12.814,12.839,12.857,12.882,12.903,12.932,12.948,12.977,12.997,13.012,13.033,13.058,13.08,13.097,13.124,13.152,13.178,13.204,13.229,13.248,13.267,13.283,13.3,13.324,13.352,13.37,13.394,13.416,13.436,13.459,13.478,13.499,13.526,13.548,13.574,13.592,13.63,13.657,13.684,13.708,13.732,13.762,13.799,13.823,13.853,13.877,13.897,13.924,13.966,13.994,14.042,14.09,14.138,14.189,14.259,14.304,14.352,14.417,14.469,14.539,14.64,14.741,14.881,15.107,15.924
1037,GRN FP,10.466,11.154,11.314,11.482,11.6,11.669,11.768,11.838,11.907,11.96,12.012,12.062,12.096,12.132,12.171,12.204,12.248,12.283,12.311,12.337,12.374,12.403,12.436,12.463,12.5,12.529,12.556,12.586,12.609,12.635,12.659,12.695,12.721,12.751,12.77,12.79,12.814,12.839,12.857,12.882,12.903,12.932,12.948,12.977,12.997,13.012,13.033,13.058,13.08,13.097,13.124,13.152,13.178,13.204,13.229,13.248,13.267,13.283,13.3,13.324,13.352,13.37,13.394,13.416,13.436,13.459,13.478,13.499,13.526,13.548,13.574,13.592,13.63,13.657,13.684,13.708,13.732,13.762,13.799,13.823,13.853,13.877,13.897,13.924,13.966,13.994,14.042,14.09,14.138,14.189,14.259,14.304,14.352,14.417,14.469,14.539,14.64,14.741,14.881,15.107,15.924
1038,GRN FP,10.236,10.998,11.197,11.337,11.509,11.606,11.694,11.781,11.835,11.891,11.943,11.987,12.03,12.08,12.13,12.169,12.216,12.255,12.288,12.318,12.346,12.384,12.408,12.436,12.473,12.501,12.519,12.541,12.569,12.595,12.623,12.653,12.68,12.698,12.727,12.75,12.773,12.8,12.825,12.845,12.877,12.9,12.921,12.945,12.971,12.992,13.015,13.04,13.062,13.084,13.116,13.143,13.169,13.189,13.21,13.234,13.255,13.276,13.301,13.324,13.345,13.37,13.392,13.415,13.433,13.45,13.474,13.5,13.524,13.548,13.567,13.587,13.629,13.662,13.693,13.719,13.743,13.776,13.802,13.842,13.869,13.894,13.926,13.956,13.988,14.021,14.068,14.116,14.163,14.207,14.246,14.301,14.351,14.418,14.486,14.56,14.675,14.792,15.023,15.212,15.988
1039,GRN FP,10.236,10.998,11.197,11.337,11.509,11.606,11.694,11.781,11.835,11.891,11.943,11.987,12.03,12.08,12.13,12.169,12.216,12.255,12.288,12.318,12.346,12.384,12.408,12.436,12.473,12.501,12.519,12.541,12.569,12.595,12.623,12.653,12.68,12.698,12.727,12.75,12.773,12.8,12.825,12.845,12.877,12.9,12.921,12.945,12.971,12.992,13.015,13.04,13.062,13.084,13.116,13.143,13.169,13.189,13.21,13.234,13.255,13.276,13.301,13.324,13.345,13.37,13.392,13.415,13.433,13.45,13.474,13.5,13.524,13.548,13.567,13.587,13.629,13.662,13.693,13.719,13.743,13.776,13.802,13.842,13.869,13.894,13.926,13.956,13.988,14.021,14.068,14.116,14.163,14.207,14.246,14.301,14.351,14.418,14.486,14.56,14.675,14.792,15.023,15.212,15.988
1040,GRN FP,10.312,10.875,11.153,11.287,11.454,11.57,11.643,11.709,11.768,11.817,11.867,11.92,11.962,12.018,12.061,12.097,12.137,12.173,12.214,12.247,12.288,12.325,12.359,12.384,12.413,12.447,12.476,12.508,12.536,12.559,12.589,12.616,12.643,12.667,12.695,12.722,12.743,12.768,12.797,12.824,12.852,12.872,12.899,12.921,12.949,12.982,13.008,13.035,13.06,13.079,13.103,13.13,13.155,13.175,13.195,13.218,13.239,13.26,13.282,13.306,13.329,13.351,13.37,13.397,13.42,13.44,13.461,13.485,13.509,13.542,13.562,13.594,13.631,13.652,13.687,13.713,13.744,13.774,13.805,13.837,13.871,13.908,13.938,13.976,14.023,14.058,14.091,14.122,14.16,14.204,14.25,14.299,14.359,14.429,14.491,14.583,14.672,14.787,15.001,15.279,15.85
1041,GRN FP,10.312,10.875,11.153,11.287,11.454,11.57,11.643,11.709,11.768,11.817,11.867,11.92,11.962,12.018,12.061,12.097,12.137,12.173,12.214,12.247,12.288,12.325,12.359,12.384,12.413,12.447,12.476,12.508,12.536,12.559,12.589,12.616,12.643,12.667,12.695,12.722,12.743,12.768,12.797,12.824,12.852,12.872,12.899,12.921,12.949,12.982,13.008,13.035,13.06,13.079,13.103,13.13,13.155,13.175,13.195,13.218,13.239,13.26,13.282,13.306,13.329,13.351,13.37,13.397,13.42,13.44,13.461,13.485,13.509,13.542,13.562,13.594,13.631,13.652,13.687,13.713,13.744,13.774,13.805,13.837,13.871,13.908,13.938,13.976,14.023,14.058,14.091,14.122,14.16,14.204,14.25,14.299,14.359,14.429,14.491,14.583,14.672,14.787,15.001,15.279,15.85
1042,GRN FP,9.847,10.826,11.146,11.304,11.437,11.533,11.606,11.668,11.721,11.78,11.832,11.881,11.941,11.974,12.021,12.063,12.104,12.139,12.182,12.209,12.243,12.27,12.31,12.338,12.368,12.401,12.44,12.474,12.504,12.53,12.555,12.583,12.615,12.639,12.667,12.694,12.716,12.736,12.766,12.79,12.808,12.834,12.859,12.885,12.92,12.943,12.964,12.993,13.018,13.043,13.065,13.087,13.105,13.132,13.16,13.186,13.212,13.231,13.258,13.281,13.305,13.33,13.355,13.379,13.404,13.436,13.466,13.492,13.518,13.545,13.566,13.599,13.62,13.651,13.682,13.714,13.735,13.767,13.798,13.828,13.855,13.883,13.926,13.966,14.003,14.033,14.077,14.121,14.157,14.202,14.261,14.317,14.387,14.441,14.508,14.6,14.692,14.805,14.989,15.329,16.17
1043,GRN FP,9.847,10.826,11.146,11.304,11.437,11.533,11.606,11.668,11.721,11.78,11.832,11.881,11.941,11.974,12.021,12.063,12.104,12.139,12.182,12.209,12.243,12.27,12.31,12.338,12.368,12.401,12.44,12.474,12.504,12.53,12.555,12.583,12.615,12.639,12.667,12.694,12.716,12.736,12.766,12.79,12.808,12.834,12.859,12.885,12.92,12.943,12.964,12.993,13.018,13.043,13.065,13.087,13.105,13.132,13.16,13.186,13.212,13.231,13.258,13.281,13.305,13.33,13.355,13.379,13.404,13.436,13.466,13.492,13.518,13.545,13.566,13.599,13.62,13.651,13.682,13.714,13.735,13.767,13.798,13.828,13.855,13.883,13.926,13.966,14.003,14.033,14.077,14.121,14.157,14.202,14.261,14.317,14.387,14.441,14.508,14.6,14.692,14.805,14.989,15.329,16.17
1044,GRN FP,9.879,10.736,11.094,11.247,11.387,11.466,11.523,11.593,11.673,11.732,11.769,11.821,11.868,11.914,11.948,11.991,12.03,12.066,12.106,12.145,12.178,12.212,12.247,12.291,12.32,12.362,12.396,12.421,12.446,12.478,12.514,12.537,12.567,12.597,12.624,12.657,12.682,12.709,12.732,12.767,12.789,12.811,12.83,12.855,12.885,12.907,12.931,12.959,12.984,13.001,13.037,13.064,13.085,13.11,13.135,13.157,13.183,13.21,13.234,13.263,13.298,13.33,13.353,13.373,13.392,13.418,13.444,13.471,13.496,13.53,13.551,13.58,13.604,13.633,13.661,13.696,13.727,13.759,13.799,13.829,13.865,13.894,13.934,13.98,14.02,14.053,14.087,14.133,14.194,14.237,14.275,14.333,14.393,14.457,14.537,14.624,14.724,14.873,15.067,15.342,16.45
1045,GRN FP,9.879,10.736,11.094,11.247,11.387,11.466,11.523,11.593,11.673,11.732,11.769,11.821,11.868,11.914,11.948,11.991,12.03,12.066,12.106,12.145,12.178,12.212,12.247,12.291,12.32,12.362,12.396,12.421,12.446,12.478,12.514,12.537,12.567,12.597,12.624,12.657,12.682,12.709,12.732,12.767,12.789,12.811,12.83,12.855,12.885,12.907,12.931,12.959,12.984,13.001,13.037,13.064,13.085,13.11,13.135,13.157,13.183,13.21,13.234,13.263,13.298,13.33,13.353,13.373,13.392,13.418,13.444,13.471,13.496,13.53,13.551,13.58,13.604,13.633,13.661,13.696,13.727,13.759,13.799,13.829,13.865,13.894,13.934,13.98,14.02,14.053,14.087,14.133,14.194,14.237,14.275,14.333,14.393,14.457,14.537,14.624,14.724,14.873,15.067,15.342,16.45
1046,GRN FP,9.975,10.76,11.037,11.193,11.314,11.412,11.487,11.559,11.607,11.659,11.712,11.759,11.817,11.866,11.923,11.971,12.017,12.05,12.073,12.124,12.158,12.195,12.234,12.265,12.296,12.33,12.354,12.392,12.422,12.452,12.482,12.515,12.539,12.563,12.592,12.618,12.654,12.683,12.714,12.73,12.761,12.792,12.811,12.837,12.865,12.887,12.911,12.937,12.968,12.994,13.021,13.049,13.081,13.1,13.123,13.153,13.178,13.205,13.232,13.258,13.276,13.297,13.328,13.352,13.375,13.406,13.44,13.468,13.504,13.528,13.561,13.587,13.611,13.635,13.665,13.695,13.721,13.754,13.778,13.807,13.843,13.872,13.911,13.947,13.995,14.036,14.084,14.132,14.186,14.236,14.293,14.359,14.412,14.475,14.563,14.656,14.774,14.903,15.108,15.366,16.37
1047,GRN FP,9.975,10.76,11.037,11.193,11.314,11.412,11.487,11.559,11.607,11.659,11.712,11.759,11.817,11.866,11.923,11.971,12.017,12.05,12.073,12.124,12.158,12.195,12.234,12.265,12.296,12.33,12.354,12.392,12.422,12.452,12.482,12.515,12.539,12.563,12.592,12.618,12.654,12.683,12.714,12.73,12.761,12.792,12.811,12.837,12.865,12.887,12.911,12.937,12.968,12.994,13.021,13.049,13.081,13.1,13.123,13.153,13.178,13.205,13.232,13.258,13.276,13.297,13.328,13.352,13.375,13.406,13.44,13.468,13.504,13.528,13.561,13.587,13.611,13.635,13.665,13.695,13.721,13.754,13.778,13.807,13.843,13.872,13.911,13.947,13.995,14.036,14.084,14.132,14.186,14.236,14.293,14.359,14.412,14.475,14.563,14.656,14.774,14.903,15.108,15.366,16.37
1048,GRN FP,9.475,10.597,10.933,11.122,11.235,11.35,11.421,11.516,11.579,11.646,11.705,11.742,11.781,11.832,11.871,11.919,11.963,12.011,12.049,12.105,12.151,12.189,12.226,12.266,12.304,12.336,12.361,12.393,12.419,12.451,12.471,12.493,12.518,12.542,12.569,12.593,12.618,12.641,12.665,12.685,12.711,12.735,12.768,12.789,12.821,12.851,12.88,12.907,12.932,12.96,12.983,13.015,13.043,13.069,13.094,13.125,13.158,13.186,13.212,13.236,13.265,13.279,13.298,13.326,13.351,13.372,13.404,13.432,13.475,13.514,13.542,13.574,13.597,13.624,13.659,13.689,13.723,13.764,13.795,13.827,13.867,13.898,13.932,13.983,14.024,14.065,14.109,14.151,14.199,14.241,14.308,14.362,14.418,14.482,14.578,14.659,14.816,14.925,15.135,15.457,16.323
1049,GRN FP,9.475,10.597,10.933,11.122,11.235,11.35,11.421,11.516,11.579,11.646,11.705,11.742,11.781,11.832,11.871,11.919,11.963,12.011,12.049,12.105,12.151,12.189,12.226,12.266,12.304,12.336,12.361,12.393,12.419,12.451,12.471,12.493,12.518,12.542,12.569,12.593,12.618,12.641,12.665,12.685,12.711,12.735,12.768,12.789,12.821,12.851,12.88,12.907,12.932,12.96,12.983,13.015,13.043,13.069,13.094,13.125,13.158,13.186,13.212,13.236,13.265,13.279,13.298,13.326,13.351,13.372,13.404,13.432,13.475,13.514,13.542,13.574,13.597,13.624,13.659,13.689,13.723,13.764,13.795,13.827,13.867,13.898,13.932,13.983,14.024,14.065,14.109,14.151,14.199,14.241,14.308,14.362,14.418,14.482,14.578,14.659,14.816,14.925,15.135,15.457,16.323
1050,GRN FP,9.734,10.574,10.843,11.055,11.195,11.292,11.393,11.462,11.539,11.595,11.647,11.713,11.768,11.829,11.871,11.91,11.946,11.995,12.031,12.074,12.105,12.144,12.181,12.217,12.248,12.276,12.307,12.342,12.371,12.411,12.445,12.48,12.506,12.533,12.559,12.592,12.617,12.642,12.667,12.689,12.705,12.735,12.762,12.791,12.815,12.837,12.856,12.883,12.904,12.928,12.952,12.977,13.011,13.042,13.061,13.088,13.111,13.137,13.159,13.194,13.227,13.25,13.273,13.301,13.328,13.357,13.394,13.416,13.454,13.48,13.518,13.547,13.574,13.602,13.633,13.672,13.707,13.748,13.779,13.82,13.863,13.91,13.945,13.984,14.027,14.071,14.111,14.163,14.218,14.276,14.345,14.399,14.463,14.529,14.622,14.703,14.808,14.961,15.148,15.522,16.368
1051,GRN FP,9.734,10.574,10.843,11.055,11.195,11.292,11.393,11.462,11.539,11.595,11.647,11.713,11.768,11.829,11.871,11.91,11.946,11.995,12.031,12.074,12.105,12.144,12.181,12.217,12.248,12.276,12.307,12.342,12.371,12.411,12.445,12.48,12.506,12.533,12.559,12.592,12.617,12.642,12.667,12.689,12.705,12.735,12.762,12.791,12.815,12.837,12.856,12.883,12.904,12.928,12.952,12.977,13.011,13.042,13.061,13.088,13.111,13.137,13.159,13.194,13.227,13.25,13.273,13.301,13.328,13.357,13.394,13.416,13.454,13.48,13.518,13.547,13.574,13.602,13.633,13.672,13.707,13.748,13.779,13.82,13.863,13.91,13.945,13.984,14.027,14.071,14.111,14.163,14.218,14.276,14.345,14.399,14.463,14.529,14.622,14.703,14.808,14.961,15.148,15.522,16.368
1052,GRN FP,9.786,10.654,10.889,11.037,11.166,11.264,11.34,11.411,11.479,11.541,11.621,11.69,11.748,11.798,11.837,11.88,11.927,11.976,12.019,12.058,12.094,12.127,12.164,12.194,12.226,12.261,12.293,12.326,12.362,12.403,12.43,12.456,12.484,12.507,12.532,12.553,12.578,12.602,12.625,12.652,12.676,12.699,12.73,12.753,12.777,12.808,12.835,12.861,12.887,12.919,12.946,12.971,13.006,13.037,13.065,13.097,13.12,13.146,13.17,13.191,13.219,13.237,13.264,13.304,13.321,13.354,13.377,13.399,13.424,13.462,13.491,13.524,13.552,13.584,13.619,13.649,13.677,13.724,13.768,13.809,13.845,13.88,13.92,13.965,14.007,14.053,14.089,14.144,14.205,14.245,14.302,14.372,14.465,14.522,14.61,14.72,14.841,14.986,15.132,15.421,16.189
1053,GRN FP,9.786,10.654,10.889,11.037,11.166,11.264,11.34,11.411,11.479,11.541,11.621,11.69,11.748,11.798,11.837,11.88,11.927,11.976,12.019,12.058,12.094,12.127,12.164,12.194,12.226,12.261,12.293,12.326,12.362,12.403,12.43,12.456,12.484,12.507,12.532,12.553,12.578,12.602,12.625,12.652,12.676,12.699,12.73,12.753,12.777,12.808,12.835,12.861,12.887,12.919,12.946,12.971,13.006,13.037,13.065,13.097,13.12,13.146,13.17,13.191,13.219,13.237,13.264,13.304,13.321,13.354,13.377,13.399,13.424,13.462,13.491,13.524,13.552,13.584,13.619,13.649,13.677,13.724,13.768,13.809,13.845,13.88,13.92,13.965,14.007,14.053,14.089,14.144,14.205,14.245,14.302,14.372,14.465,14.522,14.61,14.72,14.841,14.986,15.132,15.421,16.189
1054,GRN FP,9.865,10.535,10.808,10.976,11.098,11.219,11.305,11.389,11.466,11.526,11.581,11.625,11.672,11.743,11.792,11.839,11.884,11.932,11.976,12.009,12.045,12.082,12.117,12.151,12.183,12.215,12.248,12.276,12.308,12.345,12.383,12.415,12.442,12.47,12.504,12.534,12.567,12.599,12.623,12.653,12.684,12.705,12.732,12.761,12.782,12.809,12.832,12.856,12.884,12.912,12.935,12.959,12.988,13.015,13.043,13.069,13.093,13.12,13.144,13.164,13.19,13.209,13.232,13.268,13.306,13.334,13.371,13.4,13.424,13.457,13.482,13.51,13.541,13.57,13.604,13.635,13.667,13.694,13.729,13.767,13.804,13.834,13.882,13.926,13.982,14.034,14.08,14.129,14.19,14.259,14.313,14.368,14.447,14.538,14.618,14.697,14.816,14.987,15.206,15.56,16.262
1055,GRN FP,9.865,10.535,10.808,10.976,11.098,11.219,11.305,11.389,11.466,11.526,11.581,11.625,11.672,11.743,11.792,11.839,11.884,11.932,11.976,12.009,12.045,12.082,12.117,12.151,12.183,12.215,12.248,12.276,12.308,12.345,12.383,12.415,12.442,12.47,12.504,12.534,12.567,12.599,12.623,12.653,12.684,12.705,12.732,12.761,12.782,12.809,12.832,12.856,12.884,12.912,12.935,12.959,12.988,13.015,13.043,13.069,13.093,13.12,13.144,13.164,13.19,13.209,13.232,13.268,13.306,13.334,13.371,13.4,13.424,13.457,13.482,13.51,13.541,13.57,13.604,13.635,13.667,13.694,13.729,13.767,13.804,13.834,13.882,13.926,13.982,14.034,14.08,14.129,14.19,14.259,14.313,14.368,14.447,14.538,14.618,14.697,14.816,14.987,15.206,15.56,16.262
1056,GRN FP,9.945,10.494,10.793,10.916,11.042,11.127,11.246,11.332,11.387,11.474,11.531,11.595,11.659,11.706,11.746,11.8,11.857,11.912,11.945,11.98,12.026,12.064,12.105,12.14,12.169,12.2,12.231,12.256,12.288,12.327,12.357,12.387,12.421,12.457,12.488,12.511,12.536,12.573,12.611,12.636,12.661,12.679,12.711,12.744,12.771,12.794,12.812,12.839,12.86,12.885,12.911,12.935,12.956,12.985,13.014,13.039,13.066,13.105,13.133,13.17,13.185,13.219,13.249,13.268,13.297,13.323,13.356,13.389,13.417,13.446,13.48,13.514,13.548,13.573,13.608,13.635,13.675,13.705,13.742,13.776,13.816,13.857,13.892,13.924,13.956,14.018,14.076,14.128,14.187,14.23,14.303,14.373,14.438,14.517,14.593,14.73,14.83,14.955,15.19,15.511,16.276
1057,GRN FP,9.945,10.494,10.793,10.916,11.042,11.127,11.246,11.332,11.387,11.474,11.531,11.595,11.659,11.706,11.746,11.8,11.857,11.912,11.945,11.98,12.026,12.064,12.105,12.14,12.169,12.2,12.231,12.256,12.288,12.327,12.357,12.387,12.421,12.457,12.488,12.511,12.536,12.573,12.611,12.636,12.661,12.679,12.711,12.744,12.771,12.794,12.812,12.839,12.86,12.885,12.911,12.935,12.956,12.985,13.014,13.039,13.066,13.105,13.133,13.17,13.185,13.219,13.249,13.268,13.297,13.323,13.356,13.389,13.417,13.446,13.48,13.514,13.548,13.573,13.608,13.635,13.675,13.705,13.742,13.776,13.816,13.857,13.892,13.924,13.956,14.018,14.076,14.128,14.187,14.23,14.303,14.373,14.438,14.517,14.593,14.73,14.83,14.955,15.19,15.511,16.276
1058,GRN FP,9.869,10.527,10.768,10.909,11.027,11.139,11.259,11.334,11.41,11.478,11.542,11.613,11.657,11.706,11.758,11.8,11.85,11.888,11.926,11.978,12.031,12.066,12.103,12.14,12.167,12.21,12.237,12.267,12.303,12.329,12.357,12.383,12.413,12.441,12.469,12.489,12.522,12.549,12.578,12.604,12.632,12.655,12.67,12.693,12.723,12.75,12.786,12.814,12.839,12.867,12.896,12.929,12.954,12.983,13.009,13.038,13.061,13.093,13.119,13.148,13.174,13.204,13.232,13.262,13.283,13.305,13.337,13.363,13.394,13.425,13.452,13.478,13.501,13.531,13.567,13.609,13.648,13.679,13.714,13.755,13.812,13.861,13.902,13.936,13.979,14.024,14.074,14.109,14.166,14.227,14.279,14.356,14.427,14.488,14.579,14.707,14.824,14.979,15.165,15.463,16.279
1059,GRN FP,9.869,10.527,10.768,10.909,11.027,11.139,11.259,11.334,11.41,11.478,11.542,11.613,11.657,11.706,11.758,11.8,11.85,11.888,11.926,11.978,12.031,12.066,12.103,12.14,12.167,12.21,12.237,12.267,12.303,12.329,12.357,12.383,12.413,12.441,12.469,12.489,12.522,12.549,12.578,12.604,12.632,12.655,12.67,12.693,12.723,12.75,12.786,12.814,12.839,12.867,12.896,12.929,12.954,12.983,13.009,13.038,13.061,13.093,13.119,13.148,13.174,13.204,13.232,13.262,13.283,13.305,13.337,13.363,13.394,13.425,13.452,13.478,13.501,13.531,13.567,13.609,13.648,13.679,13.714,13.755,13.812,13.861,13.902,13.936,13.979,14.024,14.074,14.109,14.166,14.227,14.279,14.356,14.427,14.488,14.579,14.707,14.824,14.979,15.165,15.463,16.279
1060,GRN FP,9.838,10.443,10.682,10.857,11.014,11.137,11.211,11.277,11.376,11.445,11.529,11.589,11.638,11.699,11.747,11.796,11.833,11.873,11.908,11.949,12.004,12.038,12.077,12.106,12.138,12.175,12.212,12.254,12.282,12.32,12.354,12.38,12.409,12.451,12.474,12.496,12.523,12.552,12.582,12.608,12.639,12.667,12.689,12.716,12.748,12.774,12.811,12.84,12.861,12.882,12.908,12.934,12.961,12.984,13.002,13.033,13.051,13.078,13.1,13.125,13.148,13.183,13.218,13.247,13.276,13.309,13.335,13.367,13.397,13.433,13.46,13.49,13.514,13.542,13.577,13.604,13.64,13.684,13.72,13.764,13.797,13.835,13.874,13.922,13.962,13.989,14.039,14.09,14.157,14.215,14.285,14.337,14.416,14.515,14.621,14.726,14.869,15.018,15.176,15.52,16.255
1061,GRN FP,9.838,10.443,10.682,10.857,11.014,11.137,11.211,11.277,11.376,11.445,11.529,11.589,11.638,11.699,11.747,11.796,11.833,11.873,11.908,11.949,12.004,12.038,12.077,12.106,12.138,12.175,12.212,12.254,12.282,12.32,12.354,12.38,12.409,12.451,12.474,12.496,12.523,12.552,12.582,12.608,12.639,12.667,12.689,12.716,12.748,12.774,12.811,12.84,12.861,12.882,12.908,12.934,12.961,12.984,13.002,13.033,13.051,13.078,13.1,13.125,13.148,13.183,13.218,13.247,13.276,13.309,13.335,13.367,13.397,13.433,13.46,13.49,13.514,13.542,13.577,13.604,13.64,13.684,13.72,13.764,13.797,13.835,13.874,13.922,13.962,13.989,14.039,14.09,14.157,14.215,14.285,14.337,14.416,14.515,14.621,14.726,14.869,15.018,15.176,15.52,16.255
1062,GRN FP,9.798,10.427,10.685,10.831,10.961,11.107,11.182,11.274,11.364,11.432,11.503,11.557,11.609,11.663,11.713,11.749,11.799,11.848,11.891,11.926,11.955,12.004,12.055,12.087,12.117,12.144,12.168,12.207,12.241,12.274,12.303,12.338,12.369,12.404,12.438,12.462,12.491,12.519,12.558,12.582,12.607,12.64,12.677,12.701,12.725,12.755,12.783,12.809,12.838,12.865,12.896,12.92,12.95,12.973,12.997,13.019,13.041,13.061,13.09,13.118,13.151,13.189,13.22,13.247,13.274,13.298,13.319,13.346,13.382,13.416,13.447,13.479,13.515,13.555,13.575,13.603,13.627,13.663,13.701,13.742,13.786,13.82,13.854,13.901,13.945,13.983,14.032,14.082,14.147,14.205,14.262,14.332,14.433,14.509,14.605,14.702,14.82,14.969,15.129,15.479,16.246
1063,GRN FP,9.798,10.427,10.685,10.831,10.961,11.107,11.182,11.274,11.364,11.432,11.503,11.557,11.609,11.663,11.713,11.749,11.799,11.848,11.891,11.926,11.955,12.004,12.055,12.087,12.117,12.144,12.168,12.207,12.241,12.274,12.303,12.338,12.369,12.404,12.438,12.462,12.491,12.519,12.558,12.582,12.607,12.64,12.677,12.701,12.725,12.755,12.783,12.809,12.838,12.865,12.896,12.92,12.95,12.973,12.997,13.019,13.041,13.061,13.09,13.118,13.151,13.189,13.22,13.247,13.274,13.298,13.319,13.346,13.382,13.416,13.447,13.479,13.515,13.555,13.575,13.603,13.627,13.663,13.701,13.742,13.786,13.82,13.854,13.901,13.945,13.983,14.032,14.082,14.147,14.205,14.262,14.332,14.433,14.509,14.605,14.702,14.82,14.969,15.129,15.479,16.246
1064,GRN FP,9.866,10.474,10.675,10.829,10.971,11.11,11.21,11.282,11.368,11.441,11.497,11.55,11.61,11.676,11.714,11.761,11.808,11.844,11.869,11.905,11.939,11.989,12.023,12.061,12.099,12.138,12.183,12.212,12.244,12.278,12.309,12.34,12.373,12.394,12.426,12.451,12.482,12.504,12.525,12.554,12.582,12.624,12.657,12.679,12.703,12.725,12.746,12.782,12.809,12.83,12.86,12.898,12.928,12.953,12.977,13.001,13.029,13.07,13.096,13.12,13.143,13.171,13.196,13.224,13.253,13.277,13.311,13.344,13.375,13.404,13.432,13.46,13.487,13.516,13.55,13.587,13.622,13.661,13.69,13.729,13.769,13.814,13.869,13.905,13.955,13.995,14.043,14.083,14.13,14.18,14.262,14.339,14.401,14.484,14.585,14.704,14.796,14.948,15.149,15.514,16.33
1065,GRN FP,9.866,10.474,10.675,10.829,10.971,11.11,11.21,11.282,11.368,11.441,11.497,11.55,11.61,11.676,11.714,11.761,11.808,11.844,11.869,11.905,11.939,11.989,12.023,12.061,12.099,12.138,12.183,12.212,12.244,12.278,12.309,12.34,12.373,12.394,12.426,12.451,12.482,12.504,12.525,12.554,12.582,12.624,12.657,12.679,12.703,12.725,12.746,12.782,12.809,12.83,12.86,12.898,12.928,12.953,12.977,13.001,13.029,13.07,13.096,13.12,13.143,13.171,13.196,13.224,13.253,13.277,13.311,13.344,13.375,13.404,13.432,13.46,13.487,13.516,13.55,13.587,13.622,13.661,13.69,13.729,13.769,13.814,13.869,13.905,13.955,13.995,14.043,14.083,14.13,14.18,14.262,14.339,14.401,14.484,14.585,14.704,14.796,14.948,15.149,15.514,16.33
1066,GRN FP,9.721,10.477,10.712,10.89,11.017,11.113,11.191,11.299,11.365,11.442,11.499,11.562,11.622,11.671,11.708,11.761,11.794,11.845,11.879,11.917,11.953,11.984,12.014,12.047,12.078,12.11,12.137,12.177,12.209,12.238,12.276,12.312,12.342,12.369,12.4,12.426,12.454,12.495,12.526,12.554,12.587,12.611,12.65,12.682,12.701,12.732,12.762,12.784,12.814,12.84,12.859,12.885,12.919,12.939,12.958,12.982,13.011,13.035,13.066,13.095,13.123,13.152,13.18,13.213,13.24,13.275,13.31,13.346,13.379,13.414,13.444,13.477,13.5,13.527,13.548,13.594,13.625,13.652,13.693,13.726,13.762,13.812,13.858,13.907,13.942,13.979,14.039,14.092,14.152,14.224,14.276,14.344,14.413,14.476,14.562,14.667,14.782,14.924,15.129,15.457,16.347
1067,GRN FP,9.721,10.477,10.712,10.89,11.017,11.113,11.191,11.299,11.365,11.442,11.499,11.562,11.622,11.671,11.708,11.761,11.794,11.845,11.879,11.917,11.953,11.984,12.014,12.047,12.078,12.11,12.137,12.177,12.209,12.238,12.276,12.312,12.342,12.369,12.4,12.426,12.454,12.495,12.526,12.554,12.587,12.611,12.65,12.682,12.701,12.732,12.762,12.784,12.814,12.84,12.859,12.885,12.919,12.939,12.958,12.982,13.011,13.035,13.066,13.095,13.123,13.152,13.18,13.213,13.24,13.275,13.31,13.346,13.379,13.414,13.444,13.477,13.5,13.527,13.548,13.594,13.625,13.652,13.693,13.726,13.762,13.812,13.858,13.907,13.942,13.979,14.039,14.092,14.152,14.224,14.276,14.344,14.413,14.476,14.562,14.667,14.782,14.924,15.129,15.457,16.347
1068,GRN FP,9.648,10.512,10.759,10.908,11.053,11.137,11.226,11.295,11.371,11.427,11.481,11.535,11.591,11.635,11.673,11.715,11.752,11.795,11.834,11.873,11.907,11.94,11.983,12.022,12.064,12.096,12.132,12.168,12.198,12.235,12.265,12.304,12.332,12.367,12.405,12.432,12.459,12.492,12.527,12.554,12.583,12.614,12.638,12.663,12.689,12.723,12.75,12.775,12.798,12.822,12.845,12.863,12.893,12.919,12.952,12.982,13.013,13.045,13.074,13.103,13.127,13.15,13.179,13.212,13.243,13.271,13.301,13.342,13.372,13.4,13.438,13.47,13.501,13.529,13.56,13.601,13.637,13.682,13.721,13.756,13.783,13.815,13.86,13.902,13.95,14.003,14.05,14.101,14.144,14.192,14.234,14.296,14.361,14.421,14.508,14.621,14.741,14.877,15.09,15.379,16.377
1069,GRN FP,9.648,10.512,10.759,10.908,11.053,11.137,11.226,11.295,11.371,11.427,11.481,11.535,11.591,11.635,11.673,11.715,11.752,11.795,11.834,11.873,11.907,11.94,11.983,12.022,12.064,12.096,12.132,12.168,12.198,12.235,12.265,12.304,12.332,12.367,12.405,12.432,12.459,12.492,12.527,12.554,12.583,12.614,12.638,12.663,12.689,12.723,12.75,12.775,12.798,12.822,12.845,12.863,12.893,12.919,12.952,12.982,13.013,13.045,13.074,13.103,13.127,13.15,13.179,13.212,13.243,13.271,13.301,13.342,13.372,13.4,13.438,13.47,13.501,13.529,13.56,13.601,13.637,13.682,13.721,13.756,13.783,13.815,13.86,13.902,13.95,14.003,14.05,14.101,14.144,14.192,14.234,14.296,14.361,14.421,14.508,14.621,14.741,14.877,15.09,15.379,16.377
1070,GRN FP,9.722,10.551,10.745,10.877,11.017,11.117,11.204,11.279,11.346,11.414,11.477,11.519,11.568,11.615,11.655,11.693,11.748,11.786,11.829,11.876,11.906,11.941,11.976,12.015,12.067,12.101,12.13,12.164,12.196,12.236,12.268,12.297,12.33,12.364,12.398,12.423,12.451,12.485,12.512,12.542,12.568,12.596,12.63,12.658,12.688,12.717,12.743,12.765,12.794,12.818,12.842,12.863,12.891,12.927,12.957,12.977,13.002,13.028,13.045,13.072,13.101,13.133,13.17,13.2,13.229,13.26,13.296,13.333,13.357,13.388,13.413,13.454,13.483,13.515,13.55,13.582,13.617,13.653,13.692,13.727,13.772,13.813,13.844,13.889,13.946,13.998,14.038,14.088,14.141,14.187,14.23,14.295,14.359,14.459,14.536,14.621,14.747,14.891,15.098,15.38,16.115
1071,GRN FP,9.722,10.551,10.745,10.877,11.017,11.117,11.204,11.279,11.346,11.414,11.477,11.519,11.568,11.615,11.655,11.693,11.748,11.786,11.829,11.876,11.906,11.941,11.976,12.015,12.067,12.101,12.13,12.164,12.196,12.236,12.268,12.297,12.33,12.364,12.398,12.423,12.451,12.485,12.512,12.542,12.568,12.596,12.63,12.658,12.688,12.717,12.743,12.765,12.794,12.818,12.842,12.863,12.891,12.927,12.957,12.977,13.002,13.028,13.045,13.072,13.101,13.133,13.17,13.2,13.229,13.26,13.296,13.333,13.357,13.388,13.413,13.454,13.483,13.515,13.55,13.582,13.617,13.653,13.692,13.727,13.772,13.813,13.844,13.889,13.946,13.998,14.038,14.088,14.141,14.187,14.23,14.295,14.359,14.459,14.536,14.621,14.747,14.891,15.098,15.38,16.115
1072,GRN FP,9.639,10.503,10.735,10.915,11.06,11.15,11.225,11.292,11.357,11.422,11.485,11.541,11.589,11.629,11.676,11.729,11.777,11.819,11.854,11.896,11.933,11.962,12.005,12.042,12.078,12.115,12.159,12.193,12.225,12.255,12.286,12.312,12.346,12.37,12.399,12.427,12.456,12.493,12.515,12.533,12.563,12.599,12.625,12.646,12.676,12.702,12.722,12.761,12.795,12.816,12.841,12.865,12.888,12.905,12.928,12.96,12.992,13.018,13.048,13.074,13.104,13.136,13.162,13.187,13.213,13.246,13.275,13.305,13.327,13.354,13.387,13.42,13.453,13.483,13.522,13.56,13.591,13.631,13.668,13.709,13.754,13.785,13.819,13.853,13.91,13.953,14.003,14.05,14.11,14.181,14.234,14.294,14.376,14.444,14.524,14.605,14.704,14.832,15.059,15.385,16.355
1073,GRN FP,9.639,10.503,10.735,10.915,11.06,11.15,11.225,11.292,11.357,11.422,11.485,11.541,11.589,11.629,11.676,11.729,11.777,11.819,11.854,11.896,11.933,11.962,12.005,12.042,12.078,12.115,12.159,12.193,12.225,12.255,12.286,12.312,12.346,12.37,12.399,12.427,12.456,12.493,12.515,12.533,12.563,12.599,12.625,12.646,12.676,12.702,12.722,12.761,12.795,12.816,12.841,12.865,12.888,12.905,12.928,12.96,12.992,13.018,13.048,13.074,13.104,13.136,13.162,13.187,13.213,13.246,13.275,13.305,13.327,13.354,13.387,13.42,13.453,13.483,13.522,13.56,13.591,13.631,13.668,13.709,13.754,13.785,13.819,13.853,13.91,13.953,14.003,14.05,14.11,14.181,14.234,14.294,14.376,14.444,14.524,14.605,14.704,14.832,15.059,15.385,16.355
1074,GRN FP,9.888,10.45,10.633,10.843,10.996,11.087,11.208,11.285,11.359,11.437,11.505,11.551,11.596,11.651,11.696,11.734,11.785,11.83,11.873,11.912,11.95,11.985,12.023,12.059,12.086,12.12,12.152,12.175,12.219,12.254,12.274,12.311,12.354,12.387,12.406,12.432,12.451,12.478,12.501,12.52,12.549,12.575,12.599,12.621,12.654,12.687,12.712,12.739,12.765,12.791,12.821,12.848,12.876,12.907,12.937,12.958,12.986,13.012,13.038,13.068,13.093,13.12,13.148,13.17,13.202,13.229,13.255,13.289,13.314,13.336,13.365,13.392,13.437,13.475,13.505,13.54,13.586,13.614,13.645,13.675,13.712,13.752,13.79,13.841,13.885,13.935,13.981,14.038,14.09,14.134,14.192,14.234,14.291,14.361,14.451,14.543,14.676,14.817,15.045,15.42,16.419
1075,GRN FP,9.888,10.45,10.633,10.843,10.996,11.087,11.208,11.285,11.359,11.437,11.505,11.551,11.596,11.651,11.696,11.734,11.785,11.83,11.873,11.912,11.95,11.985,12.023,12.059,12.086,12.12,12.152,12.175,12.219,12.254,12.274,12.311,12.354,12.387,12.406,12.432,12.451,12.478,12.501,12.52,12.549,12.575,12.599,12.621,12.654,12.687,12.712,12.739,12.765,12.791,12.821,12.848,12.876,12.907,12.937,12.958,12.986,13.012,13.038,13.068,13.093,13.12,13.148,13.17,13.202,13.229,13.255,13.289,13.314,13.336,13.365,13.392,13.437,13.475,13.505,13.54,13.586,13.614,13.645,13.675,13.712,13.752,13.79,13.841,13.885,13.935,13.981,14.038,14.09,14.134,14.192,14.234,14.291,14.361,14.451,14.543,14.676,14.817,15.045,15.42,16.419
1076,GRN FP,9.732,10.425,10.74,10.915,11.031,11.14,11.26,11.34,11.406,11.464,11.526,11.578,11.624,11.68,11.726,11.76,11.796,11.834,11.879,11.912,11.956,11.984,12.03,12.065,12.09,12.117,12.152,12.189,12.216,12.244,12.276,12.306,12.344,12.372,12.402,12.432,12.454,12.487,12.507,12.539,12.566,12.592,12.619,12.643,12.665,12.688,12.706,12.731,12.755,12.776,12.796,12.824,12.848,12.876,12.899,12.922,12.95,12.981,13.001,13.028,13.051,13.079,13.103,13.134,13.168,13.191,13.229,13.261,13.291,13.316,13.343,13.37,13.405,13.442,13.464,13.501,13.528,13.558,13.595,13.639,13.678,13.722,13.766,13.811,13.867,13.905,13.937,13.984,14.045,14.095,14.15,14.197,14.266,14.349,14.459,14.574,14.687,14.817,14.966,15.259,16.107
1077,GRN FP,9.732,10.425,10.74,10.915,11.031,11.14,11.26,11.34,11.406,11.464,11.526,11.578,11.624,11.68,11.726,11.76,11.796,11.834,11.879,11.912,11.956,11.984,12.03,12.065,12.09,12.117,12.152,12.189,12.216,12.244,12.276,12.306,12.344,12.372,12.402,12.432,12.454,12.487,12.507,12.539,12.566,12.592,12.619,12.643,12.665,12.688,12.706,12.731,12.755,12.776,12.796,12.824,12.848,12.876,12.899,12.922,12.95,12.981,13.001,13.028,13.051,13.079,13.103,13.134,13.168,13.191,13.229,13.261,13.291,13.316,13.343,13.37,13.405,13.442,13.464,13.501,13.528,13.558,13.595,13.639,13.678,13.722,13.766,13.811,13.867,13.905,13.937,13.984,14.045,14.095,14.15,14.197,14.266,14.349,14.459,14.574,14.687,14.817,14.966,15.259,16.107
1078,GRN FP,9.604,10.434,10.751,10.942,11.067,11.167,11.271,11.347,11.422,11.481,11.546,11.602,11.649,11.693,11.755,11.791,11.83,11.871,11.904,11.934,11.974,12.005,12.038,12.073,12.101,12.139,12.171,12.198,12.233,12.264,12.295,12.324,12.351,12.375,12.396,12.431,12.451,12.475,12.502,12.524,12.558,12.581,12.606,12.625,12.645,12.677,12.704,12.721,12.749,12.771,12.798,12.823,12.846,12.868,12.895,12.926,12.946,12.964,12.984,13.01,13.037,13.063,13.088,13.115,13.142,13.167,13.197,13.227,13.255,13.28,13.312,13.348,13.395,13.425,13.45,13.489,13.524,13.549,13.579,13.621,13.662,13.695,13.729,13.769,13.807,13.865,13.91,13.961,13.998,14.05,14.14,14.188,14.25,14.325,14.426,14.517,14.645,14.767,14.951,15.242,16.101
1079,GRN FP,9.604,10.434,10.751,10.942,11.067,11.167,11.271,11.347,11.422,11.481,11.546,11.602,11.649,11.693,11.755,11.791,11.83,11.871,11.904,11.934,11.974,12.005,12.038,12.073,12.101,12.139,12.171,12.198,12.233,12.264,12.295,12.324,12.351,12.375,12.396,12.431,12.451,12.475,12.502,12.524,12.558,12.581,12.606,12.625,12.645,12.677,12.704,12.721,12.749,12.771,12.798,12.823,12.846,12.868,12.895,12.926,12.946,12.964,12.984,13.01,13.037,13.063,13.088,13.115,13.142,13.167,13.197,13.227,13.255,13.28,13.312,13.348,13.395,13.425,13.45,13.489,13.524,13.549,13.579,13.621,13.662,13.695,13.729,13.769,13.807,13.865,13.91,13.961,13.998,14.05,14.14,14.188,14.25,14.325,14.426,14.517,14.645,14.767,14.951,15.242,16.101
1080,GRN FP,9.774,10.49,10.795,10.98,11.104,11.211,11.312,11.373,11.434,11.5,11.56,11.608,11.656,11.701,11.747,11.785,11.814,11.857,11.883,11.911,11.939,11.969,12.001,12.033,12.073,12.109,12.15,12.183,12.218,12.246,12.273,12.3,12.325,12.357,12.395,12.419,12.45,12.477,12.501,12.524,12.551,12.577,12.601,12.626,12.652,12.677,12.694,12.725,12.749,12.768,12.792,12.81,12.837,12.859,12.882,12.907,12.941,12.965,12.993,13.027,13.049,13.067,13.093,13.12,13.146,13.178,13.216,13.246,13.275,13.306,13.334,13.354,13.39,13.411,13.444,13.476,13.504,13.533,13.563,13.594,13.633,13.659,13.702,13.75,13.796,13.847,13.899,13.947,13.995,14.051,14.107,14.177,14.236,14.303,14.367,14.462,14.566,14.723,14.888,15.17,15.894
1081,GRN FP,9.774,10.49,10.795,10.98,11.104,11.211,11.312,11.373,11.434,11.5,11.56,11.608,11.656,11.701,11.747,11.785,11.814,11.857,11.883,11.911,11.939,11.969,12.001,12.033,12.073,12.109,12.15,12.183,12.218,12.246,12.273,12.3,12.325,12.357,12.395,12.419,12.45,12.477,12.501,12.524,12.551,12.577,12.601,12.626,12.652,12.677,12.694,12.725,12.749,12.768,12.792,12.81,12.837,12.859,12.882,12.907,12.941,12.965,12.993,13.027,13.049,13.067,13.093,13.12,13.146,13.178,13.216,13.246,13.275,13.306,13.334,13.354,13.39,13.411,13.444,13.476,13.504,13.533,13.563,13.594,13.633,13.659,13.702,13.75,13.796,13.847,13.899,13.947,13.995,14.051,14.107,14.177,14.236,14.303,14.367,14.462,14.566,14.723,14.888,15.17,15.894
1082,GRN FP,9.825,10.499,10.846,10.977,11.09,11.197,11.296,11.392,11.462,11.531,11.578,11.63,11.671,11.718,11.757,11.806,11.84,11.87,11.915,11.943,11.979,12.031,12.056,12.086,12.108,12.134,12.163,12.187,12.22,12.249,12.278,12.302,12.331,12.353,12.39,12.417,12.448,12.478,12.505,12.527,12.549,12.576,12.598,12.619,12.644,12.669,12.693,12.716,12.742,12.764,12.786,12.815,12.834,12.859,12.885,12.909,12.934,12.956,12.982,13.002,13.029,13.051,13.075,13.107,13.125,13.156,13.186,13.21,13.235,13.259,13.285,13.311,13.342,13.38,13.413,13.445,13.48,13.519,13.557,13.585,13.616,13.652,13.693,13.739,13.787,13.829,13.879,13.936,13.977,14.024,14.088,14.145,14.214,14.276,14.348,14.436,14.565,14.676,14.844,15.19,15.93
1083,GRN FP,9.825,10.499,10.846,10.977,11.09,11.197,11.296,11.392,11.462,11.531,11.578,11.63,11.671,11.718,11.757,11.806,11.84,11.87,11.915,11.943,11.979,12.031,12.056,12.086,12.108,12.134,12.163,12.187,12.22,12.249,12.278,12.302,12.331,12.353,12.39,12.417,12.448,12.478,12.505,12.527,12.549,12.576,12.598,12.619,12.644,12.669,12.693,12.716,12.742,12.764,12.786,12.815,12.834,12.859,12.885,12.909,12.934,12.956,12.982,13.002,13.029,13.051,13.075,13.107,13.125,13.156,13.186,13.21,13.235,13.259,13.285,13.311,13.342,13.38,13.413,13.445,13.48,13.519,13.557,13.585,13.616,13.652,13.693,13.739,13.787,13.829,13.879,13.936,13.977,14.024,14.088,14.145,14.214,14.276,14.348,14.436,14.565,14.676,14.844,15.19,15.93
1084,GRN FP,9.751,10.56,10.847,11.034,11.147,11.257,11.331,11.386,11.467,11.539,11.61,11.665,11.701,11.746,11.787,11.823,11.854,11.888,11.933,11.963,11.982,12.007,12.041,12.074,12.109,12.139,12.168,12.197,12.231,12.262,12.283,12.308,12.34,12.362,12.389,12.415,12.436,12.463,12.487,12.516,12.544,12.567,12.588,12.609,12.637,12.663,12.68,12.711,12.729,12.753,12.776,12.8,12.827,12.85,12.874,12.899,12.923,12.944,12.965,12.992,13.012,13.035,13.063,13.092,13.116,13.137,13.161,13.191,13.222,13.251,13.273,13.297,13.327,13.359,13.389,13.411,13.45,13.487,13.512,13.547,13.572,13.611,13.655,13.702,13.741,13.796,13.83,13.883,13.935,13.969,14.046,14.108,14.159,14.225,14.283,14.351,14.508,14.653,14.799,15.086,15.683
1085,GRN FP,9.751,10.56,10.847,11.034,11.147,11.257,11.331,11.386,11.467,11.539,11.61,11.665,11.701,11.746,11.787,11.823,11.854,11.888,11.933,11.963,11.982,12.007,12.041,12.074,12.109,12.139,12.168,12.197,12.231,12.262,12.283,12.308,12.34,12.362,12.389,12.415,12.436,12.463,12.487,12.516,12.544,12.567,12.588,12.609,12.637,12.663,12.68,12.711,12.729,12.753,12.776,12.8,12.827,12.85,12.874,12.899,12.923,12.944,12.965,12.992,13.012,13.035,13.063,13.092,13.116,13.137,13.161,13.191,13.222,13.251,13.273,13.297,13.327,13.359,13.389,13.411,13.45,13.487,13.512,13.547,13.572,13.611,13.655,13.702,13.741,13.796,13.83,13.883,13.935,13.969,14.046,14.108,14.159,14.225,14.283,14.351,14.508,14.653,14.799,15.086,15.683
1086,GRN FP,9.639,10.638,10.876,11.095,11.242,11.332,11.398,11.455,11.52,11.571,11.624,11.678,11.715,11.756,11.798,11.839,11.873,11.903,11.935,11.978,12.018,12.055,12.081,12.111,12.151,12.177,12.209,12.237,12.261,12.286,12.309,12.331,12.354,12.383,12.411,12.43,12.457,12.484,12.5,12.525,12.546,12.568,12.589,12.612,12.632,12.655,12.676,12.7,12.719,12.737,12.767,12.79,12.812,12.845,12.865,12.887,12.912,12.935,12.96,12.976,12.995,13.02,13.048,13.077,13.101,13.123,13.147,13.178,13.206,13.227,13.252,13.287,13.317,13.338,13.361,13.391,13.422,13.457,13.49,13.523,13.569,13.601,13.633,13.668,13.71,13.742,13.783,13.832,13.88,13.929,13.97,14.009,14.061,14.135,14.218,14.324,14.448,14.573,14.739,14.989,15.848
1087,GRN FP,9.639,10.638,10.876,11.095,11.242,11.332,11.398,11.455,11.52,11.571,11.624,11.678,11.715,11.756,11.798,11.839,11.873,11.903,11.935,11.978,12.018,12.055,12.081,12.111,12.151,12.177,12.209,12.237,12.261,12.286,12.309,12.331,12.354,12.383,12.411,12.43,12.457,12.484,12.5,12.525,12.546,12.568,12.589,12.612,12.632,12.655,12.676,12.7,12.719,12.737,12.767,12.79,12.812,12.845,12.865,12.887,12.912,12.935,12.96,12.976,12.995,13.02,13.048,13.077,13.101,13.123,13.147,13.178,13.206,13.227,13.252,13.287,13.317,13.338,13.361,13.391,13.422,13.457,13.49,13.523,13.569,13.601,13.633,13.668,13.71,13.742,13.783,13.832,13.88,13.929,13.97,14.009,14.061,14.135,14.218,14.324,14.448,14.573,14.739,14.989,15.848
1088,GRN FP,9.842,10.713,11.011,11.155,11.251,11.34,11.419,11.491,11.552,11.609,11.672,11.708,11.752,11.784,11.824,11.862,11.892,11.923,11.952,11.986,12.022,12.055,12.087,12.11,12.142,12.167,12.189,12.219,12.245,12.282,12.303,12.327,12.346,12.368,12.391,12.415,12.441,12.464,12.499,12.52,12.549,12.569,12.595,12.614,12.635,12.665,12.683,12.701,12.726,12.749,12.771,12.801,12.825,12.846,12.869,12.893,12.917,12.934,12.959,12.977,12.999,13.022,13.042,13.064,13.09,13.11,13.127,13.154,13.185,13.21,13.239,13.265,13.296,13.32,13.346,13.373,13.409,13.438,13.463,13.503,13.533,13.556,13.594,13.624,13.666,13.706,13.74,13.784,13.824,13.87,13.923,13.976,14.039,14.116,14.173,14.26,14.35,14.446,14.629,14.892,15.967
1089,GRN FP,9.842,10.713,11.011,11.155,11.251,11.34,11.419,11.491,11.552,11.609,11.672,11.708,11.752,11.784,11.824,11.862,11.892,11.923,11.952,11.986,12.022,12.055,12.087,12.11,12.142,12.167,12.189,12.219,12.245,12.282,12.303,12.327,12.346,12.368,12.391,12.415,12.441,12.464,12.499,12.52,12.549,12.569,12.595,12.614,12.635,12.665,12.683,12.701,12.726,12.749,12.771,12.801,12.825,12.846,12.869,12.893,12.917,12.934,12.959,12.977,12.999,13.022,13.042,13.064,13.09,13.11,13.127,13.154,13.185,13.21,13.239,13.265,13.296,13.32,13.346,13.373,13.409,13.438,13.463,13.503,13.533,13.556,13.594,13.624,13.666,13.706,13.74,13.784,13.824,13.87,13.923,13.976,14.039,14.116,14.173,14.26,14.35,14.446,14.629,14.892,15.967
1090,GRN FP,10.143,10.799,11.055,11.194,11.31,11.399,11.461,11.518,11.592,11.637,11.697,11.736,11.772,11.815,11.85,11.881,11.917,11.953,11.991,12.025,12.056,12.086,12.119,12.146,12.17,12.201,12.227,12.26,12.287,12.315,12.34,12.36,12.381,12.406,12.428,12.454,12.473,12.489,12.512,12.534,12.551,12.57,12.586,12.607,12.621,12.653,12.671,12.697,12.72,12.741,12.761,12.784,12.815,12.833,12.856,12.877,12.901,12.918,12.933,12.965,12.991,13.013,13.031,13.056,13.08,13.105,13.124,13.143,13.167,13.192,13.215,13.24,13.268,13.294,13.315,13.344,13.371,13.398,13.422,13.449,13.47,13.503,13.536,13.569,13.594,13.621,13.66,13.71,13.757,13.795,13.847,13.896,13.938,13.991,14.049,14.139,14.257,14.361,14.509,14.728,15.557
1091,GRN FP,10.143,10.799,11.055,11.194,11.31,11.399,11.461,11.518,11.592,11.637,11.697,11.736,11.772,11.815,11.85,11.881,11.917,11.953,11.991,12.025,12.056,12.086,12.119,12.146,12.17,12.201,12.227,12.26,12.287,12.315,12.34,12.36,12.381,12.406,12.428,12.454,12.473,12.489,12.512,12.534,12.551,12.57,12.586,12.607,12.621,12.653,12.671,12.697,12.72,12.741,12.761,12.784,12.815,12.833,12.856,12.877,12.901,12.918,12.933,12.965,12.991,13.013,13.031,13.056,13.08,13.105,13.124,13.143,13.167,13.192,13.215,13.24,13.268,13.294,13.315,13.344,13.371,13.398,13.422,13.449,13.47,13.503,13.536,13.569,13.594,13.621,13.66,13.71,13.757,13.795,13.847,13.896,13.938,13.991,14.049,14.139,14.257,14.361,14.509,14.728,15.557
1092,GRN FP,10.284,10.92,11.091,11.238,11.356,11.468,11.543,11.604,11.652,11.699,11.757,11.804,11.847,11.877,11.914,11.938,11.97,12.005,12.036,12.075,12.099,12.133,12.16,12.181,12.2,12.225,12.25,12.276,12.302,12.32,12.344,12.364,12.387,12.414,12.433,12.461,12.482,12.5,12.52,12.543,12.565,12.587,12.609,12.625,12.64,12.656,12.673,12.703,12.725,12.739,12.755,12.777,12.799,12.822,12.838,12.858,12.877,12.9,12.917,12.934,12.963,12.986,13.007,13.035,13.053,13.071,13.093,13.117,13.135,13.16,13.182,13.205,13.221,13.246,13.267,13.291,13.313,13.335,13.364,13.387,13.417,13.445,13.474,13.502,13.53,13.559,13.589,13.631,13.663,13.705,13.751,13.801,13.867,13.94,14.006,14.087,14.206,14.312,14.441,14.707,15.323
1093,GRN FP,10.284,10.92,11.091,11.238,11.356,11.468,11.543,11.604,11.652,11.699,11.757,11.804,11.847,11.877,11.914,11.938,11.97,12.005,12.036,12.075,12.099,12.133,12.16,12.181,12.2,12.225,12.25,12.276,12.302,12.32,12.344,12.364,12.387,12.414,12.433,12.461,12.482,12.5,12.52,12.543,12.565,12.587,12.609,12.625,12.64,12.656,12.673,12.703,12.725,12.739,12.755,12.777,12.799,12.822,12.838,12.858,12.877,12.9,12.917,12.934,12.963,12.986,13.007,13.035,13.053,13.071,13.093,13.117,13.135,13.16,13.182,13.205,13.221,13.246,13.267,13.291,13.313,13.335,13.364,13.387,13.417,13.445,13.474,13.502,13.53,13.559,13.589,13.631,13.663,13.705,13.751,13.801,13.867,13.94,14.006,14.087,14.206,14.312,14.441,14.707,15.323
1094,GRN FP,10.415,10.925,11.152,11.302,11.404,11.491,11.565,11.627,11.684,11.729,11.775,11.837,11.878,11.916,11.955,11.987,12.023,12.052,12.089,12.117,12.142,12.168,12.192,12.218,12.24,12.266,12.286,12.312,12.34,12.358,12.379,12.403,12.425,12.44,12.462,12.484,12.504,12.529,12.561,12.585,12.605,12.625,12.647,12.666,12.681,12.701,12.719,12.734,12.757,12.779,12.8,12.818,12.837,12.856,12.879,12.9,12.924,12.944,12.963,12.977,13.0,13.024,13.045,13.065,13.087,13.111,13.135,13.156,13.173,13.192,13.21,13.232,13.253,13.278,13.301,13.326,13.353,13.375,13.399,13.43,13.455,13.487,13.519,13.546,13.573,13.606,13.643,13.677,13.712,13.747,13.801,13.85,13.896,13.953,14.033,14.093,14.164,14.271,14.447,14.672,15.249
1095,GRN FP,10.415,10.925,11.152,11.302,11.404,11.491,11.565,11.627,11.684,11.729,11.775,11.837,11.878,11.916,11.955,11.987,12.023,12.052,12.089,12.117,12.142,12.168,12.192,12.218,12.24,12.266,12.286,12.312,12.34,12.358,12.379,12.403,12.425,12.44,12.462,12.484,12.504,12.529,12.561,12.585,12.605,12.625,12.647,12.666,12.681,12.701,12.719,12.734,12.757,12.779,12.8,12.818,12.837,12.856,12.879,12.9,12.924,12.944,12.963,12.977,13.0,13.024,13.045,13.065,13.087,13.111,13.135,13.156,13.173,13.192,13.21,13.232,13.253,13.278,13.301,13.326,13.353,13.375,13.399,13.43,13.455,13.487,13.519,13.546,13.573,13.606,13.643,13.677,13.712,13.747,13.801,13.85,13.896,13.953,14.033,14.093,14.164,14.271,14.447,14.672,15.249
1096,GRN FP,10.283,10.979,11.214,11.34,11.439,11.547,11.625,11.671,11.717,11.766,11.812,11.86,11.893,11.935,11.972,12.006,12.041,12.085,12.113,12.145,12.175,12.206,12.234,12.26,12.287,12.314,12.342,12.376,12.401,12.42,12.44,12.468,12.487,12.508,12.528,12.545,12.566,12.586,12.61,12.632,12.651,12.672,12.694,12.715,12.729,12.748,12.765,12.779,12.797,12.814,12.831,12.85,12.87,12.887,12.906,12.92,12.938,12.957,12.977,12.993,13.014,13.037,13.051,13.076,13.092,13.118,13.138,13.162,13.181,13.204,13.228,13.248,13.269,13.292,13.315,13.341,13.367,13.389,13.419,13.446,13.477,13.503,13.533,13.559,13.59,13.629,13.657,13.692,13.727,13.772,13.814,13.855,13.906,13.94,14.01,14.078,14.164,14.306,14.448,14.694,15.457
1097,GRN FP,10.283,10.979,11.214,11.34,11.439,11.547,11.625,11.671,11.717,11.766,11.812,11.86,11.893,11.935,11.972,12.006,12.041,12.085,12.113,12.145,12.175,12.206,12.234,12.26,12.287,12.314,12.342,12.376,12.401,12.42,12.44,12.468,12.487,12.508,12.528,12.545,12.566,12.586,12.61,12.632,12.651,12.672,12.694,12.715,12.729,12.748,12.765,12.779,12.797,12.814,12.831,12.85,12.87,12.887,12.906,12.92,12.938,12.957,12.977,12.993,13.014,13.037,13.051,13.076,13.092,13.118,13.138,13.162,13.181,13.204,13.228,13.248,13.269,13.292,13.315,13.341,13.367,13.389,13.419,13.446,13.477,13.503,13.533,13.559,13.59,13.629,13.657,13.692,13.727,13.772,13.814,13.855,13.906,13.94,14.01,14.078,14.164,14.306,14.448,14.694,15.457
1098,GRN FP,10.286,11.01,11.251,11.373,11.488,11.565,11.638,11.69,11.73,11.782,11.845,11.894,11.934,11.98,12.013,12.047,12.078,12.105,12.135,12.169,12.202,12.235,12.262,12.29,12.318,12.343,12.369,12.393,12.416,12.436,12.461,12.484,12.502,12.53,12.547,12.566,12.582,12.607,12.63,12.654,12.674,12.692,12.712,12.73,12.75,12.766,12.786,12.807,12.826,12.848,12.866,12.884,12.901,12.927,12.946,12.967,12.987,13.004,13.017,13.04,13.065,13.084,13.102,13.123,13.144,13.163,13.184,13.203,13.225,13.245,13.269,13.286,13.309,13.331,13.355,13.378,13.403,13.426,13.454,13.485,13.509,13.541,13.564,13.603,13.631,13.658,13.688,13.72,13.758,13.795,13.838,13.889,13.938,13.992,14.048,14.133,14.206,14.301,14.496,14.693,15.373
1099,GRN FP,10.286,11.01,11.251,11.373,11.488,11.565,11.638,11.69,11.73,11.782,11.845,11.894,11.934,11.98,12.013,12.047,12.078,12.105,12.135,12.169,12.202,12.235,12.262,12.29,12.318,12.343,12.369,12.393,12.416,12.436,12.461,12.484,12.502,12.53,12.547,12.566,12.582,12.607,12.63,12.654,12.674,12.692,12.712,12.73,12.75,12.766,12.786,12.807,12.826,12.848,12.866,12.884,12.901,12.927,12.946,12.967,12.987,13.004,13.017,13.04,13.065,13.084,13.102,13.123,13.144,13.163,13.184,13.203,13.225,13.245,13.269,13.286,13.309,13.331,13.355,13.378,13.403,13.426,13.454,13.485,13.509,13.541,13.564,13.603,13.631,13.658,13.688,13.72,13.758,13.795,13.838,13.889,13.938,13.992,14.048,14.133,14.206,14.301,14.496,14.693,15.373
1100,GRN FP,10.471,11.159,11.318,11.445,11.541,11.621,11.677,11.743,11.798,11.845,11.895,11.941,11.985,12.02,12.058,12.092,12.127,12.156,12.184,12.213,12.24,12.263,12.291,12.313,12.339,12.38,12.4,12.421,12.45,12.475,12.494,12.513,12.534,12.558,12.58,12.606,12.622,12.643,12.661,12.682,12.707,12.73,12.746,12.764,12.781,12.797,12.817,12.839,12.856,12.876,12.898,12.918,12.937,12.962,12.979,12.996,13.016,13.033,13.063,13.086,13.106,13.126,13.143,13.163,13.178,13.195,13.214,13.228,13.249,13.279,13.306,13.323,13.344,13.367,13.385,13.408,13.429,13.458,13.484,13.502,13.53,13.566,13.591,13.62,13.661,13.692,13.723,13.756,13.783,13.837,13.881,13.913,13.956,14.014,14.057,14.137,14.212,14.312,14.45,14.63,15.484
1101,GRN FP,10.471,11.159,11.318,11.445,11.541,11.621,11.677,11.743,11.798,11.845,11.895,11.941,11.985,12.02,12.058,12.092,12.127,12.156,12.184,12.213,12.24,12.263,12.291,12.313,12.339,12.38,12.4,12.421,12.45,12.475,12.494,12.513,12.534,12.558,12.58,12.606,12.622,12.643,12.661,12.682,12.707,12.73,12.746,12.764,12.781,12.797,12.817,12.839,12.856,12.876,12.898,12.918,12.937,12.962,12.979,12.996,13.016,13.033,13.063,13.086,13.106,13.126,13.143,13.163,13.178,13.195,13.214,13.228,13.249,13.279,13.306,13.323,13.344,13.367,13.385,13.408,13.429,13.458,13.484,13.502,13.53,13.566,13.591,13.62,13.661,13.692,13.723,13.756,13.783,13.837,13.881,13.913,13.956,14.014,14.057,14.137,14.212,14.312,14.45,14.63,15.484
1102,GRN FP,10.434,11.073,11.261,11.399,11.505,11.594,11.66,11.719,11.784,11.833,11.874,11.902,11.94,11.986,12.015,12.053,12.093,12.123,12.164,12.187,12.223,12.252,12.285,12.318,12.339,12.368,12.397,12.424,12.444,12.463,12.485,12.504,12.523,12.542,12.568,12.585,12.609,12.635,12.655,12.675,12.693,12.708,12.728,12.752,12.771,12.787,12.805,12.827,12.844,12.867,12.883,12.899,12.921,12.946,12.964,12.98,12.998,13.018,13.039,13.056,13.076,13.094,13.111,13.134,13.154,13.175,13.192,13.213,13.241,13.259,13.281,13.296,13.319,13.338,13.361,13.387,13.41,13.432,13.456,13.481,13.507,13.533,13.56,13.597,13.629,13.662,13.693,13.726,13.766,13.804,13.847,13.895,13.939,13.984,14.041,14.118,14.191,14.292,14.413,14.729,15.286
1103,GRN FP,10.434,11.073,11.261,11.399,11.505,11.594,11.66,11.719,11.784,11.833,11.874,11.902,11.94,11.986,12.015,12.053,12.093,12.123,12.164,12.187,12.223,12.252,12.285,12.318,12.339,12.368,12.397,12.424,12.444,12.463,12.485,12.504,12.523,12.542,12.568,12.585,12.609,12.635,12.655,12.675,12.693,12.708,12.728,12.752,12.771,12.787,12.805,12.827,12.844,12.867,12.883,12.899,12.921,12.946,12.964,12.98,12.998,13.018,13.039,13.056,13.076,13.094,13.111,13.134,13.154,13.175,13.192,13.213,13.241,13.259,13.281,13.296,13.319,13.338,13.361,13.387,13.41,13.432,13.456,13.481,13.507,13.533,13.56,13.597,13.629,13.662,13.693,13.726,13.766,13.804,13.847,13.895,13.939,13.984,14.041,14.118,14.191,14.292,14.413,14.729,15.286
1104,GRN FP,10.485,11.058,11.251,11.387,11.482,11.564,11.635,11.711,11.775,11.819,11.872,11.914,11.951,11.993,12.037,12.066,12.097,12.12,12.151,12.182,12.212,12.237,12.259,12.281,12.3,12.33,12.356,12.379,12.397,12.424,12.452,12.479,12.505,12.531,12.552,12.573,12.593,12.614,12.633,12.652,12.672,12.686,12.7,12.727,12.749,12.775,12.795,12.81,12.827,12.847,12.862,12.879,12.9,12.921,12.94,12.959,12.974,12.993,13.012,13.037,13.058,13.072,13.089,13.11,13.132,13.149,13.167,13.184,13.208,13.227,13.25,13.269,13.289,13.312,13.339,13.359,13.395,13.417,13.445,13.467,13.49,13.515,13.547,13.576,13.611,13.639,13.684,13.717,13.756,13.801,13.844,13.89,13.925,13.986,14.059,14.128,14.237,14.349,14.452,14.636,15.245
1105,GRN FP,10.485,11.058,11.251,11.387,11.482,11.564,11.635,11.711,11.775,11.819,11.872,11.914,11.951,11.993,12.037,12.066,12.097,12.12,12.151,12.182,12.212,12.237,12.259,12.281,12.3,12.33,12.356,12.379,12.397,12.424,12.452,12.479,12.505,12.531,12.552,12.573,12.593,12.614,12.633,12.652,12.672,12.686,12.7,12.727,12.749,12.775,12.795,12.81,12.827,12.847,12.862,12.879,12.9,12.921,12.94,12.959,12.974,12.993,13.012,13.037,13.058,13.072,13.089,13.11,13.132,13.149,13.167,13.184,13.208,13.227,13.25,13.269,13.289,13.312,13.339,13.359,13.395,13.417,13.445,13.467,13.49,13.515,13.547,13.576,13.611,13.639,13.684,13.717,13.756,13.801,13.844,13.89,13.925,13.986,14.059,14.128,14.237,14.349,14.452,14.636,15.245
1106,GRN FP,10.408,10.951,11.19,11.338,11.465,11.56,11.621,11.674,11.727,11.767,11.828,11.886,11.925,11.965,12.006,12.033,12.072,12.108,12.15,12.17,12.198,12.223,12.25,12.28,12.307,12.332,12.357,12.38,12.405,12.431,12.453,12.478,12.499,12.515,12.537,12.556,12.574,12.602,12.621,12.643,12.667,12.683,12.703,12.718,12.739,12.751,12.769,12.787,12.803,12.821,12.84,12.86,12.876,12.897,12.914,12.931,12.95,12.968,12.986,13.004,13.03,13.05,13.069,13.088,13.113,13.13,13.147,13.168,13.19,13.219,13.242,13.273,13.297,13.314,13.332,13.354,13.385,13.412,13.441,13.466,13.488,13.512,13.539,13.568,13.605,13.649,13.678,13.704,13.739,13.77,13.805,13.857,13.903,13.979,14.029,14.099,14.188,14.293,14.398,14.552,15.115
1107,GRN FP,10.408,10.951,11.19,11.338,11.465,11.56,11.621,11.674,11.727,11.767,11.828,11.886,11.925,11.965,12.006,12.033,12.072,12.108,12.15,12.17,12.198,12.223,12.25,12.28,12.307,12.332,12.357,12.38,12.405,12.431,12.453,12.478,12.499,12.515,12.537,12.556,12.574,12.602,12.621,12.643,12.667,12.683,12.703,12.718,12.739,12.751,12.769,12.787,12.803,12.821,12.84,12.86,12.876,12.897,12.914,12.931,12.95,12.968,12.986,13.004,13.03,13.05,13.069,13.088,13.113,13.13,13.147,13.168,13.19,13.219,13.242,13.273,13.297,13.314,13.332,13.354,13.385,13.412,13.441,13.466,13.488,13.512,13.539,13.568,13.605,13.649,13.678,13.704,13.739,13.77,13.805,13.857,13.903,13.979,14.029,14.099,14.188,14.293,14.398,14.552,15.115
1108,GRN FP,10.436,10.979,11.258,11.4,11.504,11.585,11.66,11.733,11.781,11.835,11.873,11.912,11.951,11.98,12.003,12.036,12.07,12.103,12.14,12.166,12.199,12.227,12.258,12.284,12.305,12.334,12.36,12.38,12.4,12.424,12.439,12.456,12.48,12.501,12.526,12.545,12.563,12.589,12.609,12.626,12.642,12.663,12.682,12.7,12.719,12.733,12.75,12.773,12.785,12.799,12.816,12.837,12.852,12.873,12.892,12.914,12.936,12.953,12.965,12.984,13.001,13.022,13.045,13.067,13.088,13.108,13.128,13.151,13.169,13.186,13.206,13.228,13.251,13.276,13.3,13.327,13.35,13.376,13.4,13.428,13.457,13.481,13.516,13.545,13.566,13.594,13.631,13.666,13.7,13.735,13.77,13.816,13.866,13.924,13.976,14.041,14.112,14.252,14.361,14.562,15.218
1109,GRN FP,10.436,10.979,11.258,11.4,11.504,11.585,11.66,11.733,11.781,11.835,11.873,11.912,11.951,11.98,12.003,12.036,12.07,12.103,12.14,12.166,12.199,12.227,12.258,12.284,12.305,12.334,12.36,12.38,12.4,12.424,12.439,12.456,12.48,12.501,12.526,12.545,12.563,12.589,12.609,12.626,12.642,12.663,12.682,12.7,12.719,12.733,12.75,12.773,12.785,12.799,12.816,12.837,12.852,12.873,12.892,12.914,12.936,12.953,12.965,12.984,13.001,13.022,13.045,13.067,13.088,13.108,13.128,13.151,13.169,13.186,13.206,13.228,13.251,13.276,13.3,13.327,13.35,13.376,13.4,13.428,13.457,13.481,13.516,13.545,13.566,13.594,13.631,13.666,13.7,13.735,13.77,13.816,13.866,13.924,13.976,14.041,14.112,14.252,14.361,14.562,15.218
1110,GRN FP,10.521,11.126,11.299,11.409,11.525,11.622,11.687,11.737,11.794,11.846,11.883,11.922,11.965,12.0,12.029,12.067,12.097,12.127,12.154,12.175,12.202,12.232,12.257,12.279,12.302,12.324,12.34,12.359,12.38,12.402,12.427,12.443,12.467,12.487,12.509,12.531,12.549,12.568,12.582,12.601,12.622,12.638,12.657,12.676,12.696,12.71,12.726,12.747,12.765,12.784,12.802,12.818,12.841,12.861,12.878,12.9,12.918,12.939,12.958,12.972,12.99,13.013,13.032,13.047,13.067,13.086,13.105,13.125,13.141,13.164,13.178,13.2,13.223,13.241,13.269,13.292,13.308,13.333,13.356,13.381,13.408,13.432,13.453,13.481,13.508,13.552,13.591,13.634,13.674,13.712,13.748,13.789,13.833,13.877,13.929,13.998,14.085,14.167,14.292,14.522,15.127
1111,GRN FP,10.521,11.126,11.299,11.409,11.525,11.622,11.687,11.737,11.794,11.846,11.883,11.922,11.965,12.0,12.029,12.067,12.097,12.127,12.154,12.175,12.202,12.232,12.257,12.279,12.302,12.324,12.34,12.359,12.38,12.402,12.427,12.443,12.467,12.487,12.509,12.531,12.549,12.568,12.582,12.601,12.622,12.638,12.657,12.676,12.696,12.71,12.726,12.747,12.765,12.784,12.802,12.818,12.841,12.861,12.878,12.9,12.918,12.939,12.958,12.972,12.99,13.013,13.032,13.047,13.067,13.086,13.105,13.125,13.141,13.164,13.178,13.2,13.223,13.241,13.269,13.292,13.308,13.333,13.356,13.381,13.408,13.432,13.453,13.481,13.508,13.552,13.591,13.634,13.674,13.712,13.748,13.789,13.833,13.877,13.929,13.998,14.085,14.167,14.292,14.522,15.127
1112,GRN FP,10.512,11.037,11.237,11.384,11.472,11.564,11.632,11.702,11.764,11.797,11.836,11.881,11.914,11.943,11.973,12.004,12.037,12.07,12.098,12.124,12.149,12.177,12.196,12.224,12.253,12.275,12.3,12.32,12.341,12.358,12.38,12.402,12.416,12.435,12.456,12.474,12.494,12.516,12.538,12.556,12.579,12.596,12.617,12.636,12.656,12.673,12.687,12.709,12.72,12.735,12.754,12.771,12.789,12.801,12.82,12.841,12.859,12.881,12.899,12.914,12.936,12.955,12.971,12.988,13.008,13.025,13.043,13.06,13.087,13.111,13.126,13.146,13.176,13.195,13.217,13.234,13.263,13.286,13.312,13.339,13.365,13.391,13.421,13.449,13.484,13.521,13.551,13.58,13.615,13.652,13.693,13.741,13.792,13.832,13.886,13.943,14.038,14.113,14.255,14.47,14.96
1113,GRN FP,10.512,11.037,11.237,11.384,11.472,11.564,11.632,11.702,11.764,11.797,11.836,11.881,11.914,11.943,11.973,12.004,12.037,12.07,12.098,12.124,12.149,12.177,12.196,12.224,12.253,12.275,12.3,12.32,12.341,12.358,12.38,12.402,12.416,12.435,12.456,12.474,12.494,12.516,12.538,12.556,12.579,12.596,12.617,12.636,12.656,12.673,12.687,12.709,12.72,12.735,12.754,12.771,12.789,12.801,12.82,12.841,12.859,12.881,12.899,12.914,12.936,12.955,12.971,12.988,13.008,13.025,13.043,13.06,13.087,13.111,13.126,13.146,13.176,13.195,13.217,13.234,13.263,13.286,13.312,13.339,13.365,13.391,13.421,13.449,13.484,13.521,13.551,13.58,13.615,13.652,13.693,13.741,13.792,13.832,13.886,13.943,14.038,14.113,14.255,14.47,14.96
1114,GRN FP,10.4,11.052,11.276,11.392,11.48,11.544,11.594,11.642,11.69,11.744,11.788,11.825,11.865,11.901,11.926,11.96,11.991,12.025,12.053,12.091,12.12,12.146,12.174,12.2,12.227,12.253,12.269,12.287,12.31,12.331,12.346,12.371,12.395,12.418,12.437,12.455,12.475,12.492,12.513,12.532,12.551,12.567,12.582,12.598,12.615,12.638,12.658,12.677,12.694,12.717,12.731,12.75,12.767,12.779,12.797,12.819,12.838,12.856,12.873,12.893,12.91,12.928,12.943,12.964,12.98,12.996,13.015,13.033,13.048,13.062,13.082,13.099,13.122,13.142,13.161,13.184,13.206,13.225,13.249,13.28,13.302,13.326,13.356,13.385,13.417,13.451,13.479,13.503,13.542,13.573,13.617,13.665,13.712,13.762,13.811,13.881,13.95,14.052,14.177,14.325,14.967
1115,GRN FP,10.4,11.052,11.276,11.392,11.48,11.544,11.594,11.642,11.69,11.744,11.788,11.825,11.865,11.901,11.926,11.96,11.991,12.025,12.053,12.091,12.12,12.146,12.174,12.2,12.227,12.253,12.269,12.287,12.31,12.331,12.346,12.371,12.395,12.418,12.437,12.455,12.475,12.492,12.513,12.532,12.551,12.567,12.582,12.598,12.615,12.638,12.658,12.677,12.694,12.717,12.731,12.75,12.767,12.779,12.797,12.819,12.838,12.856,12.873,12.893,12.91,12.928,12.943,12.964,12.98,12.996,13.015,13.033,13.048,13.062,13.082,13.099,13.122,13.142,13.161,13.184,13.206,13.225,13.249,13.28,13.302,13.326,13.356,13.385,13.417,13.451,13.479,13.503,13.542,13.573,13.617,13.665,13.712,13.762,13.811,13.881,13.95,14.052,14.177,14.325,14.967
1116,GRN FP,10.407,11.048,11.241,11.355,11.447,11.535,11.584,11.645,11.691,11.721,11.773,11.806,11.844,11.891,11.924,11.957,12.002,12.033,12.059,12.082,12.106,12.126,12.148,12.172,12.192,12.216,12.238,12.252,12.272,12.29,12.309,12.331,12.358,12.383,12.404,12.422,12.437,12.457,12.481,12.499,12.517,12.534,12.553,12.571,12.586,12.606,12.626,12.641,12.66,12.675,12.693,12.71,12.723,12.747,12.766,12.782,12.801,12.817,12.832,12.849,12.869,12.884,12.905,12.924,12.943,12.961,12.981,13.001,13.017,13.04,13.058,13.078,13.093,13.11,13.136,13.155,13.179,13.199,13.221,13.243,13.268,13.289,13.312,13.343,13.361,13.396,13.429,13.462,13.493,13.527,13.566,13.602,13.657,13.7,13.754,13.821,13.898,13.978,14.128,14.267,14.798
1117,GRN FP,10.407,11.048,11.241,11.355,11.447,11.535,11.584,11.645,11.691,11.721,11.773,11.806,11.844,11.891,11.924,11.957,12.002,12.033,12.059,12.082,12.106,12.126,12.148,12.172,12.192,12.216,12.238,12.252,12.272,12.29,12.309,12.331,12.358,12.383,12.404,12.422,12.437,12.457,12.481,12.499,12.517,12.534,12.553,12.571,12.586,12.606,12.626,12.641,12.66,12.675,12.693,12.71,12.723,12.747,12.766,12.782,12.801,12.817,12.832,12.849,12.869,12.884,12.905,12.924,12.943,12.961,12.981,13.001,13.017,13.04,13.058,13.078,13.093,13.11,13.136,13.155,13.179,13.199,13.221,13.243,13.268,13.289,13.312,13.343,13.361,13.396,13.429,13.462,13.493,13.527,13.566,13.602,13.657,13.7,13.754,13.821,13.898,13.978,14.128,14.267,14.798
1118,GRN FP,10.545,11.011,11.206,11.331,11.409,11.498,11.557,11.619,11.66,11.705,11.738,11.78,11.805,11.832,11.869,11.898,11.926,11.953,11.991,12.028,12.054,12.079,12.102,12.128,12.152,12.171,12.201,12.224,12.247,12.267,12.292,12.312,12.334,12.355,12.375,12.396,12.416,12.441,12.456,12.47,12.492,12.511,12.532,12.552,12.567,12.592,12.608,12.628,12.645,12.662,12.681,12.697,12.713,12.731,12.749,12.765,12.785,12.805,12.822,12.838,12.854,12.875,12.9,12.913,12.929,12.95,12.97,12.987,13.011,13.027,13.047,13.069,13.085,13.106,13.125,13.148,13.177,13.205,13.226,13.244,13.267,13.292,13.317,13.343,13.373,13.403,13.428,13.463,13.505,13.541,13.577,13.627,13.668,13.715,13.786,13.856,13.93,13.996,14.161,14.383,14.986
1119,GRN FP,10.545,11.011,11.206,11.331,11.409,11.498,11.557,11.619,11.66,11.705,11.738,11.78,11.805,11.832,11.869,11.898,11.926,11.953,11.991,12.028,12.054,12.079,12.102,12.128,12.152,12.171,12.201,12.224,12.247,12.267,12.292,12.312,12.334,12.355,12.375,12.396,12.416,12.441,12.456,12.47,12.492,12.511,12.532,12.552,12.567,12.592,12.608,12.628,12.645,12.662,12.681,12.697,12.713,12.731,12.749,12.765,12.785,12.805,12.822,12.838,12.854,12.875,12.9,12.913,12.929,12.95,12.97,12.987,13.011,13.027,13.047,13.069,13.085,13.106,13.125,13.148,13.177,13.205,13.226,13.244,13.267,13.292,13.317,13.343,13.373,13.403,13.428,13.463,13.505,13.541,13.577,13.627,13.668,13.715,13.786,13.856,13.93,13.996,14.161,14.383,14.986
1120,GRN FP,10.216,10.933,11.135,11.243,11.34,11.418,11.473,11.536,11.574,11.615,11.658,11.691,11.728,11.762,11.805,11.847,11.881,11.907,11.942,11.968,11.998,12.027,12.055,12.082,12.112,12.138,12.163,12.189,12.218,12.234,12.254,12.275,12.298,12.321,12.343,12.37,12.394,12.411,12.433,12.453,12.467,12.488,12.509,12.532,12.55,12.574,12.598,12.616,12.635,12.652,12.67,12.69,12.709,12.732,12.748,12.767,12.784,12.802,12.824,12.845,12.868,12.883,12.906,12.923,12.94,12.96,12.983,13.005,13.023,13.045,13.064,13.088,13.113,13.134,13.156,13.181,13.206,13.23,13.258,13.279,13.307,13.338,13.37,13.396,13.426,13.464,13.495,13.521,13.553,13.602,13.635,13.698,13.765,13.81,13.866,13.928,14.0,14.095,14.22,14.44,15.128
1121,GRN FP,10.216,10.933,11.135,11.243,11.34,11.418,11.473,11.536,11.574,11.615,11.658,11.691,11.728,11.762,11.805,11.847,11.881,11.907,11.942,11.968,11.998,12.027,12.055,12.082,12.112,12.138,12.163,12.189,12.218,12.234,12.254,12.275,12.298,12.321,12.343,12.37,12.394,12.411,12.433,12.453,12.467,12.488,12.509,12.532,12.55,12.574,12.598,12.616,12.635,12.652,12.67,12.69,12.709,12.732,12.748,12.767,12.784,12.802,12.824,12.845,12.868,12.883,12.906,12.923,12.94,12.96,12.983,13.005,13.023,13.045,13.064,13.088,13.113,13.134,13.156,13.181,13.206,13.23,13.258,13.279,13.307,13.338,13.37,13.396,13.426,13.464,13.495,13.521,13.553,13.602,13.635,13.698,13.765,13.81,13.866,13.928,14.0,14.095,14.22,14.44,15.128
1122,GRN FP,10.421,10.872,11.073,11.17,11.258,11.328,11.401,11.454,11.515,11.572,11.619,11.658,11.703,11.748,11.776,11.81,11.837,11.864,11.891,11.92,11.945,11.971,11.993,12.023,12.048,12.071,12.111,12.142,12.164,12.189,12.215,12.242,12.272,12.298,12.317,12.338,12.359,12.377,12.399,12.415,12.433,12.461,12.484,12.509,12.526,12.546,12.567,12.583,12.6,12.619,12.642,12.663,12.683,12.707,12.735,12.753,12.78,12.8,12.821,12.839,12.862,12.877,12.894,12.916,12.943,12.965,12.981,12.996,13.023,13.045,13.073,13.094,13.113,13.136,13.16,13.183,13.206,13.231,13.257,13.283,13.312,13.347,13.375,13.403,13.433,13.462,13.502,13.533,13.568,13.601,13.645,13.691,13.749,13.829,13.893,13.963,14.064,14.165,14.327,14.547,15.18
1123,GRN FP,10.421,10.872,11.073,11.17,11.258,11.328,11.401,11.454,11.515,11.572,11.619,11.658,11.703,11.748,11.776,11.81,11.837,11.864,11.891,11.92,11.945,11.971,11.993,12.023,12.048,12.071,12.111,12.142,12.164,12.189,12.215,12.242,12.272,12.298,12.317,12.338,12.359,12.377,12.399,12.415,12.433,12.461,12.484,12.509,12.526,12.546,12.567,12.583,12.6,12.619,12.642,12.663,12.683,12.707,12.735,12.753,12.78,12.8,12.821,12.839,12.862,12.877,12.894,12.916,12.943,12.965,12.981,12.996,13.023,13.045,13.073,13.094,13.113,13.136,13.16,13.183,13.206,13.231,13.257,13.283,13.312,13.347,13.375,13.403,13.433,13.462,13.502,13.533,13.568,13.601,13.645,13.691,13.749,13.829,13.893,13.963,14.064,14.165,14.327,14.547,15.18
1124,GRN FP,10.219,10.774,10.962,11.076,11.167,11.251,11.329,11.388,11.453,11.51,11.559,11.612,11.641,11.696,11.73,11.765,11.792,11.839,11.861,11.895,11.924,11.962,11.996,12.027,12.048,12.072,12.099,12.123,12.148,12.171,12.196,12.217,12.246,12.267,12.286,12.305,12.329,12.349,12.369,12.388,12.41,12.433,12.455,12.474,12.489,12.507,12.532,12.557,12.579,12.6,12.622,12.643,12.668,12.689,12.71,12.727,12.751,12.776,12.807,12.828,12.849,12.867,12.891,12.908,12.927,12.951,12.978,12.998,13.016,13.039,13.063,13.089,13.114,13.135,13.159,13.187,13.21,13.23,13.261,13.28,13.311,13.338,13.369,13.399,13.432,13.477,13.508,13.546,13.591,13.639,13.699,13.748,13.804,13.856,13.927,14.014,14.117,14.189,14.32,14.531,15.091
1125,GRN FP,10.219,10.774,10.962,11.076,11.167,11.251,11.329,11.388,11.453,11.51,11.559,11.612,11.641,11.696,11.73,11.765,11.792,11.839,11.861,11.895,11.924,11.962,11.996,12.027,12.048,12.072,12.099,12.123,12.148,12.171,12.196,12.217,12.246,12.267,12.286,12.305,12.329,12.349,12.369,12.388,12.41,12.433,12.455,12.474,12.489,12.507,12.532,12.557,12.579,12.6,12.622,12.643,12.668,12.689,12.71,12.727,12.751,12.776,12.807,12.828,12.849,12.867,12.891,12.908,12.927,12.951,12.978,12.998,13.016,13.039,13.063,13.089,13.114,13.135,13.159,13.187,13.21,13.23,13.261,13.28,13.311,13.338,13.369,13.399,13.432,13.477,13.508,13.546,13.591,13.639,13.699,13.748,13.804,13.856,13.927,14.014,14.117,14.189,14.32,14.531,15.091
1126,GRN FP,10.004,10.691,10.915,11.092,11.171,11.265,11.331,11.396,11.456,11.506,11.558,11.614,11.658,11.685,11.708,11.742,11.776,11.807,11.834,11.862,11.898,11.928,11.959,11.987,12.016,12.05,12.072,12.1,12.12,12.143,12.17,12.189,12.216,12.245,12.268,12.297,12.319,12.341,12.362,12.382,12.403,12.427,12.446,12.466,12.487,12.508,12.528,12.55,12.567,12.592,12.614,12.633,12.65,12.673,12.687,12.707,12.729,12.752,12.77,12.792,12.814,12.835,12.859,12.877,12.896,12.917,12.936,12.961,12.984,13.005,13.031,13.059,13.084,13.114,13.136,13.169,13.203,13.239,13.262,13.289,13.319,13.352,13.375,13.411,13.436,13.469,13.514,13.567,13.606,13.65,13.687,13.729,13.797,13.858,13.936,14.018,14.105,14.232,14.359,14.589,15.203
1127,GRN FP,10.004,10.691,10.915,11.092,11.171,11.265,11.331,11.396,11.456,11.506,11.558,11.614,11.658,11.685,11.708,11.742,11.776,11.807,11.834,11.862,11.898,11.928,11.959,11.987,12.016,12.05,12.072,12.1,12.12,12.143,12.17,12.189,12.216,12.245,12.268,12.297,12.319,12.341,12.362,12.382,12.403,12.427,12.446,12.466,12.487,12.508,12.528,12.55,12.567,12.592,12.614,12.633,12.65,12.673,12.687,12.707,12.729,12.752,12.77,12.792,12.814,12.835,12.859,12.877,12.896,12.917,12.936,12.961,12.984,13.005,13.031,13.059,13.084,13.114,13.136,13.169,13.203,13.239,13.262,13.289,13.319,13.352,13.375,13.411,13.436,13.469,13.514,13.567,13.606,13.65,13.687,13.729,13.797,13.858,13.936,14.018,14.105,14.232,14.359,14.589,15.203
1128,GRN FP,10.083,10.676,10.876,11.014,11.13,11.226,11.308,11.372,11.42,11.476,11.52,11.559,11.588,11.622,11.652,11.695,11.729,11.764,11.794,11.831,11.862,11.896,11.932,11.964,11.984,12.017,12.05,12.081,12.109,12.13,12.145,12.169,12.188,12.214,12.233,12.253,12.276,12.298,12.317,12.342,12.362,12.379,12.403,12.425,12.447,12.473,12.491,12.512,12.535,12.57,12.591,12.612,12.637,12.652,12.676,12.703,12.726,12.746,12.768,12.786,12.809,12.83,12.855,12.88,12.908,12.929,12.948,12.971,12.991,13.02,13.041,13.067,13.097,13.122,13.147,13.177,13.2,13.22,13.248,13.275,13.301,13.335,13.364,13.403,13.428,13.46,13.494,13.541,13.584,13.632,13.667,13.728,13.793,13.843,13.927,14.018,14.126,14.221,14.391,14.648,15.268
1129,GRN FP,10.083,10.676,10.876,11.014,11.13,11.226,11.308,11.372,11.42,11.476,11.52,11.559,11.588,11.622,11.652,11.695,11.729,11.764,11.794,11.831,11.862,11.896,11.932,11.964,11.984,12.017,12.05,12.081,12.109,12.13,12.145,12.169,12.188,12.214,12.233,12.253,12.276,12.298,12.317,12.342,12.362,12.379,12.403,12.425,12.447,12.473,12.491,12.512,12.535,12.57,12.591,12.612,12.637,12.652,12.676,12.703,12.726,12.746,12.768,12.786,12.809,12.83,12.855,12.88,12.908,12.929,12.948,12.971,12.991,13.02,13.041,13.067,13.097,13.122,13.147,13.177,13.2,13.22,13.248,13.275,13.301,13.335,13.364,13.403,13.428,13.46,13.494,13.541,13.584,13.632,13.667,13.728,13.793,13.843,13.927,14.018,14.126,14.221,14.391,14.648,15.268
1130,GRN FP,9.993,10.598,10.797,10.932,11.068,11.163,11.248,11.313,11.379,11.426,11.481,11.54,11.582,11.621,11.651,11.691,11.721,11.751,11.777,11.805,11.837,11.873,11.908,11.935,11.968,11.997,12.027,12.047,12.072,12.092,12.12,12.144,12.168,12.187,12.22,12.241,12.265,12.29,12.318,12.336,12.358,12.379,12.4,12.429,12.45,12.471,12.498,12.519,12.543,12.56,12.577,12.6,12.63,12.649,12.67,12.692,12.713,12.739,12.758,12.78,12.797,12.824,12.846,12.869,12.892,12.91,12.944,12.97,12.991,13.015,13.044,13.073,13.098,13.119,13.145,13.171,13.199,13.228,13.253,13.287,13.315,13.347,13.374,13.413,13.455,13.482,13.517,13.552,13.598,13.646,13.706,13.756,13.803,13.852,13.923,14.013,14.138,14.247,14.401,14.636,15.169
1131,GRN FP,9.993,10.598,10.797,10.932,11.068,11.163,11.248,11.313,11.379,11.426,11.481,11.54,11.582,11.621,11.651,11.691,11.721,11.751,11.777,11.805,11.837,11.873,11.908,11.935,11.968,11.997,12.027,12.047,12.072,12.092,12.12,12.144,12.168,12.187,12.22,12.241,12.265,12.29,12.318,12.336,12.358,12.379,12.4,12.429,12.45,12.471,12.498,12.519,12.543,12.56,12.577,12.6,12.63,12.649,12.67,12.692,12.713,12.739,12.758,12.78,12.797,12.824,12.846,12.869,12.892,12.91,12.944,12.97,12.991,13.015,13.044,13.073,13.098,13.119,13.145,13.171,13.199,13.228,13.253,13.287,13.315,13.347,13.374,13.413,13.455,13.482,13.517,13.552,13.598,13.646,13.706,13.756,13.803,13.852,13.923,14.013,14.138,14.247,14.401,14.636,15.169
1132,GRN FP,9.945,10.627,10.785,10.918,11.028,11.126,11.186,11.274,11.339,11.384,11.425,11.476,11.533,11.577,11.618,11.661,11.705,11.745,11.776,11.807,11.831,11.869,11.899,11.927,11.954,11.97,11.995,12.016,12.042,12.07,12.097,12.123,12.152,12.177,12.204,12.222,12.242,12.26,12.29,12.315,12.339,12.362,12.379,12.398,12.42,12.441,12.462,12.482,12.505,12.532,12.556,12.579,12.611,12.63,12.654,12.679,12.701,12.725,12.742,12.765,12.792,12.808,12.835,12.861,12.886,12.911,12.933,12.957,12.985,13.006,13.028,13.046,13.075,13.097,13.125,13.15,13.176,13.202,13.236,13.263,13.301,13.323,13.359,13.395,13.421,13.465,13.51,13.551,13.596,13.633,13.683,13.73,13.797,13.871,13.937,13.991,14.114,14.213,14.356,14.631,15.298
1133,GRN FP,9.945,10.627,10.785,10.918,11.028,11.126,11.186,11.274,11.339,11.384,11.425,11.476,11.533,11.577,11.618,11.661,11.705,11.745,11.776,11.807,11.831,11.869,11.899,11.927,11.954,11.97,11.995,12.016,12.042,12.07,12.097,12.123,12.152,12.177,12.204,12.222,12.242,12.26,12.29,12.315,12.339,12.362,12.379,12.398,12.42,12.441,12.462,12.482,12.505,12.532,12.556,12.579,12.611,12.63,12.654,12.679,12.701,12.725,12.742,12.765,12.792,12.808,12.835,12.861,12.886,12.911,12.933,12.957,12.985,13.006,13.028,13.046,13.075,13.097,13.125,13.15,13.176,13.202,13.236,13.263,13.301,13.323,13.359,13.395,13.421,13.465,13.51,13.551,13.596,13.633,13.683,13.73,13.797,13.871,13.937,13.991,14.114,14.213,14.356,14.631,15.298
1134,GRN FP,9.951,10.562,10.746,10.893,10.987,11.08,11.161,11.242,11.311,11.373,11.422,11.47,11.523,11.553,11.6,11.642,11.685,11.728,11.76,11.791,11.814,11.842,11.87,11.893,11.928,11.959,11.981,12.014,12.045,12.073,12.094,12.115,12.141,12.161,12.183,12.204,12.228,12.249,12.274,12.292,12.307,12.332,12.352,12.379,12.397,12.426,12.445,12.466,12.489,12.511,12.534,12.557,12.58,12.6,12.625,12.649,12.671,12.69,12.72,12.742,12.763,12.786,12.81,12.835,12.856,12.882,12.907,12.934,12.954,12.974,13.004,13.026,13.051,13.075,13.097,13.125,13.156,13.188,13.222,13.248,13.273,13.313,13.351,13.39,13.419,13.447,13.487,13.54,13.59,13.635,13.694,13.729,13.782,13.837,13.914,13.996,14.077,14.195,14.381,14.658,15.278
1135,GRN FP,9.951,10.562,10.746,10.893,10.987,11.08,11.161,11.242,11.311,11.373,11.422,11.47,11.523,11.553,11.6,11.642,11.685,11.728,11.76,11.791,11.814,11.842,11.87,11.893,11.928,11.959,11.981,12.014,12.045,12.073,12.094,12.115,12.141,12.161,12.183,12.204,12.228,12.249,12.274,12.292,12.307,12.332,12.352,12.379,12.397,12.426,12.445,12.466,12.489,12.511,12.534,12.557,12.58,12.6,12.625,12.649,12.671,12.69,12.72,12.742,12.763,12.786,12.81,12.835,12.856,12.882,12.907,12.934,12.954,12.974,13.004,13.026,13.051,13.075,13.097,13.125,13.156,13.188,13.222,13.248,13.273,13.313,13.351,13.39,13.419,13.447,13.487,13.54,13.59,13.635,13.694,13.729,13.782,13.837,13.914,13.996,14.077,14.195,14.381,14.658,15.278
1136,GRN FP,10.151,10.541,10.78,10.949,11.037,11.119,11.208,11.262,11.318,11.357,11.399,11.453,11.493,11.526,11.581,11.619,11.655,11.69,11.72,11.751,11.788,11.821,11.853,11.889,11.919,11.945,11.975,12.002,12.023,12.053,12.077,12.102,12.125,12.148,12.167,12.19,12.218,12.239,12.264,12.289,12.313,12.33,12.351,12.373,12.39,12.415,12.433,12.448,12.468,12.49,12.509,12.533,12.557,12.575,12.592,12.619,12.643,12.667,12.691,12.708,12.728,12.752,12.774,12.793,12.816,12.845,12.873,12.9,12.923,12.955,12.977,13.002,13.029,13.061,13.09,13.121,13.148,13.177,13.2,13.225,13.262,13.298,13.335,13.373,13.409,13.443,13.48,13.521,13.557,13.607,13.652,13.706,13.763,13.821,13.901,13.998,14.076,14.225,14.375,14.67,15.275
1137,GRN FP,10.151,10.541,10.78,10.949,11.037,11.119,11.208,11.262,11.318,11.357,11.399,11.453,11.493,11.526,11.581,11.619,11.655,11.69,11.72,11.751,11.788,11.821,11.853,11.889,11.919,11.945,11.975,12.002,12.023,12.053,12.077,12.102,12.125,12.148,12.167,12.19,12.218,12.239,12.264,12.289,12.313,12.33,12.351,12.373,12.39,12.415,12.433,12.448,12.468,12.49,12.509,12.533,12.557,12.575,12.592,12.619,12.643,12.667,12.691,12.708,12.728,12.752,12.774,12.793,12.816,12.845,12.873,12.9,12.923,12.955,12.977,13.002,13.029,13.061,13.09,13.121,13.148,13.177,13.2,13.225,13.262,13.298,13.335,13.373,13.409,13.443,13.48,13.521,13.557,13.607,13.652,13.706,13.763,13.821,13.901,13.998,14.076,14.225,14.375,14.67,15.275
1138,GRN FP,10.048,10.524,10.762,10.899,11.041,11.127,11.212,11.267,11.323,11.374,11.419,11.459,11.508,11.539,11.577,11.609,11.636,11.679,11.72,11.758,11.79,11.828,11.855,11.884,11.91,11.936,11.964,11.983,12.007,12.028,12.049,12.074,12.1,12.131,12.16,12.181,12.201,12.227,12.245,12.269,12.294,12.316,12.339,12.362,12.385,12.407,12.433,12.453,12.481,12.499,12.516,12.533,12.557,12.572,12.59,12.618,12.642,12.665,12.686,12.708,12.727,12.75,12.765,12.784,12.806,12.831,12.853,12.873,12.907,12.935,12.96,12.984,13.01,13.036,13.061,13.087,13.115,13.15,13.186,13.215,13.248,13.28,13.311,13.346,13.378,13.421,13.465,13.504,13.548,13.587,13.629,13.689,13.743,13.79,13.874,13.934,14.028,14.128,14.274,14.587,15.285
1139,GRN FP,10.048,10.524,10.762,10.899,11.041,11.127,11.212,11.267,11.323,11.374,11.419,11.459,11.508,11.539,11.577,11.609,11.636,11.679,11.72,11.758,11.79,11.828,11.855,11.884,11.91,11.936,11.964,11.983,12.007,12.028,12.049,12.074,12.1,12.131,12.16,12.181,12.201,12.227,12.245,12.269,12.294,12.316,12.339,12.362,12.385,12.407,12.433,12.453,12.481,12.499,12.516,12.533,12.557,12.572,12.59,12.618,12.642,12.665,12.686,12.708,12.727,12.75,12.765,12.784,12.806,12.831,12.853,12.873,12.907,12.935,12.96,12.984,13.01,13.036,13.061,13.087,13.115,13.15,13.186,13.215,13.248,13.28,13.311,13.346,13.378,13.421,13.465,13.504,13.548,13.587,13.629,13.689,13.743,13.79,13.874,13.934,14.028,14.128,14.274,14.587,15.285
1140,GRN FP,9.905,10.552,10.767,10.892,11.005,11.12,11.213,11.277,11.336,11.384,11.429,11.463,11.502,11.548,11.601,11.646,11.682,11.714,11.742,11.778,11.811,11.834,11.857,11.882,11.905,11.93,11.957,11.979,12.003,12.034,12.051,12.076,12.095,12.117,12.137,12.159,12.191,12.212,12.233,12.252,12.273,12.298,12.32,12.35,12.371,12.388,12.411,12.433,12.454,12.477,12.497,12.52,12.543,12.565,12.588,12.613,12.633,12.648,12.671,12.691,12.708,12.727,12.747,12.765,12.791,12.812,12.84,12.867,12.894,12.92,12.941,12.963,12.994,13.022,13.047,13.068,13.092,13.122,13.149,13.181,13.211,13.242,13.268,13.299,13.332,13.37,13.403,13.447,13.502,13.54,13.579,13.627,13.687,13.776,13.84,13.912,14.025,14.128,14.325,14.54,15.227
1141,GRN FP,9.905,10.552,10.767,10.892,11.005,11.12,11.213,11.277,11.336,11.384,11.429,11.463,11.502,11.548,11.601,11.646,11.682,11.714,11.742,11.778,11.811,11.834,11.857,11.882,11.905,11.93,11.957,11.979,12.003,12.034,12.051,12.076,12.095,12.117,12.137,12.159,12.191,12.212,12.233,12.252,12.273,12.298,12.32,12.35,12.371,12.388,12.411,12.433,12.454,12.477,12.497,12.52,12.543,12.565,12.588,12.613,12.633,12.648,12.671,12.691,12.708,12.727,12.747,12.765,12.791,12.812,12.84,12.867,12.894,12.92,12.941,12.963,12.994,13.022,13.047,13.068,13.092,13.122,13.149,13.181,13.211,13.242,13.268,13.299,13.332,13.37,13.403,13.447,13.502,13.54,13.579,13.627,13.687,13.776,13.84,13.912,14.025,14.128,14.325,14.54,15.227
1142,GRN FP,10.12,10.545,10.803,10.971,11.063,11.131,11.201,11.266,11.336,11.383,11.427,11.465,11.519,11.554,11.582,11.62,11.657,11.694,11.718,11.748,11.78,11.804,11.834,11.865,11.887,11.917,11.947,11.97,11.992,12.015,12.043,12.067,12.091,12.113,12.139,12.164,12.187,12.21,12.232,12.255,12.276,12.297,12.323,12.345,12.365,12.382,12.405,12.43,12.45,12.463,12.481,12.502,12.522,12.54,12.561,12.586,12.612,12.629,12.658,12.676,12.695,12.717,12.737,12.761,12.794,12.814,12.833,12.852,12.875,12.897,12.918,12.941,12.961,12.979,13.004,13.033,13.055,13.086,13.112,13.14,13.166,13.189,13.222,13.262,13.301,13.338,13.38,13.422,13.471,13.512,13.551,13.597,13.64,13.702,13.783,13.85,13.968,14.076,14.282,14.519,15.116
1143,GRN FP,10.12,10.545,10.803,10.971,11.063,11.131,11.201,11.266,11.336,11.383,11.427,11.465,11.519,11.554,11.582,11.62,11.657,11.694,11.718,11.748,11.78,11.804,11.834,11.865,11.887,11.917,11.947,11.97,11.992,12.015,12.043,12.067,12.091,12.113,12.139,12.164,12.187,12.21,12.232,12.255,12.276,12.297,12.323,12.345,12.365,12.382,12.405,12.43,12.45,12.463,12.481,12.502,12.522,12.54,12.561,12.586,12.612,12.629,12.658,12.676,12.695,12.717,12.737,12.761,12.794,12.814,12.833,12.852,12.875,12.897,12.918,12.941,12.961,12.979,13.004,13.033,13.055,13.086,13.112,13.14,13.166,13.189,13.222,13.262,13.301,13.338,13.38,13.422,13.471,13.512,13.551,13.597,13.64,13.702,13.783,13.85,13.968,14.076,14.282,14.519,15.116
1144,GRN FP,10.257,10.656,10.812,10.948,11.077,11.162,11.248,11.306,11.352,11.403,11.444,11.486,11.523,11.555,11.596,11.626,11.666,11.696,11.725,11.755,11.783,11.816,11.847,11.869,11.896,11.922,11.949,11.971,11.995,12.029,12.049,12.07,12.092,12.111,12.136,12.158,12.184,12.205,12.226,12.249,12.268,12.287,12.305,12.332,12.352,12.366,12.388,12.405,12.427,12.445,12.462,12.485,12.505,12.531,12.553,12.578,12.603,12.617,12.637,12.655,12.677,12.702,12.72,12.74,12.762,12.796,12.817,12.841,12.865,12.892,12.911,12.937,12.956,12.978,13.009,13.039,13.064,13.085,13.106,13.125,13.151,13.176,13.211,13.238,13.264,13.292,13.324,13.356,13.409,13.449,13.499,13.553,13.595,13.646,13.711,13.781,13.873,13.996,14.129,14.427,14.994
1145,GRN FP,10.257,10.656,10.812,10.948,11.077,11.162,11.248,11.306,11.352,11.403,11.444,11.486,11.523,11.555,11.596,11.626,11.666,11.696,11.725,11.755,11.783,11.816,11.847,11.869,11.896,11.922,11.949,11.971,11.995,12.029,12.049,12.07,12.092,12.111,12.136,12.158,12.184,12.205,12.226,12.249,12.268,12.287,12.305,12.332,12.352,12.366,12.388,12.405,12.427,12.445,12.462,12.485,12.505,12.531,12.553,12.578,12.603,12.617,12.637,12.655,12.677,12.702,12.72,12.74,12.762,12.796,12.817,12.841,12.865,12.892,12.911,12.937,12.956,12.978,13.009,13.039,13.064,13.085,13.106,13.125,13.151,13.176,13.211,13.238,13.264,13.292,13.324,13.356,13.409,13.449,13.499,13.553,13.595,13.646,13.711,13.781,13.873,13.996,14.129,14.427,14.994
1146,GRN FP,9.967,10.577,10.766,10.89,11.007,11.077,11.133,11.194,11.257,11.308,11.361,11.421,11.46,11.501,11.538,11.568,11.599,11.63,11.661,11.684,11.712,11.743,11.773,11.805,11.83,11.849,11.872,11.894,11.919,11.947,11.97,11.994,12.023,12.048,12.07,12.09,12.116,12.137,12.158,12.18,12.202,12.219,12.24,12.262,12.283,12.309,12.33,12.348,12.373,12.395,12.415,12.439,12.463,12.483,12.505,12.524,12.549,12.571,12.594,12.617,12.639,12.655,12.679,12.705,12.722,12.744,12.769,12.789,12.811,12.834,12.857,12.875,12.897,12.921,12.949,12.97,12.996,13.016,13.035,13.06,13.089,13.117,13.141,13.175,13.203,13.233,13.277,13.313,13.354,13.394,13.443,13.488,13.535,13.603,13.676,13.743,13.805,13.92,14.109,14.328,14.886
1147,GRN FP,9.967,10.577,10.766,10.89,11.007,11.077,11.133,11.194,11.257,11.308,11.361,11.421,11.46,11.501,11.538,11.568,11.599,11.63,11.661,11.684,11.712,11.743,11.773,11.805,11.83,11.849,11.872,11.894,11.919,11.947,11.97,11.994,12.023,12.048,12.07,12.09,12.116,12.137,12.158,12.18,12.202,12.219,12.24,12.262,12.283,12.309,12.33,12.348,12.373,12.395,12.415,12.439,12.463,12.483,12.505,12.524,12.549,12.571,12.594,12.617,12.639,12.655,12.679,12.705,12.722,12.744,12.769,12.789,12.811,12.834,12.857,12.875,12.897,12.921,12.949,12.97,12.996,13.016,13.035,13.06,13.089,13.117,13.141,13.175,13.203,13.233,13.277,13.313,13.354,13.394,13.443,13.488,13.535,13.603,13.676,13.743,13.805,13.92,14.109,14.328,14.886
1148,GRN FP,9.897,10.412,10.658,10.807,10.912,11.01,11.08,11.147,11.197,11.264,11.295,11.332,11.368,11.407,11.45,11.483,11.516,11.542,11.582,11.621,11.645,11.668,11.694,11.717,11.749,11.782,11.809,11.836,11.863,11.893,11.918,11.938,11.964,11.986,12.005,12.028,12.048,12.069,12.09,12.111,12.133,12.157,12.181,12.198,12.223,12.242,12.258,12.282,12.3,12.322,12.339,12.358,12.385,12.403,12.434,12.452,12.473,12.5,12.526,12.548,12.57,12.591,12.616,12.638,12.654,12.68,12.709,12.728,12.746,12.768,12.789,12.81,12.837,12.86,12.881,12.904,12.925,12.955,12.975,13.007,13.031,13.057,13.08,13.103,13.139,13.173,13.209,13.263,13.306,13.357,13.408,13.448,13.498,13.548,13.611,13.678,13.782,13.888,14.041,14.322,14.859
1149,GRN FP,9.897,10.412,10.658,10.807,10.912,11.01,11.08,11.147,11.197,11.264,11.295,11.332,11.368,11.407,11.45,11.483,11.516,11.542,11.582,11.621,11.645,11.668,11.694,11.717,11.749,11.782,11.809,11.836,11.863,11.893,11.918,11.938,11.964,11.986,12.005,12.028,12.048,12.069,12.09,12.111,12.133,12.157,12.181,12.198,12.223,12.242,12.258,12.282,12.3,12.322,12.339,12.358,12.385,12.403,12.434,12.452,12.473,12.5,12.526,12.548,12.57,12.591,12.616,12.638,12.654,12.68,12.709,12.728,12.746,12.768,12.789,12.81,12.837,12.86,12.881,12.904,12.925,12.955,12.975,13.007,13.031,13.057,13.08,13.103,13.139,13.173,13.209,13.263,13.306,13.357,13.408,13.448,13.498,13.548,13.611,13.678,13.782,13.888,14.041,14.322,14.859
1150,GRN FP,9.733,10.352,10.583,10.711,10.841,10.917,10.985,11.076,11.137,11.195,11.245,11.281,11.319,11.36,11.391,11.435,11.465,11.497,11.527,11.558,11.581,11.608,11.634,11.655,11.681,11.702,11.727,11.746,11.772,11.789,11.815,11.84,11.862,11.887,11.907,11.926,11.956,11.981,12.004,12.023,12.04,12.061,12.08,12.099,12.12,12.138,12.169,12.188,12.218,12.237,12.259,12.279,12.297,12.317,12.339,12.364,12.387,12.412,12.428,12.451,12.469,12.487,12.506,12.531,12.554,12.577,12.598,12.629,12.645,12.667,12.694,12.722,12.748,12.777,12.804,12.83,12.855,12.887,12.915,12.946,12.972,12.997,13.034,13.067,13.103,13.137,13.17,13.211,13.248,13.285,13.322,13.378,13.436,13.486,13.537,13.617,13.725,13.843,13.965,14.221,14.875
1151,GRN FP,9.733,10.352,10.583,10.711,10.841,10.917,10.985,11.076,11.137,11.195,11.245,11.281,11.319,11.36,11.391,11.435,11.465,11.497,11.527,11.558,11.581,11.608,11.634,11.655,11.681,11.702,11.727,11.746,11.772,11.789,11.815,11.84,11.862,11.887,11.907,11.926,11.956,11.981,12.004,12.023,12.04,12.061,12.08,12.099,12.12,12.138,12.169,12.188,12.218,12.237,12.259,12.279,12.297,12.317,12.339,12.364,12.387,12.412,12.428,12.451,12.469,12.487,12.506,12.531,12.554,12.577,12.598,12.629,12.645,12.667,12.694,12.722,12.748,12.777,12.804,12.83,12.855,12.887,12.915,12.946,12.972,12.997,13.034,13.067,13.103,13.137,13.17,13.211,13.248,13.285,13.322,13.378,13.436,13.486,13.537,13.617,13.725,13.843,13.965,14.221,14.875
1152,GRN FP,9.68,10.273,10.514,10.706,10.784,10.852,10.946,11.013,11.067,11.124,11.163,11.207,11.257,11.302,11.324,11.362,11.388,11.415,11.444,11.47,11.492,11.52,11.546,11.566,11.595,11.622,11.65,11.675,11.697,11.727,11.757,11.782,11.807,11.836,11.859,11.884,11.91,11.928,11.95,11.97,11.986,12.008,12.025,12.041,12.061,12.084,12.1,12.127,12.146,12.168,12.195,12.219,12.237,12.263,12.281,12.297,12.319,12.344,12.364,12.387,12.405,12.424,12.447,12.466,12.483,12.514,12.538,12.563,12.585,12.6,12.632,12.66,12.689,12.708,12.73,12.751,12.775,12.799,12.825,12.857,12.888,12.918,12.949,12.982,13.02,13.05,13.085,13.12,13.169,13.205,13.259,13.303,13.352,13.411,13.482,13.551,13.632,13.75,13.877,14.093,14.638
1153,GRN FP,9.68,10.273,10.514,10.706,10.784,10.852,10.946,11.013,11.067,11.124,11.163,11.207,11.257,11.302,11.324,11.362,11.388,11.415,11.444,11.47,11.492,11.52,11.546,11.566,11.595,11.622,11.65,11.675,11.697,11.727,11.757,11.782,11.807,11.836,11.859,11.884,11.91,11.928,11.95,11.97,11.986,12.008,12.025,12.041,12.061,12.084,12.1,12.127,12.146,12.168,12.195,12.219,12.237,12.263,12.281,12.297,12.319,12.344,12.364,12.387,12.405,12.424,12.447,12.466,12.483,12.514,12.538,12.563,12.585,12.6,12.632,12.66,12.689,12.708,12.73,12.751,12.775,12.799,12.825,12.857,12.888,12.918,12.949,12.982,13.02,13.05,13.085,13.12,13.169,13.205,13.259,13.303,13.352,13.411,13.482,13.551,13.632,13.75,13.877,14.093,14.638
1154,GRN FP,9.681,10.252,10.474,10.589,10.678,10.778,10.87,10.957,10.997,11.038,11.088,11.135,11.182,11.22,11.263,11.296,11.334,11.372,11.4,11.43,11.458,11.483,11.514,11.535,11.563,11.585,11.601,11.628,11.647,11.671,11.696,11.719,11.742,11.76,11.784,11.809,11.833,11.848,11.865,11.887,11.909,11.932,11.954,11.973,11.994,12.012,12.031,12.051,12.07,12.088,12.109,12.134,12.152,12.176,12.195,12.219,12.244,12.262,12.281,12.299,12.32,12.343,12.361,12.385,12.404,12.429,12.457,12.481,12.504,12.526,12.55,12.576,12.61,12.638,12.665,12.693,12.722,12.745,12.774,12.805,12.842,12.866,12.892,12.929,12.952,12.992,13.02,13.065,13.097,13.143,13.19,13.236,13.297,13.334,13.41,13.48,13.574,13.685,13.791,13.978,14.781
1155,GRN FP,9.681,10.252,10.474,10.589,10.678,10.778,10.87,10.957,10.997,11.038,11.088,11.135,11.182,11.22,11.263,11.296,11.334,11.372,11.4,11.43,11.458,11.483,11.514,11.535,11.563,11.585,11.601,11.628,11.647,11.671,11.696,11.719,11.742,11.76,11.784,11.809,11.833,11.848,11.865,11.887,11.909,11.932,11.954,11.973,11.994,12.012,12.031,12.051,12.07,12.088,12.109,12.134,12.152,12.176,12.195,12.219,12.244,12.262,12.281,12.299,12.32,12.343,12.361,12.385,12.404,12.429,12.457,12.481,12.504,12.526,12.55,12.576,12.61,12.638,12.665,12.693,12.722,12.745,12.774,12.805,12.842,12.866,12.892,12.929,12.952,12.992,13.02,13.065,13.097,13.143,13.19,13.236,13.297,13.334,13.41,13.48,13.574,13.685,13.791,13.978,14.781
1156,GRN FP,9.528,10.184,10.423,10.578,10.695,10.78,10.864,10.924,10.976,11.043,11.08,11.128,11.169,11.221,11.258,11.293,11.335,11.38,11.413,11.44,11.47,11.504,11.53,11.563,11.586,11.61,11.641,11.666,11.69,11.717,11.741,11.76,11.782,11.807,11.826,11.854,11.875,11.897,11.914,11.932,11.951,11.973,11.994,12.018,12.041,12.06,12.077,12.1,12.118,12.142,12.166,12.187,12.206,12.224,12.243,12.263,12.288,12.304,12.32,12.345,12.363,12.383,12.405,12.432,12.464,12.493,12.517,12.536,12.561,12.588,12.612,12.635,12.665,12.688,12.718,12.743,12.775,12.794,12.818,12.846,12.878,12.907,12.945,12.984,13.027,13.074,13.112,13.149,13.188,13.235,13.288,13.345,13.408,13.452,13.519,13.586,13.676,13.805,13.954,14.151,14.811
1157,GRN FP,9.528,10.184,10.423,10.578,10.695,10.78,10.864,10.924,10.976,11.043,11.08,11.128,11.169,11.221,11.258,11.293,11.335,11.38,11.413,11.44,11.47,11.504,11.53,11.563,11.586,11.61,11.641,11.666,11.69,11.717,11.741,11.76,11.782,11.807,11.826,11.854,11.875,11.897,11.914,11.932,11.951,11.973,11.994,12.018,12.041,12.06,12.077,12.1,12.118,12.142,12.166,12.187,12.206,12.224,12.243,12.263,12.288,12.304,12.32,12.345,12.363,12.383,12.405,12.432,12.464,12.493,12.517,12.536,12.561,12.588,12.612,12.635,12.665,12.688,12.718,12.743,12.775,12.794,12.818,12.846,12.878,12.907,12.945,12.984,13.027,13.074,13.112,13.149,13.188,13.235,13.288,13.345,13.408,13.452,13.519,13.586,13.676,13.805,13.954,14.151,14.811
1158,GRN FP,9.406,10.118,10.406,10.574,10.665,10.759,10.85,10.921,10.97,11.023,11.058,11.116,11.159,11.217,11.262,11.303,11.345,11.377,11.405,11.441,11.475,11.508,11.537,11.567,11.591,11.622,11.653,11.683,11.709,11.737,11.76,11.786,11.807,11.828,11.855,11.882,11.905,11.928,11.95,11.967,11.999,12.028,12.047,12.067,12.085,12.107,12.129,12.151,12.177,12.198,12.221,12.235,12.26,12.285,12.308,12.327,12.341,12.365,12.383,12.401,12.425,12.44,12.463,12.489,12.506,12.527,12.554,12.578,12.602,12.629,12.648,12.672,12.702,12.724,12.753,12.78,12.81,12.853,12.879,12.92,12.945,12.981,13.014,13.055,13.087,13.132,13.18,13.226,13.268,13.305,13.348,13.413,13.478,13.538,13.594,13.682,13.778,13.896,14.034,14.263,14.855
1159,GRN FP,9.406,10.118,10.406,10.574,10.665,10.759,10.85,10.921,10.97,11.023,11.058,11.116,11.159,11.217,11.262,11.303,11.345,11.377,11.405,11.441,11.475,11.508,11.537,11.567,11.591,11.622,11.653,11.683,11.709,11.737,11.76,11.786,11.807,11.828,11.855,11.882,11.905,11.928,11.95,11.967,11.999,12.028,12.047,12.067,12.085,12.107,12.129,12.151,12.177,12.198,12.221,12.235,12.26,12.285,12.308,12.327,12.341,12.365,12.383,12.401,12.425,12.44,12.463,12.489,12.506,12.527,12.554,12.578,12.602,12.629,12.648,12.672,12.702,12.724,12.753,12.78,12.81,12.853,12.879,12.92,12.945,12.981,13.014,13.055,13.087,13.132,13.18,13.226,13.268,13.305,13.348,13.413,13.478,13.538,13.594,13.682,13.778,13.896,14.034,14.263,14.855
1160,GRN FP,9.494,10.173,10.4,10.553,10.679,10.775,10.877,10.933,11.0,11.046,11.101,11.15,11.19,11.234,11.279,11.32,11.368,11.396,11.427,11.465,11.497,11.519,11.559,11.594,11.621,11.648,11.684,11.714,11.741,11.771,11.797,11.823,11.842,11.869,11.895,11.918,11.942,11.962,11.981,11.999,12.024,12.046,12.065,12.088,12.113,12.133,12.154,12.177,12.209,12.227,12.249,12.276,12.294,12.316,12.334,12.349,12.372,12.394,12.421,12.446,12.466,12.485,12.506,12.534,12.559,12.59,12.62,12.638,12.664,12.693,12.714,12.736,12.784,12.813,12.842,12.867,12.905,12.938,12.963,13.0,13.022,13.052,13.084,13.112,13.149,13.19,13.231,13.262,13.311,13.358,13.429,13.484,13.529,13.594,13.664,13.734,13.829,13.932,14.106,14.313,15.123
1161,GRN FP,9.494,10.173,10.4,10.553,10.679,10.775,10.877,10.933,11.0,11.046,11.101,11.15,11.19,11.234,11.279,11.32,11.368,11.396,11.427,11.465,11.497,11.519,11.559,11.594,11.621,11.648,11.684,11.714,11.741,11.771,11.797,11.823,11.842,11.869,11.895,11.918,11.942,11.962,11.981,11.999,12.024,12.046,12.065,12.088,12.113,12.133,12.154,12.177,12.209,12.227,12.249,12.276,12.294,12.316,12.334,12.349,12.372,12.394,12.421,12.446,12.466,12.485,12.506,12.534,12.559,12.59,12.62,12.638,12.664,12.693,12.714,12.736,12.784,12.813,12.842,12.867,12.905,12.938,12.963,13.0,13.022,13.052,13.084,13.112,13.149,13.19,13.231,13.262,13.311,13.358,13.429,13.484,13.529,13.594,13.664,13.734,13.829,13.932,14.106,14.313,15.123
1162,GRN FP,9.278,10.138,10.393,10.52,10.661,10.768,10.836,10.917,10.986,11.055,11.116,11.169,11.215,11.264,11.308,11.348,11.383,11.421,11.455,11.485,11.514,11.537,11.574,11.605,11.633,11.668,11.692,11.717,11.747,11.776,11.808,11.834,11.865,11.899,11.921,11.943,11.97,12.005,12.039,12.059,12.079,12.108,12.133,12.157,12.174,12.195,12.217,12.237,12.258,12.275,12.303,12.324,12.343,12.371,12.395,12.416,12.442,12.469,12.495,12.516,12.539,12.561,12.579,12.6,12.622,12.651,12.678,12.697,12.721,12.751,12.781,12.807,12.832,12.858,12.884,12.916,12.942,12.972,13.001,13.03,13.058,13.089,13.128,13.161,13.194,13.229,13.277,13.324,13.364,13.406,13.47,13.52,13.583,13.639,13.721,13.828,13.944,14.061,14.208,14.405,15.28
1163,GRN FP,9.278,10.138,10.393,10.52,10.661,10.768,10.836,10.917,10.986,11.055,11.116,11.169,11.215,11.264,11.308,11.348,11.383,11.421,11.455,11.485,11.514,11.537,11.574,11.605,11.633,11.668,11.692,11.717,11.747,11.776,11.808,11.834,11.865,11.899,11.921,11.943,11.97,12.005,12.039,12.059,12.079,12.108,12.133,12.157,12.174,12.195,12.217,12.237,12.258,12.275,12.303,12.324,12.343,12.371,12.395,12.416,12.442,12.469,12.495,12.516,12.539,12.561,12.579,12.6,12.622,12.651,12.678,12.697,12.721,12.751,12.781,12.807,12.832,12.858,12.884,12.916,12.942,12.972,13.001,13.03,13.058,13.089,13.128,13.161,13.194,13.229,13.277,13.324,13.364,13.406,13.47,13.52,13.583,13.639,13.721,13.828,13.944,14.061,14.208,14.405,15.28
1164,GRN FP,9.41,10.171,10.401,10.574,10.683,10.762,10.869,10.956,11.025,11.083,11.144,11.197,11.243,11.297,11.338,11.378,11.418,11.455,11.477,11.513,11.54,11.564,11.61,11.643,11.668,11.702,11.736,11.76,11.791,11.821,11.844,11.863,11.891,11.913,11.947,11.972,12.004,12.025,12.049,12.072,12.087,12.117,12.14,12.168,12.184,12.208,12.237,12.259,12.284,12.315,12.336,12.359,12.385,12.405,12.436,12.46,12.481,12.51,12.539,12.568,12.6,12.622,12.64,12.664,12.684,12.704,12.726,12.754,12.777,12.801,12.828,12.86,12.887,12.909,12.937,12.966,13.001,13.025,13.055,13.084,13.113,13.155,13.188,13.217,13.249,13.283,13.325,13.369,13.426,13.464,13.51,13.562,13.613,13.672,13.753,13.857,13.969,14.064,14.239,14.568,15.307
1165,GRN FP,9.41,10.171,10.401,10.574,10.683,10.762,10.869,10.956,11.025,11.083,11.144,11.197,11.243,11.297,11.338,11.378,11.418,11.455,11.477,11.513,11.54,11.564,11.61,11.643,11.668,11.702,11.736,11.76,11.791,11.821,11.844,11.863,11.891,11.913,11.947,11.972,12.004,12.025,12.049,12.072,12.087,12.117,12.14,12.168,12.184,12.208,12.237,12.259,12.284,12.315,12.336,12.359,12.385,12.405,12.436,12.46,12.481,12.51,12.539,12.568,12.6,12.622,12.64,12.664,12.684,12.704,12.726,12.754,12.777,12.801,12.828,12.86,12.887,12.909,12.937,12.966,13.001,13.025,13.055,13.084,13.113,13.155,13.188,13.217,13.249,13.283,13.325,13.369,13.426,13.464,13.51,13.562,13.613,13.672,13.753,13.857,13.969,14.064,14.239,14.568,15.307
1166,GRN FP,9.18,10.166,10.377,10.598,10.727,10.809,10.89,10.958,11.033,11.1,11.154,11.213,11.254,11.293,11.344,11.391,11.438,11.477,11.508,11.537,11.569,11.604,11.633,11.659,11.685,11.72,11.749,11.791,11.819,11.847,11.875,11.905,11.933,11.964,11.983,12.012,12.04,12.068,12.097,12.12,12.138,12.161,12.187,12.214,12.243,12.272,12.297,12.317,12.34,12.37,12.395,12.413,12.433,12.467,12.493,12.516,12.533,12.552,12.579,12.599,12.622,12.644,12.662,12.683,12.712,12.732,12.757,12.778,12.804,12.831,12.859,12.892,12.919,12.946,12.969,12.992,13.021,13.052,13.08,13.107,13.135,13.18,13.211,13.25,13.294,13.33,13.38,13.422,13.468,13.51,13.562,13.636,13.688,13.747,13.817,13.887,14.0,14.11,14.319,14.573,15.248
1167,GRN FP,9.18,10.166,10.377,10.598,10.727,10.809,10.89,10.958,11.033,11.1,11.154,11.213,11.254,11.293,11.344,11.391,11.438,11.477,11.508,11.537,11.569,11.604,11.633,11.659,11.685,11.72,11.749,11.791,11.819,11.847,11.875,11.905,11.933,11.964,11.983,12.012,12.04,12.068,12.097,12.12,12.138,12.161,12.187,12.214,12.243,12.272,12.297,12.317,12.34,12.37,12.395,12.413,12.433,12.467,12.493,12.516,12.533,12.552,12.579,12.599,12.622,12.644,12.662,12.683,12.712,12.732,12.757,12.778,12.804,12.831,12.859,12.892,12.919,12.946,12.969,12.992,13.021,13.052,13.08,13.107,13.135,13.18,13.211,13.25,13.294,13.33,13.38,13.422,13.468,13.51,13.562,13.636,13.688,13.747,13.817,13.887,14.0,14.11,14.319,14.573,15.248
1168,GRN FP,9.199,10.203,10.484,10.63,10.744,10.872,10.96,11.032,11.093,11.151,11.179,11.233,11.287,11.345,11.378,11.418,11.453,11.488,11.532,11.568,11.607,11.645,11.675,11.702,11.734,11.764,11.795,11.831,11.861,11.883,11.916,11.944,11.968,11.987,12.011,12.051,12.078,12.1,12.135,12.158,12.185,12.211,12.235,12.258,12.289,12.307,12.326,12.352,12.374,12.394,12.418,12.433,12.455,12.483,12.511,12.535,12.56,12.585,12.606,12.63,12.658,12.684,12.709,12.737,12.759,12.786,12.81,12.835,12.865,12.89,12.917,12.942,12.959,12.985,13.019,13.053,13.085,13.119,13.147,13.171,13.2,13.23,13.258,13.3,13.323,13.351,13.4,13.438,13.511,13.552,13.612,13.673,13.741,13.791,13.868,13.96,14.066,14.182,14.358,14.593,15.189
1169,GRN FP,9.199,10.203,10.484,10.63,10.744,10.872,10.96,11.032,11.093,11.151,11.179,11.233,11.287,11.345,11.378,11.418,11.453,11.488,11.532,11.568,11.607,11.645,11.675,11.702,11.734,11.764,11.795,11.831,11.861,11.883,11.916,11.944,11.968,11.987,12.011,12.051,12.078,12.1,12.135,12.158,12.185,12.211,12.235,12.258,12.289,12.307,12.326,12.352,12.374,12.394,12.418,12.433,12.455,12.483,12.511,12.535,12.56,12.585,12.606,12.63,12.658,12.684,12.709,12.737,12.759,12.786,12.81,12.835,12.865,12.89,12.917,12.942,12.959,12.985,13.019,13.053,13.085,13.119,13.147,13.171,13.2,13.23,13.258,13.3,13.323,13.351,13.4,13.438,13.511,13.552,13.612,13.673,13.741,13.791,13.868,13.96,14.066,14.182,14.358,14.593,15.189
1170,GRN FP,9.399,10.197,10.463,10.609,10.815,10.908,10.988,11.067,11.136,11.19,11.233,11.288,11.335,11.374,11.416,11.452,11.497,11.526,11.565,11.599,11.632,11.667,11.704,11.743,11.77,11.804,11.837,11.868,11.901,11.931,11.956,11.977,12.0,12.033,12.051,12.08,12.101,12.122,12.149,12.176,12.204,12.233,12.254,12.282,12.306,12.329,12.362,12.384,12.412,12.433,12.458,12.483,12.503,12.53,12.548,12.57,12.592,12.614,12.635,12.664,12.688,12.713,12.737,12.766,12.801,12.823,12.851,12.871,12.898,12.932,12.965,12.987,13.009,13.038,13.072,13.1,13.135,13.16,13.193,13.225,13.26,13.294,13.33,13.365,13.389,13.425,13.463,13.497,13.541,13.589,13.644,13.689,13.77,13.839,13.905,13.985,14.071,14.192,14.36,14.602,15.27
1171,GRN FP,9.399,10.197,10.463,10.609,10.815,10.908,10.988,11.067,11.136,11.19,11.233,11.288,11.335,11.374,11.416,11.452,11.497,11.526,11.565,11.599,11.632,11.667,11.704,11.743,11.77,11.804,11.837,11.868,11.901,11.931,11.956,11.977,12.0,12.033,12.051,12.08,12.101,12.122,12.149,12.176,12.204,12.233,12.254,12.282,12.306,12.329,12.362,12.384,12.412,12.433,12.458,12.483,12.503,12.53,12.548,12.57,12.592,12.614,12.635,12.664,12.688,12.713,12.737,12.766,12.801,12.823,12.851,12.871,12.898,12.932,12.965,12.987,13.009,13.038,13.072,13.1,13.135,13.16,13.193,13.225,13.26,13.294,13.33,13.365,13.389,13.425,13.463,13.497,13.541,13.589,13.644,13.689,13.77,13.839,13.905,13.985,14.071,14.192,14.36,14.602,15.27
1172,GRN FP,9.564,10.214,10.481,10.643,10.792,10.922,11.007,11.094,11.15,11.211,11.268,11.318,11.369,11.416,11.461,11.486,11.539,11.577,11.62,11.658,11.69,11.725,11.757,11.784,11.825,11.85,11.877,11.903,11.93,11.961,11.997,12.022,12.048,12.073,12.098,12.126,12.155,12.187,12.219,12.245,12.267,12.293,12.317,12.341,12.362,12.389,12.414,12.441,12.459,12.488,12.507,12.535,12.559,12.58,12.608,12.626,12.655,12.675,12.702,12.726,12.751,12.785,12.809,12.836,12.864,12.886,12.913,12.932,12.958,12.977,13.0,13.022,13.049,13.074,13.101,13.128,13.163,13.186,13.224,13.249,13.284,13.325,13.348,13.394,13.419,13.466,13.507,13.559,13.608,13.662,13.714,13.758,13.808,13.878,13.944,14.016,14.086,14.186,14.373,14.643,15.408
1173,GRN FP,9.564,10.214,10.481,10.643,10.792,10.922,11.007,11.094,11.15,11.211,11.268,11.318,11.369,11.416,11.461,11.486,11.539,11.577,11.62,11.658,11.69,11.725,11.757,11.784,11.825,11.85,11.877,11.903,11.93,11.961,11.997,12.022,12.048,12.073,12.098,12.126,12.155,12.187,12.219,12.245,12.267,12.293,12.317,12.341,12.362,12.389,12.414,12.441,12.459,12.488,12.507,12.535,12.559,12.58,12.608,12.626,12.655,12.675,12.702,12.726,12.751,12.785,12.809,12.836,12.864,12.886,12.913,12.932,12.958,12.977,13.0,13.022,13.049,13.074,13.101,13.128,13.163,13.186,13.224,13.249,13.284,13.325,13.348,13.394,13.419,13.466,13.507,13.559,13.608,13.662,13.714,13.758,13.808,13.878,13.944,14.016,14.086,14.186,14.373,14.643,15.408
1174,GRN FP,9.683,10.285,10.556,10.717,10.845,10.945,11.041,11.12,11.167,11.222,11.293,11.344,11.393,11.454,11.497,11.542,11.58,11.62,11.661,11.696,11.738,11.774,11.804,11.835,11.858,11.886,11.92,11.952,11.982,12.008,12.036,12.07,12.089,12.119,12.143,12.167,12.187,12.212,12.24,12.269,12.289,12.307,12.326,12.346,12.367,12.388,12.415,12.448,12.471,12.499,12.528,12.554,12.576,12.594,12.621,12.641,12.67,12.691,12.709,12.731,12.756,12.785,12.805,12.831,12.863,12.89,12.916,12.947,12.976,13.006,13.032,13.064,13.095,13.124,13.144,13.176,13.205,13.229,13.257,13.288,13.333,13.35,13.388,13.427,13.455,13.492,13.521,13.554,13.6,13.651,13.698,13.762,13.82,13.883,13.943,14.029,14.103,14.223,14.438,14.77,15.332
1175,GRN FP,9.683,10.285,10.556,10.717,10.845,10.945,11.041,11.12,11.167,11.222,11.293,11.344,11.393,11.454,11.497,11.542,11.58,11.62,11.661,11.696,11.738,11.774,11.804,11.835,11.858,11.886,11.92,11.952,11.982,12.008,12.036,12.07,12.089,12.119,12.143,12.167,12.187,12.212,12.24,12.269,12.289,12.307,12.326,12.346,12.367,12.388,12.415,12.448,12.471,12.499,12.528,12.554,12.576,12.594,12.621,12.641,12.67,12.691,12.709,12.731,12.756,12.785,12.805,12.831,12.863,12.89,12.916,12.947,12.976,13.006,13.032,13.064,13.095,13.124,13.144,13.176,13.205,13.229,13.257,13.288,13.333,13.35,13.388,13.427,13.455,13.492,13.521,13.554,13.6,13.651,13.698,13.762,13.82,13.883,13.943,14.029,14.103,14.223,14.438,14.77,15.332
1176,GRN FP,9.761,10.33,10.594,10.752,10.875,10.97,11.066,11.149,11.214,11.278,11.344,11.411,11.468,11.518,11.559,11.599,11.638,11.686,11.716,11.76,11.787,11.834,11.868,11.901,11.933,11.962,11.997,12.026,12.057,12.073,12.1,12.132,12.145,12.166,12.202,12.223,12.243,12.261,12.293,12.318,12.337,12.364,12.388,12.418,12.437,12.468,12.49,12.517,12.543,12.569,12.586,12.605,12.631,12.656,12.676,12.697,12.718,12.739,12.76,12.788,12.806,12.835,12.85,12.872,12.896,12.927,12.956,12.975,13.007,13.027,13.053,13.081,13.103,13.132,13.164,13.185,13.207,13.24,13.278,13.318,13.341,13.374,13.403,13.441,13.485,13.532,13.568,13.613,13.649,13.71,13.77,13.816,13.875,13.938,14.034,14.104,14.212,14.316,14.473,14.685,15.474
1177,GRN FP,9.761,10.33,10.594,10.752,10.875,10.97,11.066,11.149,11.214,11.278,11.344,11.411,11.468,11.518,11.559,11.599,11.638,11.686,11.716,11.76,11.787,11.834,11.868,11.901,11.933,11.962,11.997,12.026,12.057,12.073,12.1,12.132,12.145,12.166,12.202,12.223,12.243,12.261,12.293,12.318,12.337,12.364,12.388,12.418,12.437,12.468,12.49,12.517,12.543,12.569,12.586,12.605,12.631,12.656,12.676,12.697,12.718,12.739,12.76,12.788,12.806,12.835,12.85,12.872,12.896,12.927,12.956,12.975,13.007,13.027,13.053,13.081,13.103,13.132,13.164,13.185,13.207,13.24,13.278,13.318,13.341,13.374,13.403,13.441,13.485,13.532,13.568,13.613,13.649,13.71,13.77,13.816,13.875,13.938,14.034,14.104,14.212,14.316,14.473,14.685,15.474
1178,GRN FP,9.807,10.273,10.591,10.756,10.855,10.944,11.033,11.126,11.222,11.273,11.346,11.389,11.433,11.491,11.549,11.587,11.63,11.677,11.719,11.763,11.802,11.833,11.856,11.894,11.929,11.966,11.997,12.028,12.052,12.088,12.111,12.138,12.167,12.205,12.233,12.25,12.274,12.296,12.321,12.342,12.362,12.389,12.415,12.44,12.467,12.489,12.513,12.535,12.554,12.576,12.598,12.618,12.644,12.666,12.693,12.721,12.748,12.773,12.793,12.816,12.839,12.861,12.891,12.919,12.943,12.968,12.991,13.012,13.037,13.057,13.078,13.104,13.126,13.153,13.181,13.213,13.238,13.281,13.323,13.357,13.39,13.418,13.451,13.499,13.528,13.565,13.6,13.663,13.708,13.752,13.802,13.867,13.924,13.998,14.074,14.161,14.248,14.38,14.528,14.774,15.398
1179,GRN FP,9.807,10.273,10.591,10.756,10.855,10.944,11.033,11.126,11.222,11.273,11.346,11.389,11.433,11.491,11.549,11.587,11.63,11.677,11.719,11.763,11.802,11.833,11.856,11.894,11.929,11.966,11.997,12.028,12.052,12.088,12.111,12.138,12.167,12.205,12.233,12.25,12.274,12.296,12.321,12.342,12.362,12.389,12.415,12.44,12.467,12.489,12.513,12.535,12.554,12.576,12.598,12.618,12.644,12.666,12.693,12.721,12.748,12.773,12.793,12.816,12.839,12.861,12.891,12.919,12.943,12.968,12.991,13.012,13.037,13.057,13.078,13.104,13.126,13.153,13.181,13.213,13.238,13.281,13.323,13.357,13.39,13.418,13.451,13.499,13.528,13.565,13.6,13.663,13.708,13.752,13.802,13.867,13.924,13.998,14.074,14.161,14.248,14.38,14.528,14.774,15.398
1180,GRN FP,9.761,10.265,10.507,10.685,10.82,10.947,11.044,11.127,11.188,11.251,11.337,11.398,11.454,11.511,11.571,11.608,11.65,11.691,11.726,11.76,11.795,11.829,11.861,11.893,11.93,11.956,11.981,12.013,12.05,12.079,12.099,12.138,12.166,12.198,12.227,12.263,12.284,12.313,12.336,12.37,12.389,12.411,12.433,12.457,12.483,12.505,12.529,12.552,12.573,12.594,12.619,12.64,12.664,12.687,12.71,12.742,12.767,12.796,12.817,12.845,12.873,12.896,12.916,12.939,12.971,12.999,13.024,13.043,13.065,13.094,13.121,13.145,13.171,13.202,13.225,13.256,13.288,13.322,13.351,13.384,13.42,13.443,13.487,13.508,13.541,13.579,13.636,13.684,13.726,13.77,13.832,13.884,13.948,14.02,14.089,14.221,14.334,14.443,14.569,14.792,15.539
1181,GRN FP,9.761,10.265,10.507,10.685,10.82,10.947,11.044,11.127,11.188,11.251,11.337,11.398,11.454,11.511,11.571,11.608,11.65,11.691,11.726,11.76,11.795,11.829,11.861,11.893,11.93,11.956,11.981,12.013,12.05,12.079,12.099,12.138,12.166,12.198,12.227,12.263,12.284,12.313,12.336,12.37,12.389,12.411,12.433,12.457,12.483,12.505,12.529,12.552,12.573,12.594,12.619,12.64,12.664,12.687,12.71,12.742,12.767,12.796,12.817,12.845,12.873,12.896,12.916,12.939,12.971,12.999,13.024,13.043,13.065,13.094,13.121,13.145,13.171,13.202,13.225,13.256,13.288,13.322,13.351,13.384,13.42,13.443,13.487,13.508,13.541,13.579,13.636,13.684,13.726,13.77,13.832,13.884,13.948,14.02,14.089,14.221,14.334,14.443,14.569,14.792,15.539
1182,GRN FP,9.675,10.203,10.478,10.689,10.832,10.942,11.057,11.158,11.216,11.289,11.346,11.407,11.462,11.497,11.551,11.609,11.651,11.697,11.726,11.761,11.79,11.827,11.855,11.888,11.927,11.961,11.988,12.017,12.056,12.081,12.109,12.137,12.166,12.206,12.235,12.262,12.293,12.317,12.348,12.376,12.408,12.431,12.458,12.483,12.503,12.526,12.553,12.579,12.604,12.631,12.662,12.685,12.713,12.741,12.772,12.793,12.813,12.838,12.864,12.885,12.909,12.93,12.958,12.985,13.007,13.029,13.051,13.073,13.095,13.119,13.14,13.171,13.196,13.223,13.25,13.286,13.317,13.342,13.368,13.403,13.431,13.475,13.515,13.558,13.595,13.658,13.699,13.737,13.776,13.822,13.893,13.96,14.023,14.09,14.169,14.243,14.329,14.413,14.585,14.921,15.763
1183,GRN FP,9.675,10.203,10.478,10.689,10.832,10.942,11.057,11.158,11.216,11.289,11.346,11.407,11.462,11.497,11.551,11.609,11.651,11.697,11.726,11.761,11.79,11.827,11.855,11.888,11.927,11.961,11.988,12.017,12.056,12.081,12.109,12.137,12.166,12.206,12.235,12.262,12.293,12.317,12.348,12.376,12.408,12.431,12.458,12.483,12.503,12.526,12.553,12.579,12.604,12.631,12.662,12.685,12.713,12.741,12.772,12.793,12.813,12.838,12.864,12.885,12.909,12.93,12.958,12.985,13.007,13.029,13.051,13.073,13.095,13.119,13.14,13.171,13.196,13.223,13.25,13.286,13.317,13.342,13.368,13.403,13.431,13.475,13.515,13.558,13.595,13.658,13.699,13.737,13.776,13.822,13.893,13.96,14.023,14.09,14.169,14.243,14.329,14.413,14.585,14.921,15.763
1184,GRN FP,9.41,10.192,10.487,10.7,10.825,10.931,11.035,11.114,11.223,11.284,11.348,11.406,11.459,11.505,11.548,11.599,11.647,11.683,11.729,11.772,11.806,11.842,11.88,11.922,11.95,11.981,12.013,12.039,12.064,12.097,12.128,12.156,12.19,12.218,12.244,12.276,12.31,12.332,12.353,12.381,12.41,12.439,12.474,12.498,12.524,12.547,12.568,12.589,12.612,12.633,12.661,12.686,12.715,12.731,12.755,12.789,12.817,12.845,12.872,12.897,12.927,12.948,12.975,12.996,13.017,13.046,13.069,13.092,13.118,13.141,13.164,13.194,13.217,13.241,13.276,13.306,13.338,13.358,13.391,13.422,13.471,13.505,13.545,13.576,13.62,13.661,13.704,13.775,13.821,13.879,13.946,13.992,14.055,14.129,14.218,14.303,14.413,14.535,14.717,14.93,15.692
1185,GRN FP,9.41,10.192,10.487,10.7,10.825,10.931,11.035,11.114,11.223,11.284,11.348,11.406,11.459,11.505,11.548,11.599,11.647,11.683,11.729,11.772,11.806,11.842,11.88,11.922,11.95,11.981,12.013,12.039,12.064,12.097,12.128,12.156,12.19,12.218,12.244,12.276,12.31,12.332,12.353,12.381,12.41,12.439,12.474,12.498,12.524,12.547,12.568,12.589,12.612,12.633,12.661,12.686,12.715,12.731,12.755,12.789,12.817,12.845,12.872,12.897,12.927,12.948,12.975,12.996,13.017,13.046,13.069,13.092,13.118,13.141,13.164,13.194,13.217,13.241,13.276,13.306,13.338,13.358,13.391,13.422,13.471,13.505,13.545,13.576,13.62,13.661,13.704,13.775,13.821,13.879,13.946,13.992,14.055,14.129,14.218,14.303,14.413,14.535,14.717,14.93,15.692
1186,GRN FP,9.613,10.229,10.511,10.706,10.872,10.983,11.061,11.157,11.221,11.291,11.331,11.386,11.435,11.473,11.53,11.586,11.624,11.669,11.709,11.754,11.793,11.847,11.881,11.92,11.952,11.99,12.015,12.051,12.093,12.119,12.149,12.173,12.199,12.229,12.258,12.294,12.319,12.348,12.377,12.4,12.419,12.443,12.465,12.497,12.523,12.547,12.576,12.596,12.627,12.656,12.681,12.7,12.726,12.756,12.779,12.8,12.82,12.845,12.879,12.905,12.94,12.964,12.994,13.017,13.044,13.065,13.088,13.113,13.149,13.172,13.198,13.221,13.242,13.273,13.304,13.331,13.357,13.389,13.421,13.454,13.49,13.527,13.564,13.615,13.666,13.696,13.741,13.791,13.842,13.908,13.965,13.999,14.07,14.154,14.227,14.289,14.407,14.519,14.719,15.036,15.816
1187,GRN FP,9.613,10.229,10.511,10.706,10.872,10.983,11.061,11.157,11.221,11.291,11.331,11.386,11.435,11.473,11.53,11.586,11.624,11.669,11.709,11.754,11.793,11.847,11.881,11.92,11.952,11.99,12.015,12.051,12.093,12.119,12.149,12.173,12.199,12.229,12.258,12.294,12.319,12.348,12.377,12.4,12.419,12.443,12.465,12.497,12.523,12.547,12.576,12.596,12.627,12.656,12.681,12.7,12.726,12.756,12.779,12.8,12.82,12.845,12.879,12.905,12.94,12.964,12.994,13.017,13.044,13.065,13.088,13.113,13.149,13.172,13.198,13.221,13.242,13.273,13.304,13.331,13.357,13.389,13.421,13.454,13.49,13.527,13.564,13.615,13.666,13.696,13.741,13.791,13.842,13.908,13.965,13.999,14.07,14.154,14.227,14.289,14.407,14.519,14.719,15.036,15.816
1188,GRN FP,9.456,10.299,10.551,10.725,10.862,10.975,11.044,11.119,11.196,11.264,11.333,11.41,11.479,11.536,11.584,11.629,11.663,11.703,11.745,11.791,11.817,11.854,11.887,11.923,11.958,11.999,12.034,12.072,12.108,12.142,12.172,12.198,12.224,12.251,12.276,12.301,12.332,12.365,12.4,12.42,12.442,12.467,12.494,12.517,12.539,12.565,12.591,12.616,12.638,12.666,12.699,12.726,12.754,12.787,12.812,12.837,12.861,12.892,12.915,12.935,12.961,12.984,13.01,13.04,13.067,13.09,13.127,13.147,13.171,13.195,13.218,13.252,13.285,13.312,13.341,13.364,13.388,13.423,13.453,13.492,13.52,13.556,13.592,13.627,13.66,13.702,13.765,13.805,13.856,13.913,13.979,14.03,14.099,14.173,14.258,14.347,14.449,14.561,14.753,15.05,15.838
1189,GRN FP,9.456,10.299,10.551,10.725,10.862,10.975,11.044,11.119,11.196,11.264,11.333,11.41,11.479,11.536,11.584,11.629,11.663,11.703,11.745,11.791,11.817,11.854,11.887,11.923,11.958,11.999,12.034,12.072,12.108,12.142,12.172,12.198,12.224,12.251,12.276,12.301,12.332,12.365,12.4,12.42,12.442,12.467,12.494,12.517,12.539,12.565,12.591,12.616,12.638,12.666,12.699,12.726,12.754,12.787,12.812,12.837,12.861,12.892,12.915,12.935,12.961,12.984,13.01,13.04,13.067,13.09,13.127,13.147,13.171,13.195,13.218,13.252,13.285,13.312,13.341,13.364,13.388,13.423,13.453,13.492,13.52,13.556,13.592,13.627,13.66,13.702,13.765,13.805,13.856,13.913,13.979,14.03,14.099,14.173,14.258,14.347,14.449,14.561,14.753,15.05,15.838
1190,GRN FP,9.596,10.281,10.556,10.721,10.867,10.977,11.089,11.159,11.262,11.325,11.383,11.453,11.496,11.552,11.596,11.633,11.669,11.706,11.746,11.784,11.832,11.858,11.902,11.936,11.97,12.013,12.056,12.084,12.118,12.155,12.175,12.204,12.229,12.262,12.298,12.315,12.34,12.374,12.4,12.424,12.457,12.487,12.515,12.542,12.571,12.595,12.615,12.646,12.677,12.699,12.725,12.742,12.77,12.802,12.836,12.86,12.879,12.904,12.931,12.955,12.976,13.001,13.025,13.055,13.077,13.114,13.139,13.166,13.19,13.216,13.243,13.267,13.287,13.313,13.346,13.372,13.408,13.438,13.473,13.502,13.529,13.56,13.612,13.656,13.698,13.748,13.791,13.846,13.919,13.968,14.019,14.066,14.136,14.195,14.283,14.408,14.491,14.618,14.787,15.044,16.06
1191,GRN FP,9.596,10.281,10.556,10.721,10.867,10.977,11.089,11.159,11.262,11.325,11.383,11.453,11.496,11.552,11.596,11.633,11.669,11.706,11.746,11.784,11.832,11.858,11.902,11.936,11.97,12.013,12.056,12.084,12.118,12.155,12.175,12.204,12.229,12.262,12.298,12.315,12.34,12.374,12.4,12.424,12.457,12.487,12.515,12.542,12.571,12.595,12.615,12.646,12.677,12.699,12.725,12.742,12.77,12.802,12.836,12.86,12.879,12.904,12.931,12.955,12.976,13.001,13.025,13.055,13.077,13.114,13.139,13.166,13.19,13.216,13.243,13.267,13.287,13.313,13.346,13.372,13.408,13.438,13.473,13.502,13.529,13.56,13.612,13.656,13.698,13.748,13.791,13.846,13.919,13.968,14.019,14.066,14.136,14.195,14.283,14.408,14.491,14.618,14.787,15.044,16.06
1192,GRN FP,9.648,10.237,10.529,10.74,10.902,10.985,11.078,11.168,11.249,11.32,11.379,11.438,11.485,11.547,11.592,11.637,11.686,11.727,11.757,11.799,11.841,11.877,11.913,11.941,11.98,12.019,12.048,12.072,12.106,12.142,12.168,12.198,12.227,12.262,12.287,12.314,12.345,12.385,12.41,12.439,12.467,12.496,12.517,12.541,12.572,12.594,12.623,12.646,12.67,12.703,12.728,12.754,12.777,12.803,12.835,12.866,12.887,12.916,12.946,12.973,12.998,13.024,13.046,13.07,13.099,13.125,13.155,13.185,13.215,13.243,13.274,13.296,13.326,13.35,13.384,13.411,13.434,13.473,13.504,13.54,13.577,13.604,13.647,13.68,13.714,13.766,13.809,13.87,13.934,13.988,14.036,14.125,14.187,14.261,14.331,14.423,14.524,14.643,14.799,15.035,15.998
1193,GRN FP,9.648,10.237,10.529,10.74,10.902,10.985,11.078,11.168,11.249,11.32,11.379,11.438,11.485,11.547,11.592,11.637,11.686,11.727,11.757,11.799,11.841,11.877,11.913,11.941,11.98,12.019,12.048,12.072,12.106,12.142,12.168,12.198,12.227,12.262,12.287,12.314,12.345,12.385,12.41,12.439,12.467,12.496,12.517,12.541,12.572,12.594,12.623,12.646,12.67,12.703,12.728,12.754,12.777,12.803,12.835,12.866,12.887,12.916,12.946,12.973,12.998,13.024,13.046,13.07,13.099,13.125,13.155,13.185,13.215,13.243,13.274,13.296,13.326,13.35,13.384,13.411,13.434,13.473,13.504,13.54,13.577,13.604,13.647,13.68,13.714,13.766,13.809,13.87,13.934,13.988,14.036,14.125,14.187,14.261,14.331,14.423,14.524,14.643,14.799,15.035,15.998
1194,GRN FP,9.671,10.39,10.659,10.791,10.898,11.022,11.114,11.184,11.282,11.347,11.396,11.462,11.497,11.545,11.592,11.631,11.674,11.716,11.75,11.786,11.821,11.846,11.878,11.924,11.962,11.997,12.029,12.059,12.091,12.132,12.16,12.188,12.215,12.257,12.285,12.312,12.349,12.373,12.403,12.434,12.455,12.48,12.511,12.546,12.58,12.609,12.637,12.664,12.689,12.718,12.749,12.777,12.8,12.826,12.856,12.889,12.917,12.94,12.974,12.999,13.027,13.057,13.079,13.101,13.128,13.148,13.185,13.208,13.228,13.252,13.275,13.297,13.327,13.35,13.388,13.422,13.455,13.486,13.512,13.547,13.587,13.615,13.663,13.696,13.724,13.77,13.818,13.867,13.926,13.974,14.023,14.075,14.15,14.226,14.3,14.385,14.488,14.642,14.867,15.167,16.074
1195,GRN FP,9.671,10.39,10.659,10.791,10.898,11.022,11.114,11.184,11.282,11.347,11.396,11.462,11.497,11.545,11.592,11.631,11.674,11.716,11.75,11.786,11.821,11.846,11.878,11.924,11.962,11.997,12.029,12.059,12.091,12.132,12.16,12.188,12.215,12.257,12.285,12.312,12.349,12.373,12.403,12.434,12.455,12.48,12.511,12.546,12.58,12.609,12.637,12.664,12.689,12.718,12.749,12.777,12.8,12.826,12.856,12.889,12.917,12.94,12.974,12.999,13.027,13.057,13.079,13.101,13.128,13.148,13.185,13.208,13.228,13.252,13.275,13.297,13.327,13.35,13.388,13.422,13.455,13.486,13.512,13.547,13.587,13.615,13.663,13.696,13.724,13.77,13.818,13.867,13.926,13.974,14.023,14.075,14.15,14.226,14.3,14.385,14.488,14.642,14.867,15.167,16.074
1196,GRN FP,9.662,10.334,10.665,10.81,10.924,11.051,11.158,11.233,11.296,11.375,11.438,11.485,11.543,11.587,11.632,11.689,11.719,11.761,11.8,11.833,11.866,11.907,11.943,11.977,12.011,12.042,12.081,12.111,12.139,12.165,12.199,12.233,12.263,12.29,12.319,12.349,12.373,12.402,12.429,12.461,12.483,12.52,12.544,12.562,12.585,12.616,12.65,12.677,12.702,12.728,12.758,12.78,12.802,12.822,12.852,12.881,12.911,12.939,12.967,12.996,13.026,13.053,13.076,13.107,13.136,13.157,13.175,13.204,13.236,13.263,13.296,13.324,13.349,13.374,13.402,13.432,13.47,13.496,13.526,13.55,13.587,13.613,13.654,13.689,13.728,13.771,13.816,13.879,13.932,13.983,14.033,14.089,14.162,14.258,14.343,14.422,14.503,14.606,14.816,15.125,15.934
1197,GRN FP,9.662,10.334,10.665,10.81,10.924,11.051,11.158,11.233,11.296,11.375,11.438,11.485,11.543,11.587,11.632,11.689,11.719,11.761,11.8,11.833,11.866,11.907,11.943,11.977,12.011,12.042,12.081,12.111,12.139,12.165,12.199,12.233,12.263,12.29,12.319,12.349,12.373,12.402,12.429,12.461,12.483,12.52,12.544,12.562,12.585,12.616,12.65,12.677,12.702,12.728,12.758,12.78,12.802,12.822,12.852,12.881,12.911,12.939,12.967,12.996,13.026,13.053,13.076,13.107,13.136,13.157,13.175,13.204,13.236,13.263,13.296,13.324,13.349,13.374,13.402,13.432,13.47,13.496,13.526,13.55,13.587,13.613,13.654,13.689,13.728,13.771,13.816,13.879,13.932,13.983,14.033,14.089,14.162,14.258,14.343,14.422,14.503,14.606,14.816,15.125,15.934
1198,GRN FP,9.732,10.464,10.691,10.846,10.956,11.087,11.18,11.236,11.315,11.39,11.464,11.546,11.597,11.645,11.691,11.727,11.766,11.807,11.85,11.882,11.913,11.946,11.984,12.02,12.062,12.085,12.121,12.156,12.181,12.215,12.239,12.274,12.3,12.332,12.356,12.381,12.407,12.432,12.461,12.478,12.5,12.521,12.557,12.58,12.612,12.636,12.665,12.693,12.718,12.744,12.768,12.801,12.827,12.851,12.88,12.903,12.925,12.952,12.981,13.008,13.032,13.056,13.085,13.116,13.135,13.161,13.196,13.223,13.249,13.273,13.294,13.32,13.351,13.371,13.4,13.428,13.459,13.486,13.522,13.548,13.579,13.61,13.645,13.683,13.744,13.779,13.826,13.879,13.923,13.979,14.045,14.124,14.183,14.253,14.334,14.441,14.541,14.678,14.82,15.021,16.303
1199,GRN FP,9.732,10.464,10.691,10.846,10.956,11.087,11.18,11.236,11.315,11.39,11.464,11.546,11.597,11.645,11.691,11.727,11.766,11.807,11.85,11.882,11.913,11.946,11.984,12.02,12.062,12.085,12.121,12.156,12.181,12.215,12.239,12.274,12.3,12.332,12.356,12.381,12.407,12.432,12.461,12.478,12.5,12.521,12.557,12.58,12.612,12.636,12.665,12.693,12.718,12.744,12.768,12.801,12.827,12.851,12.88,12.903,12.925,12.952,12.981,13.008,13.032,13.056,13.085,13.116,13.135,13.161,13.196,13.223,13.249,13.273,13.294,13.32,13.351,13.371,13.4,13.428,13.459,13.486,13.522,13.548,13.579,13.61,13.645,13.683,13.744,13.779,13.826,13.879,13.923,13.979,14.045,14.124,14.183,14.253,14.334,14.441,14.541,14.678,14.82,15.021,16.303
1200,GRN FP,9.687,10.496,10.722,10.868,10.971,11.098,11.192,11.274,11.366,11.431,11.484,11.539,11.587,11.634,11.676,11.71,11.745,11.788,11.845,11.886,11.93,11.956,11.985,12.019,12.053,12.086,12.119,12.149,12.179,12.21,12.231,12.264,12.294,12.325,12.355,12.383,12.411,12.439,12.474,12.503,12.53,12.559,12.585,12.604,12.628,12.653,12.678,12.699,12.729,12.753,12.775,12.814,12.839,12.867,12.897,12.927,12.953,12.983,13.009,13.027,13.047,13.075,13.101,13.125,13.147,13.17,13.2,13.232,13.251,13.279,13.311,13.341,13.37,13.399,13.417,13.444,13.471,13.503,13.527,13.558,13.593,13.629,13.666,13.704,13.743,13.792,13.821,13.863,13.902,13.938,14.001,14.062,14.145,14.233,14.302,14.409,14.514,14.644,14.789,15.079,15.91
1201,GRN FP,9.687,10.496,10.722,10.868,10.971,11.098,11.192,11.274,11.366,11.431,11.484,11.539,11.587,11.634,11.676,11.71,11.745,11.788,11.845,11.886,11.93,11.956,11.985,12.019,12.053,12.086,12.119,12.149,12.179,12.21,12.231,12.264,12.294,12.325,12.355,12.383,12.411,12.439,12.474,12.503,12.53,12.559,12.585,12.604,12.628,12.653,12.678,12.699,12.729,12.753,12.775,12.814,12.839,12.867,12.897,12.927,12.953,12.983,13.009,13.027,13.047,13.075,13.101,13.125,13.147,13.17,13.2,13.232,13.251,13.279,13.311,13.341,13.37,13.399,13.417,13.444,13.471,13.503,13.527,13.558,13.593,13.629,13.666,13.704,13.743,13.792,13.821,13.863,13.902,13.938,14.001,14.062,14.145,14.233,14.302,14.409,14.514,14.644,14.789,15.079,15.91
1202,GRN FP,9.591,10.529,10.766,10.901,11.039,11.135,11.22,11.287,11.365,11.436,11.498,11.554,11.607,11.654,11.699,11.754,11.791,11.832,11.874,11.91,11.949,11.985,12.029,12.051,12.085,12.107,12.152,12.18,12.221,12.252,12.277,12.311,12.334,12.358,12.38,12.403,12.427,12.46,12.482,12.512,12.539,12.568,12.6,12.632,12.652,12.678,12.702,12.733,12.753,12.775,12.804,12.83,12.852,12.877,12.906,12.925,12.951,12.973,12.99,13.016,13.037,13.064,13.096,13.118,13.139,13.163,13.195,13.223,13.252,13.283,13.311,13.337,13.379,13.406,13.437,13.469,13.498,13.526,13.554,13.58,13.616,13.655,13.679,13.726,13.759,13.789,13.831,13.862,13.911,13.96,14.009,14.067,14.139,14.213,14.302,14.393,14.49,14.622,14.828,15.033,15.823
1203,GRN FP,9.591,10.529,10.766,10.901,11.039,11.135,11.22,11.287,11.365,11.436,11.498,11.554,11.607,11.654,11.699,11.754,11.791,11.832,11.874,11.91,11.949,11.985,12.029,12.051,12.085,12.107,12.152,12.18,12.221,12.252,12.277,12.311,12.334,12.358,12.38,12.403,12.427,12.46,12.482,12.512,12.539,12.568,12.6,12.632,12.652,12.678,12.702,12.733,12.753,12.775,12.804,12.83,12.852,12.877,12.906,12.925,12.951,12.973,12.99,13.016,13.037,13.064,13.096,13.118,13.139,13.163,13.195,13.223,13.252,13.283,13.311,13.337,13.379,13.406,13.437,13.469,13.498,13.526,13.554,13.58,13.616,13.655,13.679,13.726,13.759,13.789,13.831,13.862,13.911,13.96,14.009,14.067,14.139,14.213,14.302,14.393,14.49,14.622,14.828,15.033,15.823
1204,GRN FP,9.623,10.627,10.909,11.019,11.096,11.207,11.287,11.358,11.419,11.482,11.549,11.61,11.666,11.719,11.764,11.809,11.839,11.874,11.915,11.951,11.988,12.019,12.046,12.077,12.109,12.143,12.176,12.202,12.227,12.259,12.295,12.32,12.346,12.373,12.407,12.437,12.46,12.478,12.504,12.532,12.563,12.593,12.62,12.639,12.665,12.685,12.716,12.737,12.763,12.786,12.813,12.835,12.86,12.887,12.91,12.94,12.964,12.989,13.008,13.03,13.054,13.075,13.097,13.121,13.14,13.162,13.19,13.216,13.239,13.263,13.289,13.323,13.353,13.374,13.395,13.427,13.458,13.502,13.53,13.556,13.593,13.63,13.665,13.702,13.748,13.78,13.815,13.864,13.911,13.964,14.017,14.065,14.117,14.195,14.292,14.371,14.47,14.58,14.748,14.951,15.671
1205,GRN FP,9.623,10.627,10.909,11.019,11.096,11.207,11.287,11.358,11.419,11.482,11.549,11.61,11.666,11.719,11.764,11.809,11.839,11.874,11.915,11.951,11.988,12.019,12.046,12.077,12.109,12.143,12.176,12.202,12.227,12.259,12.295,12.32,12.346,12.373,12.407,12.437,12.46,12.478,12.504,12.532,12.563,12.593,12.62,12.639,12.665,12.685,12.716,12.737,12.763,12.786,12.813,12.835,12.86,12.887,12.91,12.94,12.964,12.989,13.008,13.03,13.054,13.075,13.097,13.121,13.14,13.162,13.19,13.216,13.239,13.263,13.289,13.323,13.353,13.374,13.395,13.427,13.458,13.502,13.53,13.556,13.593,13.63,13.665,13.702,13.748,13.78,13.815,13.864,13.911,13.964,14.017,14.065,14.117,14.195,14.292,14.371,14.47,14.58,14.748,14.951,15.671
1206,GRN FP,9.966,10.672,10.886,11.028,11.177,11.265,11.344,11.441,11.519,11.572,11.633,11.671,11.711,11.752,11.788,11.83,11.87,11.915,11.956,11.992,12.029,12.056,12.082,12.115,12.143,12.172,12.21,12.238,12.264,12.288,12.318,12.35,12.374,12.403,12.421,12.443,12.469,12.489,12.511,12.538,12.56,12.594,12.618,12.638,12.664,12.69,12.722,12.749,12.77,12.795,12.816,12.835,12.865,12.887,12.909,12.929,12.946,12.97,12.991,13.017,13.042,13.064,13.087,13.106,13.132,13.159,13.183,13.221,13.248,13.271,13.292,13.323,13.354,13.379,13.401,13.432,13.464,13.497,13.523,13.555,13.588,13.626,13.661,13.7,13.731,13.765,13.802,13.845,13.879,13.915,13.971,14.034,14.103,14.18,14.242,14.317,14.424,14.546,14.685,14.885,15.719
1207,GRN FP,9.966,10.672,10.886,11.028,11.177,11.265,11.344,11.441,11.519,11.572,11.633,11.671,11.711,11.752,11.788,11.83,11.87,11.915,11.956,11.992,12.029,12.056,12.082,12.115,12.143,12.172,12.21,12.238,12.264,12.288,12.318,12.35,12.374,12.403,12.421,12.443,12.469,12.489,12.511,12.538,12.56,12.594,12.618,12.638,12.664,12.69,12.722,12.749,12.77,12.795,12.816,12.835,12.865,12.887,12.909,12.929,12.946,12.97,12.991,13.017,13.042,13.064,13.087,13.106,13.132,13.159,13.183,13.221,13.248,13.271,13.292,13.323,13.354,13.379,13.401,13.432,13.464,13.497,13.523,13.555,13.588,13.626,13.661,13.7,13.731,13.765,13.802,13.845,13.879,13.915,13.971,14.034,14.103,14.18,14.242,14.317,14.424,14.546,14.685,14.885,15.719
1208,GRN FP,10.008,10.729,10.977,11.112,11.244,11.34,11.403,11.461,11.527,11.582,11.63,11.7,11.747,11.794,11.847,11.889,11.925,11.959,11.999,12.029,12.059,12.095,12.132,12.167,12.188,12.218,12.247,12.271,12.3,12.33,12.354,12.378,12.398,12.421,12.446,12.468,12.491,12.517,12.535,12.566,12.588,12.61,12.632,12.657,12.676,12.697,12.714,12.734,12.762,12.784,12.806,12.829,12.847,12.873,12.902,12.918,12.935,12.96,12.985,13.008,13.028,13.058,13.084,13.11,13.133,13.156,13.179,13.209,13.24,13.265,13.292,13.329,13.35,13.381,13.41,13.444,13.471,13.508,13.536,13.565,13.607,13.636,13.67,13.698,13.733,13.771,13.8,13.827,13.865,13.909,13.954,14.003,14.052,14.117,14.187,14.283,14.385,14.488,14.625,14.987,15.554
1209,GRN FP,10.008,10.729,10.977,11.112,11.244,11.34,11.403,11.461,11.527,11.582,11.63,11.7,11.747,11.794,11.847,11.889,11.925,11.959,11.999,12.029,12.059,12.095,12.132,12.167,12.188,12.218,12.247,12.271,12.3,12.33,12.354,12.378,12.398,12.421,12.446,12.468,12.491,12.517,12.535,12.566,12.588,12.61,12.632,12.657,12.676,12.697,12.714,12.734,12.762,12.784,12.806,12.829,12.847,12.873,12.902,12.918,12.935,12.96,12.985,13.008,13.028,13.058,13.084,13.11,13.133,13.156,13.179,13.209,13.24,13.265,13.292,13.329,13.35,13.381,13.41,13.444,13.471,13.508,13.536,13.565,13.607,13.636,13.67,13.698,13.733,13.771,13.8,13.827,13.865,13.909,13.954,14.003,14.052,14.117,14.187,14.283,14.385,14.488,14.625,14.987,15.554
1210,GRN FP,10.223,10.782,11.018,11.211,11.313,11.401,11.466,11.549,11.62,11.66,11.729,11.768,11.817,11.873,11.915,11.952,11.984,12.026,12.049,12.081,12.115,12.148,12.177,12.201,12.233,12.265,12.288,12.312,12.343,12.366,12.395,12.422,12.442,12.467,12.489,12.514,12.537,12.56,12.58,12.604,12.63,12.655,12.672,12.69,12.717,12.742,12.764,12.788,12.817,12.841,12.857,12.875,12.896,12.919,12.938,12.954,12.971,12.993,13.015,13.037,13.057,13.075,13.095,13.114,13.139,13.164,13.192,13.217,13.242,13.269,13.291,13.312,13.331,13.356,13.379,13.401,13.43,13.465,13.501,13.53,13.571,13.606,13.641,13.672,13.71,13.748,13.784,13.823,13.852,13.898,13.946,14.008,14.064,14.12,14.175,14.245,14.351,14.446,14.619,14.856,15.569
1211,GRN FP,10.223,10.782,11.018,11.211,11.313,11.401,11.466,11.549,11.62,11.66,11.729,11.768,11.817,11.873,11.915,11.952,11.984,12.026,12.049,12.081,12.115,12.148,12.177,12.201,12.233,12.265,12.288,12.312,12.343,12.366,12.395,12.422,12.442,12.467,12.489,12.514,12.537,12.56,12.58,12.604,12.63,12.655,12.672,12.69,12.717,12.742,12.764,12.788,12.817,12.841,12.857,12.875,12.896,12.919,12.938,12.954,12.971,12.993,13.015,13.037,13.057,13.075,13.095,13.114,13.139,13.164,13.192,13.217,13.242,13.269,13.291,13.312,13.331,13.356,13.379,13.401,13.43,13.465,13.501,13.53,13.571,13.606,13.641,13.672,13.71,13.748,13.784,13.823,13.852,13.898,13.946,14.008,14.064,14.12,14.175,14.245,14.351,14.446,14.619,14.856,15.569
1212,GRN FP,10.336,10.917,11.136,11.274,11.408,11.5,11.572,11.64,11.697,11.748,11.794,11.851,11.897,11.934,11.969,12.005,12.038,12.07,12.102,12.136,12.169,12.199,12.219,12.246,12.27,12.294,12.324,12.35,12.384,12.411,12.432,12.456,12.48,12.504,12.522,12.546,12.568,12.595,12.617,12.64,12.66,12.682,12.703,12.721,12.739,12.763,12.784,12.807,12.833,12.853,12.874,12.894,12.92,12.936,12.957,12.979,12.993,13.012,13.032,13.052,13.064,13.081,13.108,13.124,13.147,13.166,13.187,13.218,13.239,13.26,13.28,13.305,13.329,13.352,13.383,13.405,13.425,13.444,13.477,13.507,13.533,13.563,13.602,13.642,13.678,13.717,13.749,13.791,13.836,13.877,13.921,13.962,14.021,14.066,14.137,14.23,14.31,14.433,14.583,14.827,15.434
1213,GRN FP,10.336,10.917,11.136,11.274,11.408,11.5,11.572,11.64,11.697,11.748,11.794,11.851,11.897,11.934,11.969,12.005,12.038,12.07,12.102,12.136,12.169,12.199,12.219,12.246,12.27,12.294,12.324,12.35,12.384,12.411,12.432,12.456,12.48,12.504,12.522,12.546,12.568,12.595,12.617,12.64,12.66,12.682,12.703,12.721,12.739,12.763,12.784,12.807,12.833,12.853,12.874,12.894,12.92,12.936,12.957,12.979,12.993,13.012,13.032,13.052,13.064,13.081,13.108,13.124,13.147,13.166,13.187,13.218,13.239,13.26,13.28,13.305,13.329,13.352,13.383,13.405,13.425,13.444,13.477,13.507,13.533,13.563,13.602,13.642,13.678,13.717,13.749,13.791,13.836,13.877,13.921,13.962,14.021,14.066,14.137,14.23,14.31,14.433,14.583,14.827,15.434
1214,GRN FP,10.471,11.041,11.289,11.402,11.506,11.577,11.653,11.71,11.754,11.815,11.857,11.891,11.938,11.976,12.023,12.051,12.085,12.109,12.14,12.167,12.197,12.226,12.253,12.277,12.299,12.329,12.349,12.374,12.397,12.422,12.445,12.473,12.497,12.522,12.544,12.569,12.59,12.611,12.628,12.644,12.663,12.683,12.704,12.726,12.752,12.774,12.793,12.814,12.843,12.865,12.882,12.897,12.915,12.93,12.949,12.964,12.994,13.013,13.029,13.05,13.07,13.092,13.114,13.139,13.166,13.187,13.213,13.24,13.262,13.28,13.298,13.325,13.349,13.373,13.391,13.42,13.442,13.473,13.498,13.522,13.542,13.57,13.595,13.623,13.655,13.689,13.735,13.774,13.811,13.855,13.902,13.949,13.998,14.048,14.115,14.187,14.262,14.387,14.542,14.711,15.336
1215,GRN FP,10.471,11.041,11.289,11.402,11.506,11.577,11.653,11.71,11.754,11.815,11.857,11.891,11.938,11.976,12.023,12.051,12.085,12.109,12.14,12.167,12.197,12.226,12.253,12.277,12.299,12.329,12.349,12.374,12.397,12.422,12.445,12.473,12.497,12.522,12.544,12.569,12.59,12.611,12.628,12.644,12.663,12.683,12.704,12.726,12.752,12.774,12.793,12.814,12.843,12.865,12.882,12.897,12.915,12.93,12.949,12.964,12.994,13.013,13.029,13.05,13.07,13.092,13.114,13.139,13.166,13.187,13.213,13.24,13.262,13.28,13.298,13.325,13.349,13.373,13.391,13.42,13.442,13.473,13.498,13.522,13.542,13.57,13.595,13.623,13.655,13.689,13.735,13.774,13.811,13.855,13.902,13.949,13.998,14.048,14.115,14.187,14.262,14.387,14.542,14.711,15.336
1216,GRN FP,10.662,11.159,11.338,11.512,11.593,11.667,11.743,11.811,11.865,11.921,11.966,12.001,12.046,12.075,12.1,12.133,12.162,12.193,12.226,12.253,12.28,12.303,12.32,12.345,12.369,12.393,12.414,12.439,12.46,12.483,12.5,12.52,12.539,12.561,12.578,12.603,12.624,12.644,12.665,12.684,12.701,12.717,12.739,12.754,12.772,12.793,12.823,12.839,12.857,12.871,12.89,12.907,12.93,12.947,12.963,12.984,13.003,13.021,13.039,13.053,13.073,13.093,13.117,13.142,13.164,13.188,13.206,13.225,13.244,13.268,13.289,13.311,13.332,13.359,13.384,13.403,13.429,13.455,13.478,13.498,13.525,13.549,13.58,13.603,13.638,13.666,13.689,13.726,13.77,13.821,13.855,13.899,13.949,14.003,14.06,14.117,14.185,14.298,14.431,14.616,15.172
1217,GRN FP,10.662,11.159,11.338,11.512,11.593,11.667,11.743,11.811,11.865,11.921,11.966,12.001,12.046,12.075,12.1,12.133,12.162,12.193,12.226,12.253,12.28,12.303,12.32,12.345,12.369,12.393,12.414,12.439,12.46,12.483,12.5,12.52,12.539,12.561,12.578,12.603,12.624,12.644,12.665,12.684,12.701,12.717,12.739,12.754,12.772,12.793,12.823,12.839,12.857,12.871,12.89,12.907,12.93,12.947,12.963,12.984,13.003,13.021,13.039,13.053,13.073,13.093,13.117,13.142,13.164,13.188,13.206,13.225,13.244,13.268,13.289,13.311,13.332,13.359,13.384,13.403,13.429,13.455,13.478,13.498,13.525,13.549,13.58,13.603,13.638,13.666,13.689,13.726,13.77,13.821,13.855,13.899,13.949,14.003,14.06,14.117,14.185,14.298,14.431,14.616,15.172
1218,GRN FP,10.75,11.226,11.425,11.533,11.633,11.714,11.784,11.84,11.899,11.942,11.979,12.021,12.067,12.102,12.138,12.173,12.202,12.235,12.26,12.297,12.326,12.347,12.363,12.382,12.408,12.433,12.462,12.483,12.505,12.527,12.542,12.567,12.584,12.605,12.624,12.647,12.664,12.683,12.705,12.717,12.739,12.757,12.778,12.791,12.808,12.827,12.846,12.865,12.882,12.902,12.921,12.941,12.964,12.985,13.009,13.029,13.05,13.073,13.091,13.108,13.131,13.156,13.174,13.192,13.209,13.237,13.261,13.278,13.299,13.316,13.333,13.352,13.373,13.39,13.414,13.438,13.461,13.486,13.506,13.529,13.553,13.579,13.614,13.638,13.67,13.69,13.72,13.746,13.785,13.822,13.871,13.912,13.955,13.993,14.045,14.1,14.173,14.253,14.423,14.633,15.141
1219,GRN FP,10.75,11.226,11.425,11.533,11.633,11.714,11.784,11.84,11.899,11.942,11.979,12.021,12.067,12.102,12.138,12.173,12.202,12.235,12.26,12.297,12.326,12.347,12.363,12.382,12.408,12.433,12.462,12.483,12.505,12.527,12.542,12.567,12.584,12.605,12.624,12.647,12.664,12.683,12.705,12.717,12.739,12.757,12.778,12.791,12.808,12.827,12.846,12.865,12.882,12.902,12.921,12.941,12.964,12.985,13.009,13.029,13.05,13.073,13.091,13.108,13.131,13.156,13.174,13.192,13.209,13.237,13.261,13.278,13.299,13.316,13.333,13.352,13.373,13.39,13.414,13.438,13.461,13.486,13.506,13.529,13.553,13.579,13.614,13.638,13.67,13.69,13.72,13.746,13.785,13.822,13.871,13.912,13.955,13.993,14.045,14.1,14.173,14.253,14.423,14.633,15.141
1220,GRN FP,10.788,11.329,11.486,11.638,11.726,11.816,11.887,11.941,11.992,12.028,12.069,12.106,12.135,12.162,12.198,12.226,12.251,12.281,12.307,12.337,12.359,12.387,12.411,12.435,12.459,12.478,12.503,12.525,12.546,12.569,12.585,12.605,12.628,12.65,12.669,12.689,12.706,12.732,12.751,12.776,12.794,12.82,12.841,12.858,12.877,12.89,12.908,12.926,12.943,12.963,12.982,13.002,13.023,13.042,13.058,13.077,13.096,13.113,13.128,13.146,13.166,13.185,13.201,13.224,13.242,13.258,13.283,13.298,13.317,13.337,13.359,13.38,13.401,13.427,13.447,13.462,13.479,13.501,13.52,13.539,13.561,13.582,13.609,13.641,13.675,13.705,13.735,13.782,13.818,13.857,13.892,13.931,13.969,14.012,14.056,14.112,14.176,14.277,14.402,14.599,14.987
1221,GRN FP,10.788,11.329,11.486,11.638,11.726,11.816,11.887,11.941,11.992,12.028,12.069,12.106,12.135,12.162,12.198,12.226,12.251,12.281,12.307,12.337,12.359,12.387,12.411,12.435,12.459,12.478,12.503,12.525,12.546,12.569,12.585,12.605,12.628,12.65,12.669,12.689,12.706,12.732,12.751,12.776,12.794,12.82,12.841,12.858,12.877,12.89,12.908,12.926,12.943,12.963,12.982,13.002,13.023,13.042,13.058,13.077,13.096,13.113,13.128,13.146,13.166,13.185,13.201,13.224,13.242,13.258,13.283,13.298,13.317,13.337,13.359,13.38,13.401,13.427,13.447,13.462,13.479,13.501,13.52,13.539,13.561,13.582,13.609,13.641,13.675,13.705,13.735,13.782,13.818,13.857,13.892,13.931,13.969,14.012,14.056,14.112,14.176,14.277,14.402,14.599,14.987
1222,GRN FP,10.966,11.44,11.6,11.708,11.808,11.882,11.962,12.015,12.062,12.109,12.154,12.186,12.227,12.252,12.277,12.304,12.329,12.357,12.385,12.411,12.437,12.46,12.481,12.503,12.525,12.55,12.57,12.592,12.612,12.626,12.646,12.664,12.689,12.708,12.726,12.747,12.77,12.79,12.809,12.824,12.842,12.861,12.879,12.893,12.907,12.919,12.934,12.953,12.967,12.988,13.006,13.022,13.038,13.053,13.069,13.086,13.099,13.12,13.135,13.151,13.166,13.185,13.205,13.226,13.248,13.269,13.288,13.303,13.321,13.339,13.358,13.381,13.405,13.424,13.442,13.461,13.48,13.501,13.532,13.554,13.575,13.596,13.623,13.649,13.672,13.704,13.734,13.763,13.792,13.833,13.868,13.906,13.946,13.995,14.037,14.095,14.164,14.249,14.33,14.492,15.062
1223,GRN FP,10.966,11.44,11.6,11.708,11.808,11.882,11.962,12.015,12.062,12.109,12.154,12.186,12.227,12.252,12.277,12.304,12.329,12.357,12.385,12.411,12.437,12.46,12.481,12.503,12.525,12.55,12.57,12.592,12.612,12.626,12.646,12.664,12.689,12.708,12.726,12.747,12.77,12.79,12.809,12.824,12.842,12.861,12.879,12.893,12.907,12.919,12.934,12.953,12.967,12.988,13.006,13.022,13.038,13.053,13.069,13.086,13.099,13.12,13.135,13.151,13.166,13.185,13.205,13.226,13.248,13.269,13.288,13.303,13.321,13.339,13.358,13.381,13.405,13.424,13.442,13.461,13.48,13.501,13.532,13.554,13.575,13.596,13.623,13.649,13.672,13.704,13.734,13.763,13.792,13.833,13.868,13.906,13.946,13.995,14.037,14.095,14.164,14.249,14.33,14.492,15.062
1224,GRN FP,10.979,11.451,11.621,11.749,11.825,11.903,11.968,12.027,12.084,12.129,12.166,12.202,12.231,12.261,12.291,12.322,12.36,12.388,12.415,12.441,12.463,12.482,12.508,12.533,12.561,12.578,12.599,12.616,12.635,12.662,12.686,12.707,12.723,12.743,12.759,12.781,12.796,12.816,12.833,12.852,12.875,12.89,12.908,12.927,12.942,12.965,12.982,13.0,13.015,13.028,13.043,13.06,13.074,13.091,13.112,13.129,13.144,13.159,13.176,13.192,13.209,13.229,13.246,13.267,13.29,13.304,13.321,13.339,13.358,13.376,13.393,13.411,13.434,13.458,13.479,13.497,13.515,13.538,13.562,13.59,13.614,13.634,13.653,13.678,13.711,13.735,13.761,13.794,13.83,13.859,13.887,13.924,13.968,14.007,14.077,14.126,14.182,14.264,14.384,14.566,15.027
1225,GRN FP,10.979,11.451,11.621,11.749,11.825,11.903,11.968,12.027,12.084,12.129,12.166,12.202,12.231,12.261,12.291,12.322,12.36,12.388,12.415,12.441,12.463,12.482,12.508,12.533,12.561,12.578,12.599,12.616,12.635,12.662,12.686,12.707,12.723,12.743,12.759,12.781,12.796,12.816,12.833,12.852,12.875,12.89,12.908,12.927,12.942,12.965,12.982,13.0,13.015,13.028,13.043,13.06,13.074,13.091,13.112,13.129,13.144,13.159,13.176,13.192,13.209,13.229,13.246,13.267,13.29,13.304,13.321,13.339,13.358,13.376,13.393,13.411,13.434,13.458,13.479,13.497,13.515,13.538,13.562,13.59,13.614,13.634,13.653,13.678,13.711,13.735,13.761,13.794,13.83,13.859,13.887,13.924,13.968,14.007,14.077,14.126,14.182,14.264,14.384,14.566,15.027
1226,GRN FP,10.963,11.37,11.542,11.678,11.775,11.831,11.896,11.971,12.022,12.062,12.117,12.16,12.19,12.218,12.242,12.271,12.295,12.325,12.357,12.386,12.407,12.435,12.461,12.49,12.51,12.534,12.549,12.57,12.589,12.617,12.638,12.661,12.682,12.704,12.722,12.742,12.759,12.773,12.793,12.811,12.826,12.848,12.872,12.889,12.911,12.926,12.945,12.96,12.981,12.999,13.022,13.038,13.053,13.068,13.086,13.103,13.118,13.136,13.151,13.175,13.196,13.208,13.23,13.252,13.273,13.289,13.315,13.333,13.356,13.374,13.392,13.409,13.429,13.451,13.469,13.49,13.509,13.534,13.555,13.582,13.607,13.635,13.661,13.68,13.707,13.743,13.774,13.805,13.842,13.871,13.908,13.945,13.994,14.046,14.092,14.149,14.213,14.313,14.429,14.6,15.527
1227,GRN FP,10.963,11.37,11.542,11.678,11.775,11.831,11.896,11.971,12.022,12.062,12.117,12.16,12.19,12.218,12.242,12.271,12.295,12.325,12.357,12.386,12.407,12.435,12.461,12.49,12.51,12.534,12.549,12.57,12.589,12.617,12.638,12.661,12.682,12.704,12.722,12.742,12.759,12.773,12.793,12.811,12.826,12.848,12.872,12.889,12.911,12.926,12.945,12.96,12.981,12.999,13.022,13.038,13.053,13.068,13.086,13.103,13.118,13.136,13.151,13.175,13.196,13.208,13.23,13.252,13.273,13.289,13.315,13.333,13.356,13.374,13.392,13.409,13.429,13.451,13.469,13.49,13.509,13.534,13.555,13.582,13.607,13.635,13.661,13.68,13.707,13.743,13.774,13.805,13.842,13.871,13.908,13.945,13.994,14.046,14.092,14.149,14.213,14.313,14.429,14.6,15.527
1228,GRN FP,10.729,11.28,11.498,11.61,11.719,11.791,11.863,11.935,11.977,12.024,12.066,12.101,12.139,12.172,12.196,12.228,12.265,12.292,12.319,12.342,12.369,12.391,12.411,12.438,12.465,12.487,12.507,12.527,12.551,12.574,12.591,12.614,12.634,12.655,12.68,12.697,12.715,12.735,12.754,12.77,12.794,12.811,12.824,12.84,12.861,12.878,12.897,12.922,12.946,12.967,12.992,13.012,13.03,13.045,13.06,13.074,13.093,13.11,13.124,13.152,13.174,13.19,13.207,13.224,13.244,13.263,13.287,13.313,13.331,13.349,13.368,13.386,13.413,13.438,13.458,13.487,13.508,13.537,13.561,13.586,13.622,13.659,13.679,13.702,13.728,13.757,13.786,13.814,13.847,13.886,13.93,13.985,14.026,14.085,14.13,14.189,14.268,14.356,14.465,14.576,15.185
1229,GRN FP,10.729,11.28,11.498,11.61,11.719,11.791,11.863,11.935,11.977,12.024,12.066,12.101,12.139,12.172,12.196,12.228,12.265,12.292,12.319,12.342,12.369,12.391,12.411,12.438,12.465,12.487,12.507,12.527,12.551,12.574,12.591,12.614,12.634,12.655,12.68,12.697,12.715,12.735,12.754,12.77,12.794,12.811,12.824,12.84,12.861,12.878,12.897,12.922,12.946,12.967,12.992,13.012,13.03,13.045,13.06,13.074,13.093,13.11,13.124,13.152,13.174,13.19,13.207,13.224,13.244,13.263,13.287,13.313,13.331,13.349,13.368,13.386,13.413,13.438,13.458,13.487,13.508,13.537,13.561,13.586,13.622,13.659,13.679,13.702,13.728,13.757,13.786,13.814,13.847,13.886,13.93,13.985,14.026,14.085,14.13,14.189,14.268,14.356,14.465,14.576,15.185
1230,GRN FP,10.592,11.224,11.424,11.541,11.685,11.758,11.838,11.891,11.931,11.974,12.021,12.046,12.078,12.108,12.142,12.184,12.215,12.246,12.275,12.297,12.324,12.354,12.377,12.411,12.431,12.452,12.473,12.492,12.515,12.54,12.557,12.574,12.593,12.619,12.637,12.662,12.678,12.694,12.717,12.742,12.759,12.786,12.798,12.822,12.839,12.857,12.876,12.892,12.917,12.939,12.957,12.971,12.994,13.017,13.036,13.051,13.071,13.09,13.107,13.129,13.149,13.169,13.185,13.203,13.221,13.24,13.262,13.282,13.301,13.318,13.334,13.354,13.384,13.407,13.427,13.45,13.476,13.496,13.522,13.554,13.578,13.611,13.637,13.662,13.692,13.716,13.75,13.785,13.811,13.846,13.879,13.928,13.991,14.055,14.122,14.185,14.246,14.336,14.448,14.602,15.239
1231,GRN FP,10.592,11.224,11.424,11.541,11.685,11.758,11.838,11.891,11.931,11.974,12.021,12.046,12.078,12.108,12.142,12.184,12.215,12.246,12.275,12.297,12.324,12.354,12.377,12.411,12.431,12.452,12.473,12.492,12.515,12.54,12.557,12.574,12.593,12.619,12.637,12.662,12.678,12.694,12.717,12.742,12.759,12.786,12.798,12.822,12.839,12.857,12.876,12.892,12.917,12.939,12.957,12.971,12.994,13.017,13.036,13.051,13.071,13.09,13.107,13.129,13.149,13.169,13.185,13.203,13.221,13.24,13.262,13.282,13.301,13.318,13.334,13.354,13.384,13.407,13.427,13.45,13.476,13.496,13.522,13.554,13.578,13.611,13.637,13.662,13.692,13.716,13.75,13.785,13.811,13.846,13.879,13.928,13.991,14.055,14.122,14.185,14.246,14.336,14.448,14.602,15.239
1232,GRN FP,10.556,11.159,11.364,11.541,11.62,11.716,11.772,11.825,11.879,11.916,11.962,11.995,12.033,12.067,12.098,12.139,12.167,12.2,12.23,12.258,12.282,12.31,12.334,12.358,12.382,12.404,12.427,12.445,12.467,12.488,12.516,12.54,12.562,12.586,12.606,12.63,12.659,12.683,12.703,12.72,12.736,12.756,12.775,12.797,12.81,12.825,12.843,12.859,12.879,12.896,12.916,12.935,12.956,12.976,12.999,13.02,13.034,13.058,13.077,13.101,13.121,13.136,13.159,13.176,13.199,13.218,13.238,13.252,13.274,13.296,13.315,13.339,13.365,13.387,13.41,13.428,13.455,13.478,13.504,13.532,13.559,13.59,13.617,13.641,13.671,13.708,13.734,13.775,13.814,13.852,13.891,13.943,13.987,14.021,14.083,14.152,14.229,14.317,14.45,14.614,15.221
1233,GRN FP,10.556,11.159,11.364,11.541,11.62,11.716,11.772,11.825,11.879,11.916,11.962,11.995,12.033,12.067,12.098,12.139,12.167,12.2,12.23,12.258,12.282,12.31,12.334,12.358,12.382,12.404,12.427,12.445,12.467,12.488,12.516,12.54,12.562,12.586,12.606,12.63,12.659,12.683,12.703,12.72,12.736,12.756,12.775,12.797,12.81,12.825,12.843,12.859,12.879,12.896,12.916,12.935,12.956,12.976,12.999,13.02,13.034,13.058,13.077,13.101,13.121,13.136,13.159,13.176,13.199,13.218,13.238,13.252,13.274,13.296,13.315,13.339,13.365,13.387,13.41,13.428,13.455,13.478,13.504,13.532,13.559,13.59,13.617,13.641,13.671,13.708,13.734,13.775,13.814,13.852,13.891,13.943,13.987,14.021,14.083,14.152,14.229,14.317,14.45,14.614,15.221
1234,GRN FP,10.536,11.193,11.416,11.528,11.6,11.667,11.734,11.795,11.838,11.889,11.927,11.952,11.987,12.015,12.054,12.09,12.119,12.153,12.176,12.208,12.229,12.251,12.281,12.303,12.337,12.364,12.386,12.418,12.446,12.473,12.493,12.515,12.542,12.564,12.584,12.603,12.625,12.642,12.659,12.677,12.698,12.715,12.739,12.757,12.781,12.798,12.811,12.833,12.847,12.861,12.878,12.897,12.915,12.93,12.948,12.971,12.988,13.006,13.027,13.046,13.066,13.086,13.105,13.122,13.139,13.163,13.182,13.2,13.231,13.255,13.276,13.298,13.317,13.338,13.358,13.383,13.41,13.441,13.469,13.491,13.51,13.544,13.573,13.607,13.637,13.669,13.699,13.737,13.787,13.819,13.877,13.923,13.957,14.003,14.054,14.116,14.192,14.275,14.425,14.634,15.219
1235,GRN FP,10.536,11.193,11.416,11.528,11.6,11.667,11.734,11.795,11.838,11.889,11.927,11.952,11.987,12.015,12.054,12.09,12.119,12.153,12.176,12.208,12.229,12.251,12.281,12.303,12.337,12.364,12.386,12.418,12.446,12.473,12.493,12.515,12.542,12.564,12.584,12.603,12.625,12.642,12.659,12.677,12.698,12.715,12.739,12.757,12.781,12.798,12.811,12.833,12.847,12.861,12.878,12.897,12.915,12.93,12.948,12.971,12.988,13.006,13.027,13.046,13.066,13.086,13.105,13.122,13.139,13.163,13.182,13.2,13.231,13.255,13.276,13.298,13.317,13.338,13.358,13.383,13.41,13.441,13.469,13.491,13.51,13.544,13.573,13.607,13.637,13.669,13.699,13.737,13.787,13.819,13.877,13.923,13.957,14.003,14.054,14.116,14.192,14.275,14.425,14.634,15.219
1236,GRN FP,10.487,11.179,11.409,11.512,11.594,11.674,11.731,11.787,11.833,11.869,11.911,11.944,11.978,12.025,12.058,12.09,12.118,12.144,12.171,12.194,12.22,12.243,12.266,12.285,12.319,12.346,12.371,12.396,12.412,12.431,12.453,12.477,12.501,12.523,12.552,12.572,12.594,12.609,12.623,12.64,12.655,12.67,12.692,12.709,12.732,12.749,12.763,12.778,12.798,12.813,12.829,12.85,12.869,12.886,12.907,12.921,12.945,12.964,12.986,13.01,13.032,13.05,13.07,13.088,13.103,13.123,13.142,13.168,13.19,13.207,13.23,13.257,13.284,13.305,13.328,13.35,13.37,13.393,13.42,13.444,13.47,13.495,13.523,13.546,13.575,13.61,13.633,13.671,13.713,13.761,13.794,13.825,13.872,13.946,14.018,14.1,14.175,14.291,14.409,14.577,15.142
1237,GRN FP,10.487,11.179,11.409,11.512,11.594,11.674,11.731,11.787,11.833,11.869,11.911,11.944,11.978,12.025,12.058,12.09,12.118,12.144,12.171,12.194,12.22,12.243,12.266,12.285,12.319,12.346,12.371,12.396,12.412,12.431,12.453,12.477,12.501,12.523,12.552,12.572,12.594,12.609,12.623,12.64,12.655,12.67,12.692,12.709,12.732,12.749,12.763,12.778,12.798,12.813,12.829,12.85,12.869,12.886,12.907,12.921,12.945,12.964,12.986,13.01,13.032,13.05,13.07,13.088,13.103,13.123,13.142,13.168,13.19,13.207,13.23,13.257,13.284,13.305,13.328,13.35,13.37,13.393,13.42,13.444,13.47,13.495,13.523,13.546,13.575,13.61,13.633,13.671,13.713,13.761,13.794,13.825,13.872,13.946,14.018,14.1,14.175,14.291,14.409,14.577,15.142
1238,GRN FP,10.788,11.194,11.397,11.488,11.595,11.672,11.729,11.79,11.833,11.877,11.92,11.957,11.992,12.021,12.053,12.094,12.121,12.144,12.172,12.196,12.214,12.238,12.26,12.289,12.312,12.338,12.358,12.368,12.393,12.414,12.438,12.462,12.48,12.507,12.529,12.547,12.566,12.585,12.602,12.617,12.633,12.651,12.673,12.697,12.716,12.733,12.752,12.775,12.792,12.806,12.828,12.846,12.863,12.878,12.895,12.915,12.932,12.949,12.965,12.978,12.995,13.015,13.036,13.058,13.076,13.098,13.122,13.141,13.157,13.178,13.192,13.21,13.228,13.245,13.269,13.286,13.312,13.337,13.361,13.384,13.408,13.437,13.463,13.497,13.529,13.557,13.589,13.627,13.664,13.693,13.748,13.796,13.845,13.898,13.965,14.027,14.09,14.21,14.318,14.486,14.966
1239,GRN FP,10.788,11.194,11.397,11.488,11.595,11.672,11.729,11.79,11.833,11.877,11.92,11.957,11.992,12.021,12.053,12.094,12.121,12.144,12.172,12.196,12.214,12.238,12.26,12.289,12.312,12.338,12.358,12.368,12.393,12.414,12.438,12.462,12.48,12.507,12.529,12.547,12.566,12.585,12.602,12.617,12.633,12.651,12.673,12.697,12.716,12.733,12.752,12.775,12.792,12.806,12.828,12.846,12.863,12.878,12.895,12.915,12.932,12.949,12.965,12.978,12.995,13.015,13.036,13.058,13.076,13.098,13.122,13.141,13.157,13.178,13.192,13.21,13.228,13.245,13.269,13.286,13.312,13.337,13.361,13.384,13.408,13.437,13.463,13.497,13.529,13.557,13.589,13.627,13.664,13.693,13.748,13.796,13.845,13.898,13.965,14.027,14.09,14.21,14.318,14.486,14.966
1240,GRN FP,10.698,11.159,11.365,11.472,11.55,11.643,11.701,11.766,11.805,11.862,11.894,11.932,11.969,12.007,12.042,12.068,12.102,12.129,12.156,12.183,12.214,12.232,12.253,12.268,12.294,12.319,12.335,12.354,12.378,12.4,12.422,12.44,12.458,12.485,12.5,12.518,12.536,12.555,12.575,12.596,12.613,12.632,12.648,12.667,12.684,12.705,12.724,12.745,12.763,12.781,12.8,12.814,12.828,12.843,12.864,12.875,12.895,12.913,12.937,12.954,12.977,12.998,13.016,13.031,13.05,13.072,13.093,13.112,13.128,13.148,13.163,13.185,13.205,13.23,13.252,13.279,13.305,13.334,13.358,13.385,13.411,13.451,13.485,13.512,13.543,13.562,13.582,13.611,13.642,13.688,13.724,13.772,13.815,13.855,13.918,14.005,14.07,14.18,14.295,14.499,15.018
1241,GRN FP,10.698,11.159,11.365,11.472,11.55,11.643,11.701,11.766,11.805,11.862,11.894,11.932,11.969,12.007,12.042,12.068,12.102,12.129,12.156,12.183,12.214,12.232,12.253,12.268,12.294,12.319,12.335,12.354,12.378,12.4,12.422,12.44,12.458,12.485,12.5,12.518,12.536,12.555,12.575,12.596,12.613,12.632,12.648,12.667,12.684,12.705,12.724,12.745,12.763,12.781,12.8,12.814,12.828,12.843,12.864,12.875,12.895,12.913,12.937,12.954,12.977,12.998,13.016,13.031,13.05,13.072,13.093,13.112,13.128,13.148,13.163,13.185,13.205,13.23,13.252,13.279,13.305,13.334,13.358,13.385,13.411,13.451,13.485,13.512,13.543,13.562,13.582,13.611,13.642,13.688,13.724,13.772,13.815,13.855,13.918,14.005,14.07,14.18,14.295,14.499,15.018
1242,GRN FP,10.661,11.262,11.417,11.512,11.588,11.659,11.701,11.749,11.801,11.849,11.891,11.918,11.952,11.993,12.029,12.063,12.09,12.118,12.143,12.174,12.202,12.228,12.249,12.269,12.292,12.319,12.34,12.358,12.378,12.393,12.41,12.429,12.443,12.461,12.479,12.497,12.516,12.536,12.556,12.576,12.594,12.615,12.634,12.654,12.67,12.689,12.704,12.724,12.739,12.756,12.775,12.791,12.807,12.826,12.847,12.874,12.896,12.914,12.934,12.948,12.964,12.983,12.997,13.01,13.025,13.045,13.068,13.09,13.112,13.133,13.154,13.174,13.193,13.208,13.224,13.243,13.268,13.287,13.307,13.334,13.358,13.386,13.411,13.444,13.472,13.515,13.551,13.591,13.617,13.659,13.699,13.731,13.777,13.822,13.88,13.958,14.038,14.133,14.265,14.438,14.949
1243,GRN FP,10.661,11.262,11.417,11.512,11.588,11.659,11.701,11.749,11.801,11.849,11.891,11.918,11.952,11.993,12.029,12.063,12.09,12.118,12.143,12.174,12.202,12.228,12.249,12.269,12.292,12.319,12.34,12.358,12.378,12.393,12.41,12.429,12.443,12.461,12.479,12.497,12.516,12.536,12.556,12.576,12.594,12.615,12.634,12.654,12.67,12.689,12.704,12.724,12.739,12.756,12.775,12.791,12.807,12.826,12.847,12.874,12.896,12.914,12.934,12.948,12.964,12.983,12.997,13.01,13.025,13.045,13.068,13.09,13.112,13.133,13.154,13.174,13.193,13.208,13.224,13.243,13.268,13.287,13.307,13.334,13.358,13.386,13.411,13.444,13.472,13.515,13.551,13.591,13.617,13.659,13.699,13.731,13.777,13.822,13.88,13.958,14.038,14.133,14.265,14.438,14.949
1244,GRN FP,10.708,11.145,11.335,11.457,11.531,11.583,11.649,11.719,11.765,11.808,11.849,11.891,11.923,11.954,11.991,12.019,12.049,12.076,12.109,12.132,12.164,12.186,12.205,12.229,12.25,12.272,12.294,12.322,12.343,12.366,12.384,12.402,12.421,12.438,12.46,12.482,12.507,12.528,12.552,12.575,12.592,12.614,12.633,12.65,12.664,12.682,12.701,12.719,12.738,12.759,12.774,12.787,12.8,12.82,12.84,12.858,12.872,12.895,12.918,12.939,12.959,12.981,12.999,13.016,13.033,13.053,13.073,13.087,13.109,13.13,13.15,13.17,13.192,13.215,13.236,13.26,13.282,13.315,13.339,13.367,13.392,13.422,13.45,13.485,13.516,13.552,13.582,13.621,13.647,13.695,13.735,13.77,13.825,13.877,13.941,13.994,14.061,14.181,14.3,14.507,15.124
1245,GRN FP,10.708,11.145,11.335,11.457,11.531,11.583,11.649,11.719,11.765,11.808,11.849,11.891,11.923,11.954,11.991,12.019,12.049,12.076,12.109,12.132,12.164,12.186,12.205,12.229,12.25,12.272,12.294,12.322,12.343,12.366,12.384,12.402,12.421,12.438,12.46,12.482,12.507,12.528,12.552,12.575,12.592,12.614,12.633,12.65,12.664,12.682,12.701,12.719,12.738,12.759,12.774,12.787,12.8,12.82,12.84,12.858,12.872,12.895,12.918,12.939,12.959,12.981,12.999,13.016,13.033,13.053,13.073,13.087,13.109,13.13,13.15,13.17,13.192,13.215,13.236,13.26,13.282,13.315,13.339,13.367,13.392,13.422,13.45,13.485,13.516,13.552,13.582,13.621,13.647,13.695,13.735,13.77,13.825,13.877,13.941,13.994,14.061,14.181,14.3,14.507,15.124
1246,GRN FP,10.528,11.104,11.244,11.341,11.432,11.539,11.595,11.66,11.715,11.756,11.789,11.831,11.872,11.913,11.948,11.973,12.009,12.039,12.058,12.089,12.109,12.132,12.159,12.185,12.212,12.236,12.262,12.292,12.318,12.349,12.366,12.39,12.412,12.437,12.461,12.481,12.496,12.523,12.537,12.559,12.583,12.607,12.625,12.643,12.659,12.675,12.69,12.706,12.732,12.757,12.77,12.793,12.812,12.834,12.847,12.863,12.883,12.895,12.913,12.924,12.946,12.962,12.982,13.003,13.029,13.05,13.07,13.092,13.113,13.13,13.162,13.19,13.212,13.239,13.262,13.286,13.308,13.326,13.348,13.374,13.395,13.422,13.452,13.481,13.502,13.535,13.56,13.587,13.626,13.667,13.709,13.745,13.797,13.848,13.907,13.98,14.073,14.177,14.324,14.529,15.134
1247,GRN FP,10.528,11.104,11.244,11.341,11.432,11.539,11.595,11.66,11.715,11.756,11.789,11.831,11.872,11.913,11.948,11.973,12.009,12.039,12.058,12.089,12.109,12.132,12.159,12.185,12.212,12.236,12.262,12.292,12.318,12.349,12.366,12.39,12.412,12.437,12.461,12.481,12.496,12.523,12.537,12.559,12.583,12.607,12.625,12.643,12.659,12.675,12.69,12.706,12.732,12.757,12.77,12.793,12.812,12.834,12.847,12.863,12.883,12.895,12.913,12.924,12.946,12.962,12.982,13.003,13.029,13.05,13.07,13.092,13.113,13.13,13.162,13.19,13.212,13.239,13.262,13.286,13.308,13.326,13.348,13.374,13.395,13.422,13.452,13.481,13.502,13.535,13.56,13.587,13.626,13.667,13.709,13.745,13.797,13.848,13.907,13.98,14.073,14.177,14.324,14.529,15.134
1248,GRN FP,10.62,11.059,11.255,11.382,11.43,11.51,11.577,11.635,11.68,11.723,11.781,11.832,11.857,11.888,11.921,11.952,11.983,12.016,12.044,12.066,12.094,12.112,12.142,12.172,12.2,12.231,12.252,12.272,12.296,12.317,12.335,12.357,12.381,12.401,12.429,12.448,12.468,12.485,12.505,12.523,12.542,12.568,12.587,12.608,12.63,12.65,12.668,12.687,12.709,12.729,12.747,12.77,12.787,12.806,12.826,12.84,12.859,12.88,12.897,12.918,12.938,12.955,12.976,13.0,13.019,13.039,13.056,13.078,13.095,13.118,13.136,13.159,13.178,13.203,13.228,13.25,13.268,13.298,13.318,13.337,13.366,13.397,13.424,13.443,13.477,13.512,13.543,13.577,13.611,13.663,13.7,13.74,13.802,13.859,13.917,14.009,14.094,14.184,14.347,14.525,15.074
1249,GRN FP,10.62,11.059,11.255,11.382,11.43,11.51,11.577,11.635,11.68,11.723,11.781,11.832,11.857,11.888,11.921,11.952,11.983,12.016,12.044,12.066,12.094,12.112,12.142,12.172,12.2,12.231,12.252,12.272,12.296,12.317,12.335,12.357,12.381,12.401,12.429,12.448,12.468,12.485,12.505,12.523,12.542,12.568,12.587,12.608,12.63,12.65,12.668,12.687,12.709,12.729,12.747,12.77,12.787,12.806,12.826,12.84,12.859,12.88,12.897,12.918,12.938,12.955,12.976,13.0,13.019,13.039,13.056,13.078,13.095,13.118,13.136,13.159,13.178,13.203,13.228,13.25,13.268,13.298,13.318,13.337,13.366,13.397,13.424,13.443,13.477,13.512,13.543,13.577,13.611,13.663,13.7,13.74,13.802,13.859,13.917,14.009,14.094,14.184,14.347,14.525,15.074
1250,GRN FP,10.536,11.028,11.221,11.344,11.448,11.526,11.597,11.646,11.681,11.724,11.774,11.81,11.845,11.879,11.903,11.941,11.972,11.999,12.021,12.047,12.077,12.105,12.132,12.157,12.184,12.215,12.241,12.266,12.286,12.306,12.328,12.354,12.367,12.387,12.41,12.431,12.451,12.475,12.5,12.524,12.54,12.561,12.579,12.596,12.615,12.637,12.658,12.677,12.697,12.722,12.745,12.764,12.781,12.799,12.82,12.838,12.863,12.883,12.901,12.919,12.935,12.954,12.971,12.988,13.005,13.031,13.058,13.079,13.103,13.126,13.146,13.167,13.191,13.207,13.228,13.254,13.276,13.307,13.327,13.349,13.37,13.393,13.418,13.459,13.484,13.509,13.538,13.574,13.608,13.635,13.678,13.737,13.786,13.832,13.897,13.963,14.051,14.169,14.332,14.51,14.979
1251,GRN FP,10.536,11.028,11.221,11.344,11.448,11.526,11.597,11.646,11.681,11.724,11.774,11.81,11.845,11.879,11.903,11.941,11.972,11.999,12.021,12.047,12.077,12.105,12.132,12.157,12.184,12.215,12.241,12.266,12.286,12.306,12.328,12.354,12.367,12.387,12.41,12.431,12.451,12.475,12.5,12.524,12.54,12.561,12.579,12.596,12.615,12.637,12.658,12.677,12.697,12.722,12.745,12.764,12.781,12.799,12.82,12.838,12.863,12.883,12.901,12.919,12.935,12.954,12.971,12.988,13.005,13.031,13.058,13.079,13.103,13.126,13.146,13.167,13.191,13.207,13.228,13.254,13.276,13.307,13.327,13.349,13.37,13.393,13.418,13.459,13.484,13.509,13.538,13.574,13.608,13.635,13.678,13.737,13.786,13.832,13.897,13.963,14.051,14.169,14.332,14.51,14.979
1252,GRN FP,10.381,10.933,11.118,11.248,11.333,11.42,11.482,11.532,11.59,11.651,11.705,11.754,11.793,11.833,11.866,11.903,11.934,11.964,11.99,12.023,12.055,12.086,12.116,12.146,12.169,12.193,12.215,12.247,12.269,12.291,12.315,12.334,12.358,12.379,12.399,12.416,12.44,12.462,12.482,12.508,12.526,12.556,12.578,12.594,12.621,12.637,12.652,12.672,12.694,12.714,12.73,12.755,12.777,12.793,12.816,12.836,12.86,12.879,12.898,12.917,12.938,12.96,12.983,13.001,13.024,13.046,13.066,13.081,13.113,13.135,13.163,13.184,13.207,13.235,13.261,13.285,13.315,13.338,13.368,13.39,13.42,13.455,13.482,13.507,13.53,13.561,13.585,13.626,13.668,13.705,13.775,13.828,13.877,13.925,13.991,14.038,14.123,14.278,14.412,14.613,15.126
1253,GRN FP,10.381,10.933,11.118,11.248,11.333,11.42,11.482,11.532,11.59,11.651,11.705,11.754,11.793,11.833,11.866,11.903,11.934,11.964,11.99,12.023,12.055,12.086,12.116,12.146,12.169,12.193,12.215,12.247,12.269,12.291,12.315,12.334,12.358,12.379,12.399,12.416,12.44,12.462,12.482,12.508,12.526,12.556,12.578,12.594,12.621,12.637,12.652,12.672,12.694,12.714,12.73,12.755,12.777,12.793,12.816,12.836,12.86,12.879,12.898,12.917,12.938,12.96,12.983,13.001,13.024,13.046,13.066,13.081,13.113,13.135,13.163,13.184,13.207,13.235,13.261,13.285,13.315,13.338,13.368,13.39,13.42,13.455,13.482,13.507,13.53,13.561,13.585,13.626,13.668,13.705,13.775,13.828,13.877,13.925,13.991,14.038,14.123,14.278,14.412,14.613,15.126
1254,GRN FP,10.189,10.82,11.006,11.145,11.267,11.349,11.434,11.476,11.547,11.607,11.652,11.695,11.752,11.788,11.832,11.867,11.904,11.931,11.964,11.99,12.018,12.043,12.075,12.107,12.142,12.169,12.197,12.223,12.25,12.275,12.296,12.321,12.342,12.363,12.386,12.403,12.426,12.447,12.466,12.484,12.509,12.525,12.549,12.571,12.592,12.613,12.631,12.653,12.678,12.702,12.728,12.749,12.764,12.78,12.804,12.823,12.843,12.863,12.883,12.907,12.939,12.963,12.987,13.002,13.02,13.045,13.076,13.102,13.126,13.154,13.183,13.206,13.235,13.263,13.295,13.325,13.35,13.371,13.397,13.424,13.446,13.485,13.521,13.548,13.584,13.618,13.663,13.694,13.725,13.775,13.804,13.856,13.907,13.969,14.029,14.081,14.198,14.318,14.474,14.726,15.281
1255,GRN FP,10.189,10.82,11.006,11.145,11.267,11.349,11.434,11.476,11.547,11.607,11.652,11.695,11.752,11.788,11.832,11.867,11.904,11.931,11.964,11.99,12.018,12.043,12.075,12.107,12.142,12.169,12.197,12.223,12.25,12.275,12.296,12.321,12.342,12.363,12.386,12.403,12.426,12.447,12.466,12.484,12.509,12.525,12.549,12.571,12.592,12.613,12.631,12.653,12.678,12.702,12.728,12.749,12.764,12.78,12.804,12.823,12.843,12.863,12.883,12.907,12.939,12.963,12.987,13.002,13.02,13.045,13.076,13.102,13.126,13.154,13.183,13.206,13.235,13.263,13.295,13.325,13.35,13.371,13.397,13.424,13.446,13.485,13.521,13.548,13.584,13.618,13.663,13.694,13.725,13.775,13.804,13.856,13.907,13.969,14.029,14.081,14.198,14.318,14.474,14.726,15.281
1256,GRN FP,10.123,10.705,10.945,11.093,11.179,11.279,11.37,11.42,11.488,11.533,11.58,11.649,11.685,11.725,11.776,11.81,11.85,11.882,11.917,11.949,11.985,12.012,12.047,12.079,12.106,12.131,12.156,12.181,12.202,12.226,12.248,12.271,12.29,12.312,12.333,12.358,12.384,12.421,12.442,12.463,12.488,12.51,12.531,12.554,12.574,12.595,12.629,12.652,12.683,12.706,12.727,12.746,12.773,12.794,12.818,12.843,12.86,12.888,12.912,12.935,12.953,12.977,12.999,13.024,13.05,13.072,13.097,13.127,13.155,13.179,13.203,13.227,13.252,13.285,13.309,13.339,13.366,13.402,13.436,13.459,13.489,13.515,13.544,13.571,13.608,13.647,13.685,13.731,13.78,13.82,13.87,13.913,13.96,14.037,14.103,14.199,14.278,14.404,14.535,14.793,15.337
1257,GRN FP,10.123,10.705,10.945,11.093,11.179,11.279,11.37,11.42,11.488,11.533,11.58,11.649,11.685,11.725,11.776,11.81,11.85,11.882,11.917,11.949,11.985,12.012,12.047,12.079,12.106,12.131,12.156,12.181,12.202,12.226,12.248,12.271,12.29,12.312,12.333,12.358,12.384,12.421,12.442,12.463,12.488,12.51,12.531,12.554,12.574,12.595,12.629,12.652,12.683,12.706,12.727,12.746,12.773,12.794,12.818,12.843,12.86,12.888,12.912,12.935,12.953,12.977,12.999,13.024,13.05,13.072,13.097,13.127,13.155,13.179,13.203,13.227,13.252,13.285,13.309,13.339,13.366,13.402,13.436,13.459,13.489,13.515,13.544,13.571,13.608,13.647,13.685,13.731,13.78,13.82,13.87,13.913,13.96,14.037,14.103,14.199,14.278,14.404,14.535,14.793,15.337
1258,GRN FP,10.034,10.582,10.815,10.96,11.079,11.191,11.283,11.386,11.454,11.527,11.58,11.626,11.677,11.721,11.765,11.801,11.84,11.882,11.913,11.95,11.982,12.016,12.044,12.068,12.1,12.127,12.153,12.186,12.207,12.233,12.257,12.276,12.299,12.318,12.346,12.37,12.396,12.417,12.443,12.468,12.491,12.518,12.543,12.567,12.59,12.61,12.633,12.654,12.673,12.691,12.717,12.746,12.767,12.784,12.805,12.832,12.859,12.879,12.899,12.917,12.943,12.967,12.994,13.018,13.046,13.068,13.098,13.129,13.154,13.174,13.198,13.235,13.26,13.287,13.314,13.344,13.376,13.411,13.444,13.47,13.502,13.525,13.558,13.588,13.626,13.659,13.701,13.736,13.794,13.844,13.898,13.936,13.991,14.057,14.13,14.221,14.299,14.421,14.553,14.905,15.685
1259,GRN FP,10.034,10.582,10.815,10.96,11.079,11.191,11.283,11.386,11.454,11.527,11.58,11.626,11.677,11.721,11.765,11.801,11.84,11.882,11.913,11.95,11.982,12.016,12.044,12.068,12.1,12.127,12.153,12.186,12.207,12.233,12.257,12.276,12.299,12.318,12.346,12.37,12.396,12.417,12.443,12.468,12.491,12.518,12.543,12.567,12.59,12.61,12.633,12.654,12.673,12.691,12.717,12.746,12.767,12.784,12.805,12.832,12.859,12.879,12.899,12.917,12.943,12.967,12.994,13.018,13.046,13.068,13.098,13.129,13.154,13.174,13.198,13.235,13.26,13.287,13.314,13.344,13.376,13.411,13.444,13.47,13.502,13.525,13.558,13.588,13.626,13.659,13.701,13.736,13.794,13.844,13.898,13.936,13.991,14.057,14.13,14.221,14.299,14.421,14.553,14.905,15.685
1260,GRN FP,9.928,10.496,10.839,10.983,11.084,11.185,11.263,11.341,11.412,11.471,11.514,11.558,11.612,11.658,11.72,11.764,11.802,11.843,11.867,11.9,11.925,11.957,11.99,12.022,12.061,12.097,12.129,12.155,12.185,12.213,12.231,12.26,12.283,12.31,12.336,12.37,12.398,12.417,12.44,12.465,12.491,12.514,12.539,12.56,12.583,12.605,12.628,12.651,12.673,12.7,12.725,12.744,12.764,12.783,12.815,12.835,12.856,12.879,12.901,12.925,12.951,12.975,12.998,13.019,13.044,13.07,13.094,13.12,13.147,13.174,13.202,13.232,13.262,13.293,13.323,13.351,13.386,13.414,13.44,13.472,13.509,13.553,13.592,13.642,13.674,13.706,13.749,13.783,13.817,13.863,13.924,13.986,14.037,14.099,14.182,14.266,14.374,14.514,14.656,14.878,15.576
1261,GRN FP,9.928,10.496,10.839,10.983,11.084,11.185,11.263,11.341,11.412,11.471,11.514,11.558,11.612,11.658,11.72,11.764,11.802,11.843,11.867,11.9,11.925,11.957,11.99,12.022,12.061,12.097,12.129,12.155,12.185,12.213,12.231,12.26,12.283,12.31,12.336,12.37,12.398,12.417,12.44,12.465,12.491,12.514,12.539,12.56,12.583,12.605,12.628,12.651,12.673,12.7,12.725,12.744,12.764,12.783,12.815,12.835,12.856,12.879,12.901,12.925,12.951,12.975,12.998,13.019,13.044,13.07,13.094,13.12,13.147,13.174,13.202,13.232,13.262,13.293,13.323,13.351,13.386,13.414,13.44,13.472,13.509,13.553,13.592,13.642,13.674,13.706,13.749,13.783,13.817,13.863,13.924,13.986,14.037,14.099,14.182,14.266,14.374,14.514,14.656,14.878,15.576
1262,GRN FP,9.876,10.488,10.82,10.943,11.082,11.156,11.234,11.32,11.375,11.424,11.481,11.529,11.583,11.627,11.662,11.7,11.741,11.778,11.824,11.85,11.896,11.931,11.958,12.0,12.035,12.063,12.091,12.133,12.158,12.188,12.214,12.235,12.26,12.292,12.316,12.343,12.375,12.408,12.431,12.458,12.486,12.507,12.529,12.551,12.57,12.591,12.614,12.633,12.659,12.693,12.719,12.748,12.765,12.786,12.804,12.826,12.854,12.879,12.9,12.921,12.949,12.978,13.005,13.029,13.053,13.082,13.112,13.136,13.163,13.189,13.214,13.246,13.27,13.295,13.327,13.361,13.392,13.417,13.445,13.48,13.521,13.555,13.591,13.638,13.67,13.706,13.751,13.785,13.82,13.875,13.923,13.984,14.031,14.127,14.202,14.283,14.4,14.524,14.705,14.929,15.606
1263,GRN FP,9.876,10.488,10.82,10.943,11.082,11.156,11.234,11.32,11.375,11.424,11.481,11.529,11.583,11.627,11.662,11.7,11.741,11.778,11.824,11.85,11.896,11.931,11.958,12.0,12.035,12.063,12.091,12.133,12.158,12.188,12.214,12.235,12.26,12.292,12.316,12.343,12.375,12.408,12.431,12.458,12.486,12.507,12.529,12.551,12.57,12.591,12.614,12.633,12.659,12.693,12.719,12.748,12.765,12.786,12.804,12.826,12.854,12.879,12.9,12.921,12.949,12.978,13.005,13.029,13.053,13.082,13.112,13.136,13.163,13.189,13.214,13.246,13.27,13.295,13.327,13.361,13.392,13.417,13.445,13.48,13.521,13.555,13.591,13.638,13.67,13.706,13.751,13.785,13.82,13.875,13.923,13.984,14.031,14.127,14.202,14.283,14.4,14.524,14.705,14.929,15.606
1264,GRN FP,9.736,10.532,10.751,10.937,11.035,11.143,11.232,11.296,11.381,11.43,11.488,11.528,11.572,11.62,11.663,11.691,11.732,11.767,11.813,11.849,11.883,11.914,11.957,11.986,12.029,12.056,12.098,12.122,12.154,12.186,12.211,12.232,12.262,12.287,12.315,12.339,12.37,12.389,12.419,12.45,12.476,12.51,12.537,12.56,12.583,12.607,12.634,12.66,12.687,12.708,12.733,12.753,12.776,12.801,12.82,12.847,12.868,12.891,12.909,12.933,12.954,12.983,13.005,13.033,13.062,13.093,13.118,13.14,13.17,13.201,13.23,13.267,13.297,13.326,13.35,13.384,13.422,13.454,13.48,13.516,13.544,13.577,13.608,13.647,13.678,13.727,13.757,13.806,13.85,13.905,13.965,14.038,14.099,14.164,14.229,14.297,14.385,14.526,14.686,14.949,15.759
1265,GRN FP,9.736,10.532,10.751,10.937,11.035,11.143,11.232,11.296,11.381,11.43,11.488,11.528,11.572,11.62,11.663,11.691,11.732,11.767,11.813,11.849,11.883,11.914,11.957,11.986,12.029,12.056,12.098,12.122,12.154,12.186,12.211,12.232,12.262,12.287,12.315,12.339,12.37,12.389,12.419,12.45,12.476,12.51,12.537,12.56,12.583,12.607,12.634,12.66,12.687,12.708,12.733,12.753,12.776,12.801,12.82,12.847,12.868,12.891,12.909,12.933,12.954,12.983,13.005,13.033,13.062,13.093,13.118,13.14,13.17,13.201,13.23,13.267,13.297,13.326,13.35,13.384,13.422,13.454,13.48,13.516,13.544,13.577,13.608,13.647,13.678,13.727,13.757,13.806,13.85,13.905,13.965,14.038,14.099,14.164,14.229,14.297,14.385,14.526,14.686,14.949,15.759
1266,GRN FP,9.716,10.57,10.779,10.922,11.012,11.112,11.214,11.313,11.37,11.428,11.482,11.521,11.563,11.615,11.654,11.705,11.748,11.78,11.817,11.854,11.882,11.926,11.963,11.991,12.023,12.057,12.086,12.112,12.144,12.167,12.191,12.221,12.246,12.278,12.307,12.335,12.374,12.399,12.42,12.449,12.47,12.504,12.525,12.55,12.576,12.598,12.622,12.644,12.668,12.692,12.72,12.75,12.774,12.803,12.824,12.846,12.872,12.897,12.922,12.945,12.973,13.001,13.025,13.042,13.064,13.09,13.114,13.141,13.163,13.186,13.213,13.244,13.275,13.308,13.342,13.378,13.417,13.452,13.479,13.503,13.536,13.57,13.61,13.662,13.703,13.736,13.771,13.817,13.854,13.906,13.975,14.03,14.112,14.167,14.254,14.345,14.427,14.522,14.689,14.931,15.65
1267,GRN FP,9.716,10.57,10.779,10.922,11.012,11.112,11.214,11.313,11.37,11.428,11.482,11.521,11.563,11.615,11.654,11.705,11.748,11.78,11.817,11.854,11.882,11.926,11.963,11.991,12.023,12.057,12.086,12.112,12.144,12.167,12.191,12.221,12.246,12.278,12.307,12.335,12.374,12.399,12.42,12.449,12.47,12.504,12.525,12.55,12.576,12.598,12.622,12.644,12.668,12.692,12.72,12.75,12.774,12.803,12.824,12.846,12.872,12.897,12.922,12.945,12.973,13.001,13.025,13.042,13.064,13.09,13.114,13.141,13.163,13.186,13.213,13.244,13.275,13.308,13.342,13.378,13.417,13.452,13.479,13.503,13.536,13.57,13.61,13.662,13.703,13.736,13.771,13.817,13.854,13.906,13.975,14.03,14.112,14.167,14.254,14.345,14.427,14.522,14.689,14.931,15.65
1268,GRN FP,9.632,10.5,10.749,10.882,11.002,11.071,11.183,11.257,11.329,11.4,11.459,11.503,11.563,11.615,11.666,11.708,11.742,11.776,11.812,11.853,11.893,11.925,11.961,11.982,12.007,12.04,12.072,12.102,12.133,12.161,12.188,12.218,12.246,12.278,12.311,12.34,12.371,12.395,12.418,12.444,12.473,12.496,12.521,12.538,12.566,12.587,12.608,12.634,12.666,12.69,12.714,12.74,12.769,12.794,12.819,12.844,12.874,12.902,12.929,12.951,12.982,13.008,13.034,13.054,13.075,13.1,13.126,13.152,13.173,13.194,13.223,13.254,13.281,13.303,13.33,13.361,13.386,13.43,13.467,13.506,13.561,13.605,13.639,13.677,13.712,13.757,13.796,13.842,13.877,13.935,13.991,14.05,14.1,14.172,14.251,14.354,14.452,14.584,14.762,14.976,15.953
1269,GRN FP,9.632,10.5,10.749,10.882,11.002,11.071,11.183,11.257,11.329,11.4,11.459,11.503,11.563,11.615,11.666,11.708,11.742,11.776,11.812,11.853,11.893,11.925,11.961,11.982,12.007,12.04,12.072,12.102,12.133,12.161,12.188,12.218,12.246,12.278,12.311,12.34,12.371,12.395,12.418,12.444,12.473,12.496,12.521,12.538,12.566,12.587,12.608,12.634,12.666,12.69,12.714,12.74,12.769,12.794,12.819,12.844,12.874,12.902,12.929,12.951,12.982,13.008,13.034,13.054,13.075,13.1,13.126,13.152,13.173,13.194,13.223,13.254,13.281,13.303,13.33,13.361,13.386,13.43,13.467,13.506,13.561,13.605,13.639,13.677,13.712,13.757,13.796,13.842,13.877,13.935,13.991,14.05,14.1,14.172,14.251,14.354,14.452,14.584,14.762,14.976,15.953
1270,GRN FP,9.761,10.427,10.684,10.88,11.018,11.113,11.184,11.242,11.315,11.395,11.461,11.517,11.577,11.629,11.66,11.696,11.732,11.774,11.809,11.852,11.891,11.917,11.954,11.984,12.016,12.052,12.082,12.11,12.138,12.167,12.203,12.223,12.246,12.274,12.3,12.329,12.36,12.394,12.418,12.45,12.475,12.506,12.53,12.556,12.587,12.613,12.636,12.655,12.676,12.702,12.731,12.755,12.78,12.807,12.836,12.857,12.892,12.913,12.938,12.96,12.986,13.004,13.028,13.049,13.077,13.102,13.123,13.15,13.186,13.212,13.239,13.263,13.288,13.312,13.339,13.38,13.414,13.45,13.489,13.525,13.564,13.592,13.621,13.656,13.691,13.724,13.769,13.825,13.878,13.939,13.986,14.043,14.109,14.164,14.238,14.351,14.44,14.562,14.735,14.955,15.775
1271,GRN FP,9.761,10.427,10.684,10.88,11.018,11.113,11.184,11.242,11.315,11.395,11.461,11.517,11.577,11.629,11.66,11.696,11.732,11.774,11.809,11.852,11.891,11.917,11.954,11.984,12.016,12.052,12.082,12.11,12.138,12.167,12.203,12.223,12.246,12.274,12.3,12.329,12.36,12.394,12.418,12.45,12.475,12.506,12.53,12.556,12.587,12.613,12.636,12.655,12.676,12.702,12.731,12.755,12.78,12.807,12.836,12.857,12.892,12.913,12.938,12.96,12.986,13.004,13.028,13.049,13.077,13.102,13.123,13.15,13.186,13.212,13.239,13.263,13.288,13.312,13.339,13.38,13.414,13.45,13.489,13.525,13.564,13.592,13.621,13.656,13.691,13.724,13.769,13.825,13.878,13.939,13.986,14.043,14.109,14.164,14.238,14.351,14.44,14.562,14.735,14.955,15.775
1272,GRN FP,9.497,10.349,10.567,10.718,10.838,10.966,11.052,11.164,11.235,11.302,11.363,11.425,11.484,11.541,11.581,11.617,11.651,11.682,11.722,11.763,11.815,11.856,11.884,11.92,11.953,11.982,12.011,12.041,12.071,12.114,12.145,12.186,12.214,12.242,12.27,12.302,12.327,12.356,12.379,12.409,12.435,12.463,12.486,12.523,12.545,12.57,12.593,12.618,12.659,12.689,12.718,12.743,12.771,12.803,12.832,12.86,12.893,12.918,12.943,12.972,12.998,13.025,13.048,13.075,13.115,13.154,13.178,13.21,13.236,13.262,13.285,13.314,13.342,13.383,13.41,13.444,13.469,13.494,13.529,13.554,13.593,13.638,13.683,13.713,13.752,13.799,13.837,13.88,13.922,13.973,14.025,14.105,14.185,14.263,14.344,14.42,14.531,14.695,14.851,15.104,16.051
1273,GRN FP,9.497,10.349,10.567,10.718,10.838,10.966,11.052,11.164,11.235,11.302,11.363,11.425,11.484,11.541,11.581,11.617,11.651,11.682,11.722,11.763,11.815,11.856,11.884,11.92,11.953,11.982,12.011,12.041,12.071,12.114,12.145,12.186,12.214,12.242,12.27,12.302,12.327,12.356,12.379,12.409,12.435,12.463,12.486,12.523,12.545,12.57,12.593,12.618,12.659,12.689,12.718,12.743,12.771,12.803,12.832,12.86,12.893,12.918,12.943,12.972,12.998,13.025,13.048,13.075,13.115,13.154,13.178,13.21,13.236,13.262,13.285,13.314,13.342,13.383,13.41,13.444,13.469,13.494,13.529,13.554,13.593,13.638,13.683,13.713,13.752,13.799,13.837,13.88,13.922,13.973,14.025,14.105,14.185,14.263,14.344,14.42,14.531,14.695,14.851,15.104,16.051
1274,GRN FP,10.29,10.859,11.097,11.251,11.362,11.492,11.576,11.633,11.7,11.745,11.8,11.851,11.895,11.94,11.984,12.019,12.053,12.091,12.122,12.146,12.18,12.208,12.23,12.255,12.276,12.3,12.323,12.345,12.365,12.388,12.407,12.438,12.466,12.485,12.509,12.532,12.552,12.57,12.597,12.617,12.64,12.659,12.678,12.694,12.715,12.744,12.762,12.781,12.802,12.826,12.85,12.872,12.89,12.919,12.94,12.967,12.996,13.018,13.039,13.06,13.082,13.104,13.124,13.142,13.167,13.191,13.213,13.245,13.269,13.292,13.316,13.338,13.361,13.391,13.414,13.443,13.464,13.499,13.527,13.563,13.59,13.624,13.649,13.69,13.729,13.766,13.813,13.855,13.897,13.939,14.001,14.064,14.11,14.181,14.246,14.318,14.411,14.53,14.693,14.958,15.685
1275,GRN FP,10.29,10.859,11.097,11.251,11.362,11.492,11.576,11.633,11.7,11.745,11.8,11.851,11.895,11.94,11.984,12.019,12.053,12.091,12.122,12.146,12.18,12.208,12.23,12.255,12.276,12.3,12.323,12.345,12.365,12.388,12.407,12.438,12.466,12.485,12.509,12.532,12.552,12.57,12.597,12.617,12.64,12.659,12.678,12.694,12.715,12.744,12.762,12.781,12.802,12.826,12.85,12.872,12.89,12.919,12.94,12.967,12.996,13.018,13.039,13.06,13.082,13.104,13.124,13.142,13.167,13.191,13.213,13.245,13.269,13.292,13.316,13.338,13.361,13.391,13.414,13.443,13.464,13.499,13.527,13.563,13.59,13.624,13.649,13.69,13.729,13.766,13.813,13.855,13.897,13.939,14.001,14.064,14.11,14.181,14.246,14.318,14.411,14.53,14.693,14.958,15.685
1276,GRN FP,10.452,10.918,11.191,11.314,11.395,11.474,11.573,11.643,11.709,11.751,11.799,11.843,11.888,11.93,11.978,12.008,12.035,12.072,12.114,12.147,12.171,12.194,12.224,12.248,12.278,12.306,12.332,12.353,12.375,12.401,12.422,12.442,12.463,12.484,12.508,12.53,12.55,12.571,12.596,12.617,12.635,12.655,12.681,12.701,12.723,12.743,12.76,12.781,12.802,12.821,12.844,12.863,12.882,12.9,12.92,12.941,12.964,12.982,13.004,13.027,13.045,13.071,13.086,13.106,13.13,13.151,13.171,13.189,13.207,13.236,13.258,13.279,13.302,13.325,13.347,13.369,13.395,13.423,13.454,13.484,13.521,13.553,13.59,13.624,13.648,13.695,13.726,13.761,13.806,13.843,13.89,13.939,13.999,14.055,14.118,14.196,14.263,14.376,14.514,14.731,15.531
1277,GRN FP,10.452,10.918,11.191,11.314,11.395,11.474,11.573,11.643,11.709,11.751,11.799,11.843,11.888,11.93,11.978,12.008,12.035,12.072,12.114,12.147,12.171,12.194,12.224,12.248,12.278,12.306,12.332,12.353,12.375,12.401,12.422,12.442,12.463,12.484,12.508,12.53,12.55,12.571,12.596,12.617,12.635,12.655,12.681,12.701,12.723,12.743,12.76,12.781,12.802,12.821,12.844,12.863,12.882,12.9,12.92,12.941,12.964,12.982,13.004,13.027,13.045,13.071,13.086,13.106,13.13,13.151,13.171,13.189,13.207,13.236,13.258,13.279,13.302,13.325,13.347,13.369,13.395,13.423,13.454,13.484,13.521,13.553,13.59,13.624,13.648,13.695,13.726,13.761,13.806,13.843,13.89,13.939,13.999,14.055,14.118,14.196,14.263,14.376,14.514,14.731,15.531
1278,GRN FP,10.486,10.994,11.242,11.373,11.464,11.548,11.626,11.674,11.738,11.775,11.827,11.874,11.922,11.956,11.984,12.012,12.049,12.076,12.108,12.136,12.175,12.199,12.228,12.251,12.274,12.304,12.321,12.342,12.369,12.391,12.413,12.434,12.452,12.472,12.494,12.511,12.531,12.545,12.563,12.583,12.607,12.626,12.648,12.668,12.687,12.704,12.722,12.742,12.762,12.786,12.803,12.82,12.841,12.864,12.886,12.907,12.922,12.94,12.964,12.992,13.018,13.032,13.044,13.066,13.089,13.11,13.131,13.147,13.174,13.189,13.204,13.225,13.244,13.267,13.294,13.32,13.347,13.378,13.402,13.428,13.448,13.478,13.507,13.534,13.568,13.604,13.63,13.669,13.699,13.743,13.773,13.825,13.888,13.949,14.009,14.069,14.178,14.272,14.401,14.56,15.18
1279,GRN FP,10.486,10.994,11.242,11.373,11.464,11.548,11.626,11.674,11.738,11.775,11.827,11.874,11.922,11.956,11.984,12.012,12.049,12.076,12.108,12.136,12.175,12.199,12.228,12.251,12.274,12.304,12.321,12.342,12.369,12.391,12.413,12.434,12.452,12.472,12.494,12.511,12.531,12.545,12.563,12.583,12.607,12.626,12.648,12.668,12.687,12.704,12.722,12.742,12.762,12.786,12.803,12.82,12.841,12.864,12.886,12.907,12.922,12.94,12.964,12.992,13.018,13.032,13.044,13.066,13.089,13.11,13.131,13.147,13.174,13.189,13.204,13.225,13.244,13.267,13.294,13.32,13.347,13.378,13.402,13.428,13.448,13.478,13.507,13.534,13.568,13.604,13.63,13.669,13.699,13.743,13.773,13.825,13.888,13.949,14.009,14.069,14.178,14.272,14.401,14.56,15.18
1280,GRN FP,10.548,10.996,11.167,11.322,11.427,11.504,11.58,11.631,11.703,11.759,11.799,11.848,11.882,11.925,11.956,11.988,12.018,12.041,12.072,12.09,12.118,12.137,12.162,12.187,12.211,12.239,12.26,12.288,12.312,12.332,12.353,12.374,12.395,12.415,12.433,12.459,12.48,12.498,12.522,12.548,12.567,12.584,12.604,12.621,12.641,12.658,12.676,12.698,12.714,12.728,12.75,12.766,12.783,12.802,12.826,12.849,12.868,12.885,12.914,12.931,12.946,12.966,12.984,13.007,13.024,13.043,13.063,13.08,13.097,13.121,13.138,13.16,13.188,13.208,13.228,13.252,13.276,13.296,13.319,13.344,13.367,13.391,13.416,13.446,13.468,13.498,13.528,13.578,13.614,13.648,13.684,13.732,13.789,13.84,13.902,13.975,14.05,14.143,14.288,14.596,15.196
1281,GRN FP,10.548,10.996,11.167,11.322,11.427,11.504,11.58,11.631,11.703,11.759,11.799,11.848,11.882,11.925,11.956,11.988,12.018,12.041,12.072,12.09,12.118,12.137,12.162,12.187,12.211,12.239,12.26,12.288,12.312,12.332,12.353,12.374,12.395,12.415,12.433,12.459,12.48,12.498,12.522,12.548,12.567,12.584,12.604,12.621,12.641,12.658,12.676,12.698,12.714,12.728,12.75,12.766,12.783,12.802,12.826,12.849,12.868,12.885,12.914,12.931,12.946,12.966,12.984,13.007,13.024,13.043,13.063,13.08,13.097,13.121,13.138,13.16,13.188,13.208,13.228,13.252,13.276,13.296,13.319,13.344,13.367,13.391,13.416,13.446,13.468,13.498,13.528,13.578,13.614,13.648,13.684,13.732,13.789,13.84,13.902,13.975,14.05,14.143,14.288,14.596,15.196
1282,GRN FP,10.41,11.032,11.197,11.31,11.403,11.478,11.542,11.611,11.682,11.729,11.774,11.812,11.842,11.881,11.923,11.95,11.985,12.015,12.04,12.066,12.088,12.11,12.135,12.162,12.188,12.21,12.231,12.253,12.271,12.295,12.316,12.332,12.349,12.376,12.396,12.41,12.427,12.444,12.469,12.489,12.51,12.53,12.55,12.568,12.59,12.612,12.63,12.647,12.659,12.674,12.688,12.703,12.728,12.744,12.759,12.782,12.799,12.816,12.832,12.849,12.867,12.89,12.912,12.933,12.947,12.967,12.985,13.005,13.02,13.038,13.059,13.082,13.108,13.134,13.155,13.186,13.209,13.234,13.257,13.282,13.308,13.333,13.366,13.394,13.417,13.449,13.48,13.512,13.554,13.585,13.617,13.658,13.7,13.748,13.824,13.898,13.994,14.121,14.269,14.503,15.07
1283,GRN FP,10.41,11.032,11.197,11.31,11.403,11.478,11.542,11.611,11.682,11.729,11.774,11.812,11.842,11.881,11.923,11.95,11.985,12.015,12.04,12.066,12.088,12.11,12.135,12.162,12.188,12.21,12.231,12.253,12.271,12.295,12.316,12.332,12.349,12.376,12.396,12.41,12.427,12.444,12.469,12.489,12.51,12.53,12.55,12.568,12.59,12.612,12.63,12.647,12.659,12.674,12.688,12.703,12.728,12.744,12.759,12.782,12.799,12.816,12.832,12.849,12.867,12.89,12.912,12.933,12.947,12.967,12.985,13.005,13.02,13.038,13.059,13.082,13.108,13.134,13.155,13.186,13.209,13.234,13.257,13.282,13.308,13.333,13.366,13.394,13.417,13.449,13.48,13.512,13.554,13.585,13.617,13.658,13.7,13.748,13.824,13.898,13.994,14.121,14.269,14.503,15.07
1284,GRN FP,10.295,10.968,11.169,11.298,11.374,11.452,11.52,11.58,11.631,11.682,11.719,11.755,11.785,11.82,11.862,11.89,11.921,11.952,11.975,12.002,12.036,12.057,12.088,12.109,12.138,12.162,12.183,12.209,12.232,12.257,12.282,12.301,12.319,12.342,12.363,12.381,12.403,12.424,12.443,12.466,12.486,12.505,12.52,12.539,12.559,12.575,12.593,12.613,12.63,12.647,12.665,12.684,12.702,12.714,12.733,12.755,12.772,12.787,12.805,12.821,12.84,12.858,12.876,12.893,12.91,12.93,12.951,12.971,12.991,13.015,13.032,13.053,13.075,13.103,13.121,13.141,13.169,13.199,13.221,13.243,13.264,13.289,13.316,13.344,13.371,13.402,13.432,13.469,13.506,13.551,13.582,13.619,13.664,13.744,13.813,13.891,13.973,14.088,14.202,14.429,15.069
1285,GRN FP,10.295,10.968,11.169,11.298,11.374,11.452,11.52,11.58,11.631,11.682,11.719,11.755,11.785,11.82,11.862,11.89,11.921,11.952,11.975,12.002,12.036,12.057,12.088,12.109,12.138,12.162,12.183,12.209,12.232,12.257,12.282,12.301,12.319,12.342,12.363,12.381,12.403,12.424,12.443,12.466,12.486,12.505,12.52,12.539,12.559,12.575,12.593,12.613,12.63,12.647,12.665,12.684,12.702,12.714,12.733,12.755,12.772,12.787,12.805,12.821,12.84,12.858,12.876,12.893,12.91,12.93,12.951,12.971,12.991,13.015,13.032,13.053,13.075,13.103,13.121,13.141,13.169,13.199,13.221,13.243,13.264,13.289,13.316,13.344,13.371,13.402,13.432,13.469,13.506,13.551,13.582,13.619,13.664,13.744,13.813,13.891,13.973,14.088,14.202,14.429,15.069
1286,GRN FP,10.234,10.822,11.087,11.241,11.34,11.409,11.471,11.526,11.583,11.624,11.675,11.728,11.765,11.789,11.826,11.865,11.896,11.924,11.946,11.978,12.019,12.048,12.075,12.1,12.128,12.154,12.175,12.2,12.222,12.246,12.269,12.291,12.312,12.337,12.359,12.377,12.397,12.418,12.442,12.462,12.478,12.494,12.512,12.53,12.546,12.564,12.583,12.605,12.626,12.646,12.667,12.69,12.713,12.73,12.748,12.764,12.778,12.797,12.814,12.832,12.85,12.868,12.885,12.901,12.92,12.94,12.961,12.983,12.998,13.022,13.048,13.072,13.093,13.121,13.144,13.173,13.2,13.226,13.248,13.275,13.302,13.331,13.364,13.397,13.436,13.461,13.498,13.527,13.571,13.613,13.654,13.692,13.75,13.809,13.862,13.925,14.02,14.102,14.211,14.431,15.361
1287,GRN FP,10.234,10.822,11.087,11.241,11.34,11.409,11.471,11.526,11.583,11.624,11.675,11.728,11.765,11.789,11.826,11.865,11.896,11.924,11.946,11.978,12.019,12.048,12.075,12.1,12.128,12.154,12.175,12.2,12.222,12.246,12.269,12.291,12.312,12.337,12.359,12.377,12.397,12.418,12.442,12.462,12.478,12.494,12.512,12.53,12.546,12.564,12.583,12.605,12.626,12.646,12.667,12.69,12.713,12.73,12.748,12.764,12.778,12.797,12.814,12.832,12.85,12.868,12.885,12.901,12.92,12.94,12.961,12.983,12.998,13.022,13.048,13.072,13.093,13.121,13.144,13.173,13.2,13.226,13.248,13.275,13.302,13.331,13.364,13.397,13.436,13.461,13.498,13.527,13.571,13.613,13.654,13.692,13.75,13.809,13.862,13.925,14.02,14.102,14.211,14.431,15.361
1288,GRN FP,10.267,10.825,11.0,11.132,11.218,11.316,11.397,11.467,11.53,11.576,11.624,11.668,11.711,11.746,11.794,11.828,11.866,11.905,11.93,11.959,11.987,12.016,12.038,12.07,12.098,12.126,12.146,12.174,12.194,12.224,12.248,12.272,12.296,12.322,12.338,12.361,12.383,12.406,12.428,12.447,12.469,12.493,12.511,12.529,12.552,12.572,12.589,12.608,12.627,12.647,12.664,12.688,12.708,12.727,12.743,12.761,12.781,12.806,12.827,12.847,12.868,12.889,12.91,12.925,12.945,12.969,12.987,13.012,13.037,13.059,13.079,13.1,13.119,13.138,13.159,13.18,13.204,13.231,13.262,13.285,13.316,13.349,13.394,13.42,13.456,13.486,13.514,13.551,13.588,13.627,13.681,13.736,13.786,13.862,13.924,13.98,14.053,14.179,14.307,14.49,15.468
